486.425
484.077
485.844
486.6
487.429
487.876
486.904
486.975
487.211
487.705
488.501
487.239
484.971
484.765
487.483
484.945
488.032
485.849
487.933
485.041
487.481
489.019
489.547
489.415
487.089
486.136
485.858
485.77
485.801
485.596
486.223
486.516
484.587
484.138
486.301
488.004
487.593
486.383
486.591
486.844
487.03
487.423
487.103
486.912
487.943
487.768
487.383
487.112
485.355
484.91
487.531
487.548
484.824
487.951
486.846
487.746
487.165
488.412
486.504
488.128
488.761
488.72
488.707
487.647
488.15
488.548
488.055
484.981
485.211
485.05
486.455
487.51
485.6
487.992
484.567
484.409
487.873
488.214
483.904
487.127
485.286
485.5
489.033
488.978
486.749
486.397
488.372
487.45
488.056
487.817
487.072
487.136
488.539
485.2
487.987
487.27
487.365
487.32
486.29
486.021
487.796
487.912
486.86
487.267
487.71
485.121
482.609
488.391
485.573
486.503
487.654
487.472
487.403
488.625
488.439
485.829
489.22
487.466
488.096
487.323
488.238
489.062
489.491
488.805
488.014
487.876
485.936
485.315
489.491
