0.393811363
0.719111675
0.829427033
0.932938205
1.019485529
1.128131583
1.249432549
1.351213289
1.453761720
1.555530837
1.658125744
1.761326336
1.879244128
1.985189240
2.085092405
2.193529685
2.298179246
2.388166216
2.496032982
2.616023850
2.720518573
2.823999293
2.923422682
3.029810848
3.136385781
3.238350410
3.342713564
3.446917590
3.547129338
3.648122406
3.751043393
3.853922315
3.955328531
4.056931905
4.161777074
4.265555512
4.387439812
4.489574242
4.598116884
4.702607892
4.789193274
4.907017294
5.011300058
5.117572642
5.222370413
5.326718719
5.429173673
5.538462189
5.642178673
5.743958947
5.845895328
5.952271148
6.053003979
6.159553134
6.265126041
6.369804738
6.456938852
6.575804904
6.680834520
6.784371147
6.888401424
6.988278477
7.089593870
7.193202720
7.298286195
7.401950788
7.489951033
7.607804902
7.708244316
7.811685719
7.900610958
8.007175856
8.113168727
8.216315007
8.326442888
8.430144667
8.535917583
8.621242588
8.741513615
8.846969784
8.949586965
9.039082751
9.144630634
9.243638439
9.343125872
9.448353044
9.550633685
9.654202907
9.756432871
9.861384469
9.965647856
10.068931405
10.170550091
10.274027683
10.374726576
10.476448540
10.576803538
10.678553192
10.780979235
10.886779841
10.994329736
11.098322419
11.203950822
11.291436533
11.408934562
11.513153660
11.621498305
11.712014965
11.815350053
11.920027593
12.025475710
12.128111027
12.231303061
12.335115816
12.424261954
12.544935633
12.649392455
12.750954084
12.838713752
12.943306147
13.046401823
13.160242271
13.265084084
13.369296855
13.456643952
13.560231600
13.678634680
13.786328678
13.872942734
