0.0429346
0.043019
0.0429346
0.0428501
0.0452974
0.0452974
0.0427657
0.0457053
0.0431035
0.043019
0.0457954
0.0429346
0.043019
0.0429346
0.0457053
0.0429346
0.0424422
0.0429346
0.0453867
0.0428501
0.0428501
0.0453867
0.043019
0.0429346
0.0428501
0.0429346
0.0429346
0.0427657
0.0428501
0.0429346
0.0429346
0.0428501
0.0427657
0.0428501
0.0429346
0.0457053
0.0457954
0.0456152
0.0429346
0.0427657
0.0427657
0.0429346
0.0427657
0.0428501
0.0452082
0.0428501
0.0429346
0.0429346
0.0428501
0.0427657
0.0452082
0.0457954
0.043019
0.0453867
0.0457053
0.0453867
0.0453867
0.0453867
0.043019
0.0457954
0.0452974
0.0453867
0.0457954
0.0429346
0.0429346
0.0429346
0.0429346
0.0428501
0.0428501
0.0428501
0.0429346
0.0453867
0.0428501
0.0452082
0.0429346
0.0428501
0.0457053
0.0452974
0.0427657
0.0429346
0.0427657
0.0428501
0.0452974
0.0457053
0.0428501
0.0429346
0.0452974
0.0429346
0.0428501
0.0452974
0.0429346
0.0428501
0.0429346
0.0428501
0.0428501
0.0428501
0.0457053
0.0452082
0.0428501
0.0429346
0.0429346
0.0452082
0.0452082
0.0452974
0.0453867
0.0429346
0.0429346
0.0453867
0.0429346
0.0429346
0.0429346
0.0453867
0.0429346
0.0453867
0.043019
0.043019
0.0453867
0.0453867
0.0429346
0.0455652
0.0453867
0.0453867
0.0457954
0.043019
0.0453867
0.043019
0.0429346
0.0453867
0.045476
