0.0525501
0.0526535
0.0525501
0.0524468
0.0536702
0.0536702
0.0523434
0.0536702
0.0527569
0.0526535
0.053776
0.0525501
0.0526535
0.0525501
0.0536702
0.0525501
0.054078
0.0525501
0.053776
0.0524468
0.0524468
0.053776
0.0547006
0.0545932
0.0524468
0.0525501
0.0525501
0.0523434
0.0524468
0.0525501
0.0525501
0.0524468
0.0523434
0.0524468
0.0525501
0.0536702
0.053776
0.0535644
0.0525501
0.0523434
0.0523434
0.0525501
0.0523434
0.0524468
0.0535644
0.0524468
0.0525501
0.0525501
0.0524468
0.0523434
0.0535644
0.053776
0.0526535
0.053776
0.0536702
0.053776
0.053776
0.053776
0.0526535
0.053776
0.0536702
0.053776
0.053776
0.0525501
0.0525501
0.0525501
0.0525501
0.0524468
0.0524468
0.0524468
0.0525501
0.053776
0.0524468
0.0535644
0.0525501
0.0524468
0.0536702
0.0536702
0.0523434
0.0525501
0.0523434
0.0524468
0.0536702
0.0536702
0.0524468
0.0525501
0.0536702
0.0525501
0.0544858
0.0536702
0.0525501
0.0524468
0.0525501
0.0524468
0.0524468
0.0524468
0.0536702
0.0535644
0.0524468
0.0525501
0.0525501
0.0535644
0.0535644
0.0536702
0.053776
0.0525501
0.0525501
0.053776
0.0525501
0.0525501
0.0525501
0.053776
0.0525501
0.053776
0.0526535
0.0526535
0.053776
0.053776
0.0525501
0.0539875
0.0533674
0.053776
0.053776
0.0526535
0.0533674
0.0526535
0.0525501
0.0533674
0.0538817
