506.27
506.13
506.273
506.236
506.327
506.213
506.256
506.286
506.171
506.006
506.187
506.368
506.578
506.45
506.327
506.506
506.256
506.346
506.477
506.452
506.363
506.256
505.971
506.414
506.393
506.292
506.552
506.211
506.007
506.362
506.397
505.974
505.997
506.453
505.818
506.211
506.462
506.29
506.395
506.391
506.026
506.485
506.25
506.401
506.253
506.357
506.286
506.208
506.548
506.358
506.217
506.239
506.477
505.946
506.5
506.075
506.191
506.336
506.373
506.274
506.408
506.197
506.373
506.323
506.229
506.067
506.368
506.215
506.427
506.306
506.034
506.429
506.142
506.391
506.064
506.319
506.325
506.232
506.094
506.212
506.192
506.419
506.431
506.269
506.403
506.329
506.583
506.345
506.481
506.452
506.522
506.033
506.475
506.26
506.299
506.089
505.925
506.112
506.335
505.897
506.409
506.41
506.245
506.235
506.338
506.228
506.263
506.261
506.527
506.432
506.304
506.279
506.407
506.153
