0.393811363
0.325300312
0.110315358
0.103511172
0.086547324
0.108646054
0.121300966
0.101780740
0.102548431
0.101769117
0.102594907
0.103200592
0.117917792
0.105945112
0.099903165
0.108437280
0.104649561
0.089986970
0.107866766
0.119990868
0.104494723
0.103480720
0.099423389
0.106388166
0.106574933
0.101964629
0.104363154
0.104204026
0.100211748
0.100993068
0.102920987
0.102878922
0.101406216
0.101603374
0.104845169
0.103778438
0.121884300
0.102134430
0.108542642
0.104491008
0.086585382
0.117824020
0.104282764
0.106272584
0.104797771
0.104348306
0.102454954
0.109288516
0.103716484
0.101780274
0.101936381
0.106375820
0.100732831
0.106549155
0.105572907
0.104678697
0.087134114
0.118866052
0.105029616
0.103536627
0.104030277
0.099877053
0.101315393
0.103608850
0.105083475
0.103664593
0.088000245
0.117853869
0.100439414
0.103441403
0.088925239
0.106564898
0.105992871
0.103146280
0.110127881
0.103701779
0.105772916
0.085325005
0.120271027
0.105456169
0.102617181
0.089495786
0.105547883
0.099007805
0.099487433
0.105227172
0.102280641
0.103569222
0.102229964
0.104951598
0.104263387
0.103283549
0.101618686
0.103477592
0.100698893
0.101721964
0.100354998
0.101749654
0.102426043
0.105800606
0.107549895
0.103992683
0.105628403
0.087485711
0.117498029
0.104219098
0.108344645
0.090516660
0.103335088
0.104677540
0.105448117
0.102635317
0.103192034
0.103812755
0.089146138
0.120673679
0.104456822
0.101561629
0.087759668
0.104592395
0.103095676
0.113840448
0.104841813
0.104212771
0.087347097
0.103587648
0.118403080
0.107693998
0.086614056
