101.509
153.684
102.869
163.97
54.2505
67.1132
66.7969
90.6733
79.5275
312.947
91.3115
66.1725
104.742
104.422
213.829
54.8076
103.223
42.0225
79.1118
42.4568
90.9099
176.64
469.223
78.9458
114.901
67.4225
54.6999
139.38
151.651
90.0027
66.758
114.85
41.9194
127.975
310.161
175.932
17.5417
66.8591
66.4483
79.162
65.9221
66.5883
29.4115
78.5911
77.8058
29.2725
115.965
153.464
91.5637
19.1138
7.0715
90.5613
6.46165
115.371
67.9095
116.443
102.989
66.7594
139.829
103.094
55.6998
115.871
6.23646
5.81315
41.4759
115.194
78.5756
151.782
5.86087
53.3231
128.108
79.6088
79.1533
54.7923
127.088
43.1439
66.5753
17.8147
66.0822
17.0151
129.271
103.073
91.9609
90.6362
66.3153
165.398
92.5341
90.6753
104.127
54.9759
95.6685
127.42
42.894
42.9976
17.582
103.976
67.502
91.318
55.9548
278.858
54.6044
56.3883
55.8526
54.4654
55.6004
79.8579
17.8877
78.9307
91.656
116.328
127.818
115.439
5.23602
102.683
