762.337
762.614
762.925
762.702
761.454
762.257
762.105
762.588
762.463
762.691
761.953
761.959
762.357
762.456
762.614
762.312
762.586
762.583
762.232
762.628
762.55
762.135
761.886
762.642
762.777
762.039
761.958
762.108
762.481
763.43
762.652
762.228
762.628
763.091
762.598
762.575
762.793
762.686
762.257
762.3
762.84
763.24
762.66
763.466
762.448
762.651
762.448
762.977
762.635
762.116
762.601
762.213
763.267
762.952
763.122
762.713
762.936
762.558
762.362
762.847
762.843
762.368
762.929
763.324
763.213
762.872
762.927
761.919
762.356
762.592
762.426
762.008
762.263
762.201
763.028
762.562
762.301
762.525
762.108
762.766
762.39
762.642
762.899
762.644
761.789
762.765
762.616
762.941
762.339
762.467
762.717
762.645
762.528
762.573
762.602
762.714
762.631
762.886
762.231
762.884
762.722
762.983
762.631
762.239
762.919
762.739
761.925
762.734
762.641
762.046
762.982
763.227
763.294
762.968
762.653
762.791
762.323
762.265
762.144
763.367
762.482
763.044
763
762.327
762.496
762.942
762.711
762.417
763.106
762.591
763.627
763.223
762.733
762.262
763.196
762.558
763.609
762.587
763.359
762.903
762.391
763.139
763.013
763.061
762.695
762.807
762.485
763.141
762.41
762.958
762.561
763.249
762.797
762.608
762.572
761.978
762.763
763.3
762.549
763.169
763.092
763.122
762.605
762.695
762.965
763.054
762.382
762.357
762.28
763.147
762.662
762.641
762.496
762.408
763.595
763.013
762.994
763.186
762.815
763.47
762.542
763.461
763.186
763.509
763.095
762.813
762.812
763.247
763.107
762.2
762.164
762.496
762.609
763.18
762.913
762.895
762.418
762.703
762.751
762.095
762.276
762.862
762.561
762.592
762.514
762.911
763.141
762.95
762.64
762.124
762.763
762.856
762.696
762.388
762.764
762.933
762.348
763.356
761.903
762.329
763.5
762.437
762.366
763.164
762.586
763.016
763.251
762.86
762.743
762.557
763.287
762.929
763.56
763.23
762.475
761.629
762.759
762.889
763.39
763.921
762.459
763.236
762.395
762.439
763.599
762.823
762.418
762.266
762.941
763.19
762.726
762.839
762.572
763.244
762.763
762.339
763.235
763.125
762.784
762.917
763.091
763.502
762.748
762.403
762.819
763.898
763.694
762.937
762.916
763.143
763.515
763.182
763.409
763.103
763.091
763.117
762.33
762.741
762.028
762.799
762.984
763.645
763.412
763.417
763.253
763.381
762.976
