202.334
13.4225
14.7849
15.4774
13.9191
13.1555
15.9795
14.1188
16.8205
17.5172
16.5756
14.5025
82.9051
12.3705
12.7784
12.5048
13.6701
13.7223
13.3486
16.4527
13.1071
11.5601
13.005
13.0507
18.339
75.4967
16.9902
16.1541
19.0485
14.1036
17.5905
77.3678
74.6807
16.575
14.8699
13.9424
203.717
11.6878
11.9722
141.73
20.4274
12.2586
14.0417
15.9524
143.79
16.0243
17.5389
17.4675
15.3824
15.5124
14.2685
16.036
16.6892
15.4602
13.217
12.3881
17.7537
20.7096
16.7696
13.6819
18.7161
13.9451
18.1634
13.3678
16.483
13.8165
12.6596
634.844
15.0456
16.526
14.6659
15.2002
17.7751
16.2052
14.6664
18.4331
16.2554
15.3379
75.0684
14.3237
14.5813
18.2088
15.0714
14.7879
77.5761
21.7921
16.5507
76.8575
16.8622
16.7227
15.6145
15.4489
12.1441
15.5957
17.9312
77.3264
12.6094
13.9479
16.1581
17.5217
16.5704
13.7612
76.0507
16.2075
16.7266
16.0108
81.2355
12.2855
12.4599
17.7612
12.0053
15.8972
21.0099
18.8191
14.592
14.9252
17.1019
12.9307
12.4084
82.0577
13.2815
76.6239
75.7573
75.2037
15.9025
16.5264
15.6116
14.2914
11.994
16.1743
14.9556
14.228
15.9021
80.0276
12.4976
76.8177
14.9036
17.534
25.5162
18.8047
13.4585
16.1344
14.9617
16.4849
14.9226
142.849
14.8407
18.0471
75.7137
78.0578
13.9743
19.1145
16.7832
18.4979
16.7119
576.424
17.1488
19.5176
16.2968
17.1586
17.1878
20.8912
10.8797
15.9204
16.1749
15.5971
15.8925
20.0959
15.4093
18.2099
14.6462
141.265
16.4988
14.123
18.8316
16.6151
17.5611
14.7768
13.8482
13.5338
81.2173
74.6007
14.8383
13.8467
75.5767
14.1931
16.5181
14.4359
16.0032
18.6071
12.9677
78.4256
14.8906
14.3834
14.2364
15.8343
15.1042
14.179
79.7494
15.7971
15.9541
17.4165
16.6914
17.328
16.3378
20.0357
17.2671
20.8544
78.2974
14.6026
14.4402
17.3684
75.5046
16.3109
13.1676
17.5743
16.2441
16.027
79.7745
16.725
78.5346
16.126
18.4744
18.6547
18.7986
81.4973
16.1691
14.6798
13.0708
14.3405
18.075
18.3627
15.5664
76.4564
449.995
1015.74
17.9187
13.4055
77.2194
16.1038
13.1186
20.5865
77.906
15.8197
17.2176
17.0874
78.8758
12.5955
16.7533
17.3851
14.2884
12.4019
78.167
17.3538
16.25
12.3496
17.1555
15.0481
14.7471
12.2192
19.4408
17.4609
14.3522
15.4579
17.7812
79.8912
17.0558
15.8666
18.0077
16.2429
18.3649
12.9882
14.9227
16.0664
16.6758
17.9841
14.6085
14.0311
15.3519
16.3476
14.2379
17.3962
14.4413
15.1946
16.7557
15.6924
18.2345
