0.0296557
0.0297129
0.0297701
0.0298559
0.0296557
0.0295698
0.0297129
0.0295698
0.0297987
0.0297129
0.0297701
0.029484
0.0298559
0.0297129
0.0296557
0.0296557
0.0296271
0.0295412
0.0296271
0.0297129
0.0297129
0.0297129
0.0297701
0.0297987
0.0297701
0.0297701
0.0297987
0.0297701
0.0297129
0.0296557
0.0297701
0.0296271
0.0296271
0.0297129
0.0297129
0.0296557
0.0298559
0.0298845
0.0295698
0.0297701
0.0297129
0.0296271
0.0298845
0.0297987
0.0296557
0.0296271
0.0297129
0.0298845
0.0297987
0.0297701
0.0297129
0.0297987
0.0297701
0.0295698
0.0299417
0.028911
0.0297129
0.0297987
0.029484
0.0297701
0.0297987
0.0297987
0.0296557
0.0297701
0.0296557
0.0297701
0.0297129
0.0297701
0.0295412
0.0297129
0.0297701
0.0295698
0.0296557
0.0295698
0.0297701
0.0288554
0.0297129
0.0295698
0.0297129
0.0297129
0.0295698
0.0298845
0.0297129
0.0298559
0.0297129
0.0296557
0.0295698
0.0297701
0.0298845
0.0297701
0.0297987
0.0298559
0.0297129
0.0298559
0.0298559
0.0298559
0.0295698
0.0297701
0.0297129
0.0297701
0.0295412
0.0296271
0.0296557
0.0297129
0.0298559
0.0297129
0.0297987
