32.9215
31.2591
33.4124
28.8229
24.635
32.5276
23.5071
1172.82
33.1026
31.5741
29.5689
25.456
30.0496
26.7109
32.1434
24.0415
30.3815
20.7262
32.4071
29.9708
31.1022
31.3421
33.0479
26.7075
33.67
33.088
47.1889
34.8102
227.476
30.7018
28.6898
25.0084
26.0971
34.713
34.0019
224.673
37.9676
31.8561
29.2457
26.5826
25.5994
604.703
30.9993
26.9291
26.335
36.7585
31.7351
24.2025
28.4794
32.9438
27.8815
27.8376
24.0236
34.5078
31.6875
33.0316
39.6618
35.3298
24.0692
30.2899
34.9227
25.7372
30.3238
24.2311
36.1583
36.0646
32.9879
35.7419
33.1524
29.3704
31.4009
30.1468
26.3531
28.0562
24.118
29.6537
32.936
34.1811
601.927
28.1163
28.5763
34.5407
26.6568
33.2483
36.5678
28.5433
27.8082
31.5035
30.5014
22.9717
26.6064
27.9864
24.6286
28.5338
40.752
32.2176
27.5136
26.9659
25.0502
414.606
30.4871
24.292
24.7689
30.3815
32.7842
30.9726
26.8816
31.1741
33.4264
27.3939
30.3523
31.3342
34.6965
224.989
31.0216
33.088
32.4962
27.5682
34.8819
38.1118
38.9824
31.6065
29.3082
38.8595
32.0852
1946.48
40.5502
32.4365
26.9096
23.8432
27.6178
26.1804
30.332
29.2858
35.2063
226.268
27.9417
34.0724
30.667
27.817
26.7902
39.9
28.8941
33.6997
29.7824
32.9706
34.6914
34.8212
222.667
28.3959
30.6441
32.0437
31.1832
