0.341277096
0.662643999
0.756764649
0.846380809
0.937296424
1.044606832
1.131649932
1.234794288
1.344480020
1.447209810
1.535945388
1.640015241
1.748543095
1.836532642
1.940846004
2.044423810
2.160740840
2.252099780
2.343574996
2.435125696
2.539619279
2.644281877
2.749308979
2.836736204
2.939805379
3.044830901
3.147249989
3.234256024
3.336945872
3.439841418
3.545276890
3.635797963
3.739877932
3.847193204
3.934162152
4.038351680
4.142869684
4.249651240
4.338756560
4.445289123
4.532472812
4.636530277
4.745609363
4.851074331
4.942575724
5.050276231
5.133307177
5.237511622
5.346088743
5.434983732
5.557050036
5.661438156
5.770444978
5.880143786
5.970749315
6.078402482
6.195727304
6.299635159
6.401682163
6.506499617
6.612847837
6.698217040
6.820626098
6.927632393
7.036786105
7.125007150
7.228146260
7.329373848
7.446262060
7.534366307
7.637121262
7.741688085
7.859141683
7.949819385
8.048755906
8.151374685
8.258794816
8.363484786
8.468214531
8.573366681
8.675908825
8.825439757
8.976810989
9.098864272
9.223463131
9.376259359
9.502056330
9.619668022
9.769095792
9.893092402
10.018115325
10.149118841
10.268999445
10.401997665
10.493126805
10.580608368
10.666209333
10.786858235
10.901686222
11.007725478
11.092770812
11.201628923
11.309340947
11.431932160
11.518135995
11.606800968
11.724672426
