1015.63
1016.39
1016.28
1015.91
1016.5
1015.5
1018.94
1015.37
1016.29
1016.44
1016.73
1018.3
1016.75
1016.23
1016.45
1017.14
1018.2
1016.42
1017.08
1016.58
1017.14
1016.22
1015.81
1017.81
1016.72
1016.44
1015.45
1016.08
1015.02
1017.86
1016.73
1016.82
1016.91
1016.15
1016.66
1016.94
1016.67
1016.18
1016.34
1016.66
1017.21
1017.38
1016.62
1017.28
1018.18
1016.28
1017.6
1017.53
1017.82
1016.93
1017.17
1017.46
1017.7
1016.87
1017.88
1015.89
1016.43
1016.23
1016.38
1016.69
1015.53
1015.95
1015.51
1016.21
1016.53
1016.11
1016.57
1015.65
1016.55
1015.26
1016.33
1016.04
1015.76
1015.39
1015.89
1015.92
1016.02
1016.76
1016.37
1017.19
1017.45
1017.6
1017.84
1016.77
1016.5
1017.25
1016.68
1016
1016.01
1016.42
1016.23
1015.99
1016.14
1015.78
1017.17
1016.9
1017.53
1017.85
1017.52
1016.13
1017.65
1017.42
1017.52
1016.38
1016.88
1017.18
1016.17
1017.31
1017.5
1017.25
1017.11
1016.49
1016.54
1016.58
1016.44
1016.89
1016.43
1016.09
1015.11
1015.43
1015.81
1016.79
1016.12
1016.4
1016.64
1015.31
1015.88
1016.95
1016.37
1017.98
1016.35
1015.3
1016.92
1017.31
1015.64
1016.93
1016.47
1016.16
1016.32
1016.03
1017.31
1016.47
1017.82
1017.8
1016.81
1016.98
1017.12
1017.19
1017.42
1017.78
1016.85
1017.19
1016.34
