0.0813038
0.0814607
0.0816176
0.0818528
0.0813038
0.0810685
0.0814607
0.0810685
0.081696
0.0814607
0.0816176
0.0808331
0.0818528
0.0814607
0.0813038
0.0813038
0.0812254
0.08099
0.0812254
0.0814607
0.0814607
0.0814607
0.0816176
0.081696
0.0816176
0.0816176
0.081696
0.0816176
0.080659
0.0813038
0.0816176
0.0812254
0.0812254
0.0814607
0.0814607
0.0813038
0.0818528
0.0819312
0.0810685
0.0816176
0.0814607
0.0812254
0.0811248
0.081696
0.0813038
0.080426
0.0814607
0.0811248
0.081696
0.0816176
0.0814607
0.081696
0.0816176
0.0810685
0.082088
0.080659
0.0814607
0.081696
0.0800375
0.0816176
0.081696
0.081696
0.0813038
0.0816176
0.0813038
0.0816176
0.0814607
0.0816176
0.08099
0.0814607
0.0816176
0.0810685
0.0813038
0.0810685
0.0816176
0.0805037
0.0814607
0.0810685
0.0814607
0.0814607
0.0810685
0.0819312
0.0814607
0.0818528
0.0814607
0.0813038
0.0810685
0.0816176
0.0819312
0.0816176
0.0808919
0.0818528
0.0814607
0.0818528
0.0818528
0.0818528
0.0810685
0.0816176
0.0814607
0.0808143
0.08099
0.080426
0.0813038
0.0814607
0.0818528
0.0814607
0.081696
