991.753
990.966
992.33
990.203
989.812
990.285
992.592
992.125
992.111
991.979
992.372
991.041
990.887
990.313
991.014
990.394
992.019
991.227
991.058
990.379
991.39
992.595
993.237
991.61
990.904
992.582
991.381
992.953
992.821
991.221
991.999
993.073
992.129
992.587
991.273
992.072
991.72
993.167
991.051
991.531
991.791
990.723
992.759
991.935
990.513
990.883
991.438
992.096
991.383
990.896
991.527
992.734
992.045
991.925
992.056
990.864
989.414
990.734
991.152
992.208
993.525
992.127
989.809
992.849
991.753
990.999
991.776
990.373
990.921
991.756
992.344
990.982
990.725
990.497
992.168
991.875
992.524
991.186
992.824
992.128
991.372
991.85
990.895
990.537
991.128
991.343
990.786
992.625
991.98
993.247
992.9
992.226
992.714
992.652
992.566
992.478
990.948
993.371
992.439
992.231
991.316
991.784
990.299
991.2
991.49
992.474
992.563
