0.341277096
0.321366903
0.094120650
0.089616160
0.090915615
0.107310408
0.087043100
0.103144356
0.109685732
0.102729790
0.088735578
0.104069853
0.108527854
0.087989547
0.104313362
0.103577806
0.116317030
0.091358940
0.091475216
0.091550700
0.104493583
0.104662598
0.105027102
0.087427225
0.103069175
0.105025522
0.102419088
0.087006035
0.102689848
0.102895546
0.105435472
0.090521073
0.104079969
0.107315272
0.086968948
0.104189528
0.104518004
0.106781556
0.089105320
0.106532563
0.087183689
0.104057465
0.109079086
0.105464968
0.091501393
0.107700507
0.083030946
0.104204445
0.108577121
0.088894989
0.122066304
0.104388120
0.109006822
0.109698808
0.090605529
0.107653167
0.117324822
0.103907855
0.102047004
0.104817454
0.106348220
0.085369203
0.122409058
0.107006295
0.109153712
0.088221045
0.103139110
0.101227588
0.116888212
0.088104247
0.102754955
0.104566823
0.117453598
0.090677702
0.098936521
0.102618779
0.107420131
0.104689970
0.104729745
0.105152150
0.102542144
0.149530932
0.151371232
0.122053283
0.124598859
0.152796228
0.125796971
0.117611692
0.149427770
0.123996610
0.125022923
0.131003516
0.119880604
0.132998220
0.091129140
0.087481563
0.085600965
0.120648902
0.114827987
0.106039256
0.085045334
0.108858111
0.107712024
0.122591213
0.086203835
0.088664973
0.117871458
