79.0256
104.052
75.3933
59.3128
99.5589
77.5416
66.906
77.2303
65.5981
75.7099
91.3639
65.5671
73.557
78.2731
57.3182
93.4022
59.1918
75.1698
93.2384
90.0554
76.3236
66.6257
85.3796
63.5202
88.3629
56.6503
115.826
83.1215
83.8683
77.7571
127.819
62.0492
74.9921
82.0517
70.1602
54.231
83.8998
72.1548
69.2602
81.0013
82.594
82.8141
55.8306
74.268
76.9328
65.6604
68.2071
72.6494
40.6238
72.5117
71.0588
67.3811
63.036
82.6405
53.9118
73.6767
72.0405
77.0819
88.145
94.8522
71.7102
65.3988
85.6543
60.2913
71.6355
84.8562
91.3502
61.1639
64.6519
76.4815
47.1044
56.6069
79.7754
52.4206
54.0308
57.1445
81.9798
66.0275
71.5593
72.03
91.2467
76.7655
80.6611
67.3394
67.9963
90.1289
54.4154
92.7934
71.4628
51.2459
85.7406
78.2649
50.1478
75.1212
68.1342
80.6854
63.0149
69.8207
90.0763
68.5852
60.3853
95.4426
101.193
56.8288
66.3828
59.8956
71.9636
72.0668
56.8193
66.5057
1998.79
77.5593
50.14
79.9771
52.92
61.3003
63.1032
61.2385
67.6298
88.4334
67.6547
68.3576
59.5264
77.7491
69.9949
59.019
80.9125
73.3575
64.0954
64.224
65.6795
68.0122
64.1169
60.4587
53.8115
81.8605
54.0622
74.119
63.1137
63.4454
65.5454
82.0285
72.5658
62.7228
73.4829
81.9094
60.2417
66.3244
66.1562
73.1119
75.5972
67.8557
107.995
89.9286
73.0978
81.5441
82.0663
71.6586
66.3635
88.5185
94.2729
82.8095
80.1305
59.2628
68.6744
79.7501
73.9985
62.8658
98.9823
39.9087
95.2768
50.748
83.3155
61.929
54.4019
52.5731
80.6154
73.2265
56.4217
66.2758
80.7562
54.3185
60.5233
59.6634
59.4035
89.1052
83.5627
103.064
62.8058
88.5932
75.3225
93.3385
64.9177
55.2265
70.1479
82.4676
67.5448
120.597
64.6705
102.369
73.1876
75.8392
61.659
65.9548
70.3481
77.3788
70.2724
87.4763
54.4705
61.7589
79.8784
70.1782
54.429
64.6466
65.3731
56.8856
62.1721
54.9561
81.3052
68.3316
72.8498
77.2621
51.5343
90.8854
71.3543
74.1074
48.9871
99.5736
59.4719
83.3109
82.4307
62.6768
69.0469
75.1693
127.931
53.0201
72.0022
55.4713
65.9868
62.1337
62.8678
71.824
46.9427
78.6046
80.5986
103.521
94.2274
57.0148
60.6325
64.1154
79.9137
80.2285
99.4316
60.3853
55.8029
90.0064
69.7254
76.9309
79.0993
97.8262
68.1269
66.7461
62.1664
89.1637
96.7109
78.6726
103.523
50.4286
67.1823
58.8492
76.4025
59.997
67.5507
87.1238
72.6536
73.5882
64.0677
56.1904
65.9665
103.186
92.3179
63.4872
82.1035
75.8293
67.92
49.9364
53.3975
75.903
66.5431
69.8284
71.9126
62.6855
82.0906
79.063
60.0996
87.3904
66.4319
73.6376
68.2366
57.1578
84.9484
73.544
74.3689
84.3233
91.6235
81.3491
80.9545
70.1278
76.9684
88.7277
66.3624
105.104
89.0015
84.6398
75.1447
73.5645
82.5661
97.3744
88.8081
105.379
46.8806
50.3063
56.2967
92.745
100.61
63.2585
88.1969
38.5061
60.0614
66.0292
68.2067
88.284
68.0736
71.2653
