1285.83
1285.39
1284.76
1284
1285.82
1284.52
1284.9
1285.87
1284.55
1283.6
1282.75
1283.16
1284.09
1283.68
1283.82
1285.48
1284.72
1284.26
1286.09
1285.12
1283.69
1284.61
1285.39
1283.32
1285.62
1282.97
1287.09
1285.41
1284.25
1283.2
1286.4
1284.72
1286.59
1285.19
1283.05
1283.92
1287.42
1284.29
1285.31
1283.74
1286.01
1284.63
1284.53
1285.2
1284.78
1284.34
1282.27
1285.33
1284.47
1285.68
1282.49
1284.94
1283.27
1285.18
1284.16
1284.57
1284.76
1284.49
1284.85
1284.8
1284.55
1284.39
1285.89
1285.39
1285.72
1285.11
1285.04
1282.45
1285.61
1283.98
1286.22
1285.08
1286.06
1284.7
1285.25
1284.77
1284.25
1284.88
1283.94
1283.55
1285.21
1283.84
1284.43
1283.73
1284.18
1285.76
1284.24
1286.71
1287.62
1283.03
1284.81
1284.93
1282.96
1283.52
1284.51
1284.37
1284.41
1284.49
1284.52
1283.13
1283.58
1284.99
1283.17
1284.35
1284.49
1284.68
1284.1
1286.1
1284.22
1283.48
1283.55
1282.83
1284.53
1285.99
1283.52
1284.13
1284.31
1284.86
1284.24
1284.31
1285.54
1284.89
1284.18
1283.55
1282.52
1283
1284.93
1284.47
1284.7
1286.17
1285.6
1283.69
1284.45
1285.71
1284.39
1283.44
1284.3
1283.66
1284.88
1284.15
1283.47
1283.06
1283.3
1282.6
1282.63
1284.52
1283.3
1282.27
1281.59
1282.62
1282.56
1282.58
1285.07
1283.34
1285.02
1282.52
1284.12
1283.85
1283.89
1282.97
1281.63
1284.28
1284.79
1281.55
1283.84
1285.47
1284.14
1284.16
1285.39
1283.96
1283.49
1284.24
1284.71
1281.73
1284.37
1284.62
1282.35
1283.33
1284.25
1285.13
1284.47
1284.24
1282.29
1283.29
1281.62
1284.53
1284.31
1282.63
1284.55
1285.05
1283.3
1284.37
1283.6
1283.25
1284.25
1284.21
1284.24
1283.99
1284.9
1283.22
1282.66
1283.85
1284.69
1283.95
1283.81
1284.52
1283.83
1283.31
1282.1
1283.38
1284.83
1283.9
1284.11
1284.06
1283.1
1284.75
1284.1
1283.56
1284.4
1283.04
1284.98
1284.52
1284.35
1285.57
1283.97
1282.55
1285.05
1282.38
1283.63
1284.5
1283.61
1284.86
1286.04
1284.24
1287.16
1284.16
1282.63
1282.83
1283.75
1284.4
1283.33
1283.36
1284.05
1284.5
1285.75
1284.29
1283.48
1283.82
1284.01
1286.16
1285.26
1284.21
1284.79
1284.22
1283.94
1284.32
1283.16
1284.9
1284.12
1285.91
1283.95
1284.66
1283.9
1285.14
1282.01
1283.98
1287.19
1283.74
1284.75
1284.02
1283.65
1283.64
1286.96
1285.6
1284.86
1284.31
1283.74
1284.35
1283.14
1283.07
1282.91
1284.29
1282.47
1284.62
1284.2
1284.21
1283.27
1283.26
1282.91
1283.21
1284.33
1284.84
1284.28
1282.57
1283.68
1284.82
1282.28
1283.62
1283.48
1283.5
1283.7
1284.86
1285.62
1285.78
1285.16
1283.39
1283.48
1283.81
1284.38
1284.44
1282.8
1284.67
1284.99
1283.02
1283.24
1284.94
1284.87
1284.17
1286.08
1284.05
1284.35
1283.99
1285.44
1284.39
1284.84
1283.23
1285.6
1285.97
1284.76
1282.69
1284.19
1285.59
1284.46
1283.4
