0.332009236
0.640409993
0.870447143
0.905545004
1.001284377
1.108492255
1.265241324
1.392836634
1.515319920
1.648634033
1.770306963
1.907541559
1.994196362
2.083667833
2.198312355
2.323189983
2.412361185
2.494244158
2.597087925
2.720899889
2.828845760
2.919135046
3.006591120
3.131498028
3.236306523
3.341686792
3.433750174
3.539090907
3.642305122
3.749204248
3.836716621
3.961018412
4.062928050
4.171118174
4.258970471
4.365984121
4.470653651
4.580541588
4.670801876
4.777671945
4.885243217
4.992094804
5.082331263
5.189023032
5.295510234
5.401508545
5.508626718
5.599963232
5.710326628
5.801898972
5.926574122
6.015139188
6.118631511
6.207167247
6.332307420
6.437460313
6.543809626
6.628551930
6.735188797
6.839923058
6.964983397
7.051990976
7.136429069
7.241522579
7.350446149
7.453004750
7.541509430
7.648854634
7.757907463
7.863302168
7.967407216
8.072995932
8.180289156
8.267815037
8.374236861
8.479860966
8.588897986
8.673043191
8.781620650
8.886602436
8.989868584
9.081527006
9.188267465
9.296387095
9.399042307
9.503651983
9.605807455
9.710405060
9.797121972
9.907235461
10.012316304
10.120330804
10.208860343
10.314606351
10.417019420
10.529807227
10.630069004
10.740769080
10.848135256
10.935244521
11.044565716
11.151187789
11.256039500
11.344028984
11.448431704
11.557099768
11.668593756
11.773382083
11.874964323
11.979101165
