0.0157504
0.0156347
0.0155672
0.0156058
0.0157118
0.0156058
0.0157504
0.0157889
0.0157889
0.0156733
0.0158947
0.0158563
0.0158178
0.0158178
0.0155672
0.0156347
0.0156347
0.0156347
0.0157504
0.0156733
0.0157118
0.0158563
0.0156733
0.0157889
0.0157504
0.0157504
0.0158178
0.0157889
0.0158178
0.0158563
0.0157118
0.0158178
0.0157118
0.0158563
0.0157889
0.0158178
0.0157504
0.0158178
0.0157118
0.0157504
0.0158563
0.0157889
0.0156733
0.0158178
0.0157118
0.0157504
0.0156347
0.0156733
0.0158563
0.0156347
0.0157504
0.0156058
0.0157504
0.0156347
0.0156347
0.0157504
0.0156733
0.0157504
0.0156347
0.0157504
0.0156058
0.0157118
0.0156347
0.0156347
0.0157889
0.0158178
0.0157504
0.0155672
0.0156733
0.0156058
0.0155286
0.0157118
0.0157118
0.0157118
0.0157118
0.0155286
0.0157118
0.0156058
0.0156733
0.0156347
0.0155286
0.0155672
0.0157118
0.0156058
0.0156058
0.0157889
0.0156733
0.0157504
0.0156733
0.0157889
0.0157504
0.0156733
0.0158178
0.0157889
0.0157118
0.0158178
0.0157889
0.0157504
0.0157118
0.0157504
0.0156733
0.0157504
0.0157118
0.0157118
0.0156347
0.0157504
0.0156347
0.0157118
0.0157504
0.0157118
