1510.18
1502.67
1502.56
1497.26
1506.84
1498.45
1499.05
1498.82
1503.53
1501.51
1501.44
1510.75
1508.39
1506.98
1502.73
1501.42
1504.16
1499.1
1500.45
1501.42
1505.37
1504.08
1503.82
1504.22
1504.5
1500.59
1499.1
1500.83
1505.26
1510.96
1503.39
1504.62
1501.69
1499.28
1504.49
1505.47
1502.72
1502.88
1504.92
1503.12
1507.18
1506.54
1501.94
1505.85
1503.1
1501.54
1503.64
1497.2
1506.98
1498.08
1503.43
1501.17
1498.39
1504.16
1498
1502.89
1500.16
1502.24
1501.02
1505.66
1501.4
1504.7
1504.22
1492.53
1502.61
1502.96
1501.45
1499.86
1507.55
1502.33
1500.47
1504.55
1503.22
1502.29
1503.61
1498.86
1503.09
1501.98
1503.28
1505.41
1495.68
1495.56
1502.81
1504.12
1502.85
1502.79
1502.44
1507.14
1507.89
1503.65
1500.22
1502.44
1503.68
1507.12
1505.27
1504.36
1506.52
1505.11
1503.28
1505.61
1505.29
1506.21
1505.43
1502.49
1499.68
1503.32
1502.69
1507.25
1506.56
1505.04
