1562.13
1560.77
1561.75
1563.03
1558.63
1559.95
1559.16
1561.83
1556.2
1559.93
1560.96
1557.89
1560.99
1563.62
1559.5
1561.69
1561.14
1559.39
1561.67
1562.72
1560.52
1559.75
1561.14
1561.21
1561.47
1563.57
1562.96
1563.18
1559.42
1562.4
1559.47
1563.49
1564.51
1555.85
1557.2
1557
1561.19
1562.79
1564.46
1563.34
1564.79
1555.41
1563.9
1561.48
1562.55
1561.75
1560.92
1564.26
1563.72
1561.18
1565.77
1562.4
1560.5
1563.73
1562.64
1558.61
1560.94
1560.18
1562.46
1561.64
1563.48
1561.96
1565.1
1564.21
1563.49
1560.95
1553.39
1559.09
1560.51
1561.36
1557.31
1559.61
1563.21
1555.77
1558.95
1562.53
1561.1
1561.69
1561.79
1558.35
1560.08
1559.94
1559.56
1562.03
1559.45
1561.56
1558.59
1562.18
1560.54
1561.71
1557.39
1560.75
1559.2
1562.46
1555
1552.64
1560.92
1563.96
1563.49
1562
1560.65
1564.21
1560.36
1552.12
1563.3
1562.5
1564.17
1562.56
1564.37
1560.74
1560.08
1564.02
1561.78
1562.42
1561.37
1562.53
1560.64
1559.36
1562.22
1561.54
1557.97
1562.96
1556.35
1563.84
1561.56
1562.4
1561.95
1559.51
1562.85
1565.42
1558.3
1562.74
1562.72
1560.19
1560.92
1560.8
1559.38
1561.77
1560.61
1559.39
1560.44
1561.39
1558.42
1563.01
1558.9
1561.67
1559.95
1560.3
1560.91
1557.39
1555.51
1561.69
1562.77
1560.05
1562.4
1559.64
1561.45
1563.09
1567.58
1563.63
1556.36
1561.81
1561.72
1559.19
1561.82
1564.2
1564.64
1560.26
1559.97
1562.85
1563.42
1563.2
1561.54
1560.93
1560.87
1560.74
1561.64
1564.49
1559.66
1559.19
1562.25
1561.76
1558.43
1561.8
1559.99
1565.22
1563.3
1559.91
1560.75
1556.16
1562.89
1558.51
1555.38
1562.81
1563.2
1560.29
1559.36
1564.45
1561.5
1561.26
1564.15
1563.98
1560.62
1560.79
1559.14
1560.6
1563.65
1559.22
1564
1563.46
1561.08
1565.9
1561.19
1563.25
1558.79
1560
1558.38
1560.06
1561.66
1558.97
1559.61
1561.53
1560.48
1558.98
1562.23
1560.55
1561.3
1560.43
1561.5
1560.3
1559.34
1562.26
1562.66
1564.68
1559.08
1559.02
1562.82
1563.9
1563.36
1558.7
1556.16
1562.88
1563.53
1558.99
1561.13
1556.93
1560.65
1558.44
1561.67
1562.8
1563.23
1564.6
1564.7
1563.71
1563.68
1558.59
