0.332009236
0.308400757
0.230037150
0.035097861
0.095739373
0.107207878
0.156749069
0.127595310
0.122483286
0.133314113
0.121672930
0.137234596
0.086654803
0.089471471
0.114644522
0.124877628
0.089171202
0.081882973
0.102843767
0.123811964
0.107945871
0.090289286
0.087456074
0.124906908
0.104808495
0.105380269
0.092063382
0.105340733
0.103214215
0.106899126
0.087512373
0.124301791
0.101909638
0.108190124
0.087852297
0.107013650
0.104669530
0.109887937
0.090260288
0.106870069
0.107571272
0.106851587
0.090236459
0.106691769
0.106487202
0.105998311
0.107118173
0.091336514
0.110363396
0.091572344
0.124675150
0.088565066
0.103492323
0.088535736
0.125140173
0.105152893
0.106349313
0.084742304
0.106636867
0.104734261
0.125060339
0.087007579
0.084438093
0.105093510
0.108923570
0.102558601
0.088504680
0.107345204
0.109052829
0.105394705
0.104105048
0.105588716
0.107293224
0.087525881
0.106421824
0.105624105
0.109037020
0.084145205
0.108577459
0.104981786
0.103266148
0.091658422
0.106740459
0.108119630
0.102655212
0.104609676
0.102155472
0.104597605
0.086716912
0.110113489
0.105080843
0.108014500
0.088529539
0.105746008
0.102413069
0.112787807
0.100261777
0.110700076
0.107366176
0.087109265
0.109321195
0.106622073
0.104851711
0.087989484
0.104402720
0.108668064
0.111493988
0.104788327
0.101582240
0.104136842
