163.936
2245.71
203.889
146.16
200.696
210.908
209.948
165.832
8285.67
186.608
196.524
1263.53
3276.83
160.332
3225.13
215.481
3258.63
4244.03
180.297
3221.11
3261.38
160.479
203.684
161.935
1155.36
143.428
167.497
1152.34
248.01
244.139
213.466
140.577
1120.39
9276.43
4232.1
3335.22
1205.36
159.88
1198.58
160.644
222.524
8516.41
188.255
147.55
195.243
3185.1
3185
1166.54
152.266
118.329
129.631
134.388
3224.03
246.312
156.337
261.126
2207.7
1174.27
234.199
157.407
1203.55
1179.76
160.402
198.402
129.542
4309.78
13362.2
3254.69
4228.32
3232.88
5318.16
4270.41
1239.07
8495.05
3215.11
1273.44
3253.78
1284.6
3332.16
3330.24
237.938
3279.28
3226.39
162.62
2233.52
1194.45
3214.33
177.076
1235.13
214.726
3268.52
1211.88
3188.13
1184.46
2264.24
15358.7
1230.86
1220.88
141.806
150.981
167.806
157.36
1200.42
11358.1
184.477
3279.71
138.058
3236.4
174.615
173.288
1231.48
186.064
168.397
137.602
1202.77
193.357
1227.14
3183.09
1204.59
2238.86
3257.08
138.659
5274.25
129.286
1213.42
136.067
199.234
214.078
127.335
134.251
3264.58
1148.67
166.781
3247.36
3270.36
207.781
1200.83
191.874
169.148
1298.62
158.576
204.121
172.52
164.306
3200.03
175.271
4220.13
3250.97
3221.83
3308.25
8257.74
158.023
299.161
1241.86
3189.9
1175.92
172.778
144.738
119.101
136.48
9359.29
1207.75
3238.54
1164.54
1240.18
185.912
1163.29
172.818
1195.93
1196.41
1144.09
1205.45
225.458
1231.13
218.909
1249.91
256.909
175.358
4311.02
3212.11
1227.36
190.295
3232.04
1184.83
1165.59
174.913
200.553
1157.45
1223.29
4260.96
210.26
3250.3
9383.54
216.855
161.256
142.176
130.769
123.222
188.257
3240.98
1161.15
1191.77
1261.54
3229.78
5307.56
1180.37
1171.93
3260.35
214.901
315.748
183.926
141.471
148.772
1154.65
5194.44
1153.1
1219.11
271.108
213.495
3177.85
4247.35
3269.48
5288.57
3284.56
287.947
3322.25
1250.26
3242.82
1172.34
3270.8
4213.93
1180.92
1265.16
1174.89
5277.28
4285.8
136.901
176.392
129.487
4302.03
9287.24
189.691
177.205
180.453
159.199
8356.99
3225.5
3253.17
1211.07
154.026
197.464
153.578
123.237
141.632
150.385
197.741
