0.106888
0.106103
0.105645
0.105906
0.106626
0.105906
0.106888
0.107149
0.107149
0.106365
0.107868
0.107606
0.107345
0.107345
0.105645
0.106103
0.106103
0.106103
0.106888
0.106365
0.106626
0.107606
0.106365
0.107149
0.106888
0.106888
0.107345
0.107149
0.107345
0.107606
0.106626
0.107345
0.106626
0.107606
0.107149
0.107345
0.106888
0.107345
0.106626
0.106888
0.107606
0.107149
0.106365
0.107345
0.106626
0.106888
0.106103
0.106365
0.107606
0.106103
0.106888
0.105906
0.106888
0.106103
0.106103
0.106888
0.106365
0.106888
0.106103
0.106888
0.105906
0.106626
0.106103
0.106103
0.107149
0.107345
0.106888
0.105645
0.106365
0.105906
0.105383
0.106626
0.106626
0.106626
0.106626
0.105383
0.106626
0.105906
0.106365
0.106103
0.105383
0.105645
0.106626
0.105906
0.105906
0.107149
0.106365
0.106888
0.106365
0.107149
0.106888
0.106365
0.107345
0.107149
0.106626
0.107345
0.107149
0.106888
0.106626
0.106888
0.106365
0.106888
0.106626
0.106626
0.106103
0.106888
0.106103
0.106626
0.106888
0.106626
