313.377
329.673
296.83
7794.7
4012.82
7781.88
371.344
4051.99
3961.7
4199.33
331.099
7835.39
2246.7
7861.83
150.227
7861.48
384.539
2391.53
2164.01
3999.83
9663.21
3956.04
465.113
271.919
428.88
365.185
357.748
291.452
11504.1
4007.27
4206.76
3915.82
365.973
2208.65
5789.61
13288.8
247.805
7729.61
127.862
260.991
333.694
11492.7
244.258
295.299
3898.96
15371.6
5899.73
9669.86
18964.9
243.362
286.278
13271.8
4136.68
310.388
2200.28
5887.04
11752.5
235.633
186.404
4081.21
7896.46
20624.9
6124.94
37116.2
11462.7
13245.1
7802.05
5799.83
4053.02
15123.7
4270.05
17053.1
234.046
9781.39
5834.55
11451.9
245.04
11364
7582.05
3998.19
4040.61
13571.3
4225.22
13227.3
7662.18
5863.5
40896.7
11382.5
4040.86
7945.27
37129.9
5776.69
187.055
4072.34
5737.43
153.753
3968.78
33771.6
282.784
4060.06
24316
9622.67
3894.94
91.5077
18929.1
4020.01
7654.48
13393.1
20679.7
4124.06
4057.53
19107.9
325.969
11483.8
18771
9559.11
18772.1
200.15
4165.6
18815.7
11654
7683.18
197.216
301.116
4000.19
7633.94
4047.56
172.838
11318.2
11687.7
260.251
3917.37
141.224
3945.93
18802.4
100.66
3995.79
176.564
14965.1
7593.69
9739.32
211.551
15412.7
302.062
5782.66
11607.7
412.308
340.578
286.328
2208.37
595.485
310.915
15212.4
7773.96
3891.74
305.11
4094.05
3941.53
234.282
3960.71
18752.1
363.273
162.135
241.567
4088.05
3924.17
7663.35
180.601
3948.24
7612.54
292.436
4047.41
7866.57
9652.11
15186.1
284.762
3999.16
227.703
3939.77
188.374
5844.13
20620.9
271.403
184.215
9715.32
192.1
4068.14
221.898
204.945
127.452
11343.7
22480.5
7851.3
9850.46
103.592
22514.1
7662.14
20601.3
7724.07
17064.1
7738.71
9524.72
13328.4
7716.86
4052.63
4095.32
4094.85
103.936
15133
33741.5
131.093
7820.57
7614.54
113.75
7916.72
7779.31
7594.58
185.313
6006.22
37185
18847.1
11859
3904.92
33569.8
11695.1
372.914
218.347
15115.3
260.848
5811.84
19319.7
135.662
16955.4
7801.36
11497.3
4224.1
