1815.06
1812.64
1813.2
1809.02
1810.97
1808.09
1817.04
1814.16
1814.69
1811.26
1818.07
1816.93
1817.83
1812.96
1825.19
1811.55
1813.36
1812.51
1813.91
1817.29
1813.07
1818.95
1812.58
1815.93
1815.92
1816.62
1817.25
1819
1808.04
1816.12
1811.63
1819.15
1814.91
1815.38
1812.7
1809.9
1820.19
1813.51
1821.64
1819.19
1813.1
1813.14
1818.44
1815.49
1815.4
1811.27
1816.73
1811.96
1805.15
1820.04
1817.44
1814.04
1812.89
1818.56
1817.19
1815.74
1811.73
1815.2
1805.81
1813.31
1812.15
1803.72
1818.41
1791.49
1811.22
1806.82
1814.14
1808.26
1813.45
1811.02
1814.6
1808.64
1818.43
1815.35
1811.7
1813.49
1820.18
1809.69
1804.33
1809.82
1811.81
1815.44
1815.18
1805.48
1810.3
1814.06
1793.84
1810.29
1815.74
1812.29
1795.65
1815.55
1817.83
1811.15
1819.78
1820.82
1819.6
1804.82
1812.44
1813.19
1800.34
1811.15
1814.09
1821.1
1811.62
1810.88
1811.56
1807.37
1804.56
1811.42
1816.29
1811.05
1816.57
1803.91
1803.89
1807.82
1803.18
1815.39
1811.3
1807.94
1814.47
1806.03
1816.77
1815.21
1815.08
1814.95
1813.83
1814.75
1811.56
1807.6
1812.66
1810.18
1819.08
1812.92
1802.89
1820.66
1810.36
1815.44
1804.53
1811.11
1817.37
1813.85
1803.16
1815.43
1805.1
1804.98
1812.73
1811.06
1809.93
1815.33
1810.48
1813.23
1809.23
1804.37
1816.41
1816.72
1809.07
1813.42
1812.09
1811.44
1806.26
1813.92
1819.27
1820.86
1809.98
1819.63
1815.42
1815.06
1816.33
1813.46
1814.49
1812.72
1810.03
1810.94
1807.01
1813.2
1812.25
1819.71
1814.72
1813.17
1815.75
1802.13
1816.77
1817.53
1813.8
1822.06
1819.93
1819.27
1815.23
1823.38
1810.81
1798.33
1812.3
1809.09
1816.79
1805.09
1807.98
1801.91
1813.86
1806.25
1812.55
1805.93
1806.57
1808.28
1811.88
1804.07
1813.12
1822.22
1813.5
1801.31
1818.15
1812.2
1814.27
1813.27
1808.22
1817.05
1806.96
1816.92
1815.15
1793.2
1811.93
1808.05
1817.72
1795.84
1806.36
1811.62
1811.74
1806.98
1817.3
1817.42
1810.81
1814.26
1800.58
1808.01
1811.94
1812.8
