0.138103
0.137732
0.138103
0.138103
0.138103
0.137732
0.138103
0.138535
0.138535
0.137732
0.138103
0.138967
0.138967
0.138535
0.138535
0.138535
0.138103
0.1373
0.137732
0.138967
0.138967
0.138103
0.1373
0.136867
0.138535
0.138103
0.137732
0.1373
0.1373
0.1373
0.137732
0.137732
0.1373
0.137732
0.138103
0.1373
0.137732
0.138967
0.138103
0.137732
0.137732
0.137732
0.138103
0.138103
0.138967
0.138535
0.138967
0.138967
0.137732
0.1373
0.137732
0.138535
0.1373
0.138967
0.137732
0.137732
0.138535
0.138535
0.138967
0.138535
0.138967
0.138967
0.138103
0.138535
0.138103
0.137732
0.138535
0.137732
0.138103
0.138535
0.139399
0.138967
0.138103
0.138103
0.138967
0.138103
0.138103
0.138535
0.138103
0.138103
0.137732
0.138103
0.138103
0.138535
0.138967
0.138103
0.138103
0.137732
0.138967
0.139831
0.138535
0.138535
0.1373
0.1373
0.138535
0.138967
