0.0268892
0.026817
0.0268892
0.0268892
0.0268892
0.026817
0.0268892
0.0269733
0.0269733
0.026817
0.0268892
0.0270575
0.0270575
0.0269733
0.0269733
0.0269733
0.0268892
0.0267328
0.026817
0.0270575
0.0270575
0.0268892
0.0267328
0.0266484
0.0269733
0.0268892
0.026817
0.0267328
0.0267328
0.0267328
0.026817
0.026817
0.0267328
0.026817
0.0268892
0.0267328
0.026817
0.0270575
0.0268892
0.026817
0.026817
0.026817
0.0268892
0.0268892
0.0270575
0.0269733
0.0270575
0.0270575
0.026817
0.0267328
0.026817
0.0269733
0.0267328
0.0270575
0.026817
0.026817
0.0269733
0.0269733
0.0270575
0.0269733
0.0270575
0.0270575
0.0268892
0.0269733
0.0268892
0.026817
0.0269733
0.026817
0.0268892
0.0269733
0.0271415
0.0270575
0.0268892
0.0268892
0.0270575
0.0268892
0.0268892
0.0269733
0.0268892
0.0268892
0.026817
0.0268892
0.0268892
0.0269733
0.0270575
0.0268892
0.0268892
0.026817
0.0270575
0.0272255
0.0269733
0.0269733
0.0267328
0.0267328
0.0269733
0.0270575
