369.455
713.512
631.367
325.114
387.159
469.626
328.612
779.256
504.731
380.862
378.284
466.703
598.551
735.05
353.923
523.207
910.07
929.62
7508.53
476.741
499.733
626.723
327.472
398.626
658.301
1287
811.649
963.25
656.957
377.161
355.992
470.588
663.74
511.856
739.037
509.639
551.535
937.784
757.349
846.257
1060.74
624.273
28017.8
587.22
580.52
388.813
497.842
536.919
364.574
639.154
556.049
334.848
480.225
4845.45
280.589
529.703
384.997
649.099
510.972
635.229
419.008
637.253
617.565
562.715
469.106
634.431
502.649
550.263
548.454
497.214
731.605
373.083
362.352
562.109
343.746
360.601
605
425.36
484.995
368.434
514.828
513.949
312.857
503.033
502.148
671.341
736.497
473.214
595.49
672.859
422.653
511.679
406.226
553.769
497.751
803.329
777.703
483.256
582.332
432.298
920.756
7421.92
342.585
476.223
571.181
897.479
487.2
891.084
541.383
512.654
446.759
805.691
509.538
791.554
405.431
484.166
333.691
588.36
458.76
603.892
586.851
309.24
367.312
630.813
464.268
429.92
444.408
879.714
643.697
376.018
382.792
315.786
875.161
482.203
997.87
469.484
394.521
685.088
631.806
550.497
401.563
1001.65
531.273
690.58
499.648
536.786
929.907
390.211
545.387
480.6
525.918
577.03
697.619
535.984
328.368
1314.3
591.998
821.448
857.113
912.533
573.154
684.959
364.596
860.726
886.844
664.32
689.843
557.607
474.243
411.799
404.415
574.316
819.725
456.269
842.282
647.635
408.891
811.523
601.207
7899.5
376.784
397.607
562.741
552.365
516.322
434.813
611.248
855.69
454.651
431.49
831.667
510.988
725.638
572.526
410.389
907.878
628.329
335.638
434.037
378.777
401.812
497.499
474.887
441.41
390.67
312.168
389.811
433.924
634.632
463.564
514.928
408.271
557.963
481.541
