0.303008117
0.360349943
0.064412516
0.094553114
0.093664890
0.110467764
0.106768461
0.109221308
0.108550090
0.088274567
0.105015161
0.119072672
0.105154425
0.107405162
0.109104358
0.093315185
0.114668722
0.110704035
0.106658615
0.106538332
0.090342040
0.128886098
0.108403207
0.106549621
0.086685178
0.107175362
0.123933142
0.108335560
0.108926413
0.092997940
0.105124405
0.104489532
0.111722356
0.104588135
0.106216916
0.104967049
0.109159966
0.114453971
0.107254116
0.107824314
0.090145316
0.124788619
0.105357978
0.114476039
0.092375828
0.084682663
0.121737919
0.104382858
0.099847168
0.090901374
0.109312012
0.103842086
0.105714128
0.106722504
0.108452334
0.091490267
0.104301552
0.104997986
0.112524211
0.106369615
0.106824633
0.106023369
0.090716179
0.106785546
0.120815922
0.104938301
0.107463228
0.107403111
0.091693395
0.121290351
0.115585112
0.090589846
0.106492271
0.112042321
0.099792107
0.108220265
0.107482327
0.105699567
0.106356259
0.092104796
0.105090945
0.104936575
0.103806676
0.106703282
0.110877921
0.103105325
0.107053278
0.089983354
0.122306842
0.103114044
0.104147273
0.107060338
0.093713163
0.104847530
0.106787532
0.105469126
