2114.68
2103.17
2103.92
2110.2
2109.94
2111.83
2116.41
2106.16
2109.31
2112.4
2112.73
2111.09
2109.78
2107.44
2113.78
2106.55
2105.65
2107.7
2098.93
2108.01
2104.99
2109.01
2115.79
2112.29
2106.32
2099.13
2106.72
2104.09
2107.18
2112.85
2114.14
2114.89
2108.27
2110.08
2107.1
2107.85
2107.67
2101.21
2105.4
2105.79
2101.86
2111.67
2089.95
2106.51
2109.14
2112.63
2110.13
2108.49
2115.19
2105.7
2107.18
2114.4
2108.55
2095.31
2119.3
2108.25
2113.46
2107.88
2111.18
2106.46
2108.36
2108.28
2102.51
2109.58
2109.86
2104.67
2106.96
2108.3
2108.05
2108.42
2103.47
2113.15
2113.91
2110.15
2115.51
2111.3
2106.28
2115.7
2114.24
2110.77
2109.26
2108.36
2115.19
2110.23
2111.84
2106.91
2109.18
2113.98
2107.18
2106.4
2111.74
2114.3
2109.24
2110.13
2109.95
2102.58
2106.04
2112.72
2110.45
2117.83
2100.06
2100.1
2116.75
2116.48
2110.43
2104.12
2113.33
2104.37
2107.16
2108.41
2112.93
2105.82
2115.59
2101.74
2110
2110.94
2118.89
2105.97
2112.48
2107.77
2103.75
2112.83
2111.03
2108.82
2107.45
2113.46
2109.42
2105.94
2110.82
2117.32
2110.69
2120
2107.17
2108.51
2098.26
2110.69
2112.22
2108.56
2107.78
2110.71
2116.31
2099.79
2109.54
2106.24
2113.55
2107.54
2105.11
2110.44
2106.71
2108.55
2103.53
2106.96
2105.6
2110.64
2112.05
2098.88
2105.57
2102.63
2103.82
2103.08
2108.77
2108.46
2114.88
2103.88
2102.91
2104.65
2107.95
2109.9
2112.41
2106.23
2109.42
2110.54
2098.4
2112.25
2105.7
2105.16
2112.2
2103.29
2106.58
2098.03
2111.61
2113.86
2108.16
2108.35
2108.34
2110.53
2107.43
2103.34
2113.67
2108.86
2101.5
2106.67
2103.84
2110.44
2109.46
2102.43
2105.2
2111.46
2109.72
2114.75
2112.77
2105.51
2108.55
2113.41
2110.95
2110.18
2112.68
2111.5
2102.5
2110.13
2109.08
2113.1
2106.77
2106.48
