0.303008117
0.663358060
0.727770576
0.822323690
0.915988580
1.026456344
1.133224805
1.242446113
1.350996203
1.439270770
1.544285931
1.663358603
1.768513028
1.875918190
1.985022548
2.078337733
2.193006455
2.303710490
2.410369105
2.516907437
2.607249477
2.736135575
2.844538782
2.951088403
3.037773581
3.144948943
3.268882085
3.377217645
3.486144058
3.579141998
3.684266403
3.788755935
3.900478291
4.005066426
4.111283342
4.216250391
4.325410357
4.439864328
4.547118444
4.654942758
4.745088074
4.869876693
4.975234671
5.089710710
5.182086538
5.266769201
5.388507120
5.492889978
5.592737146
5.683638520
5.792950532
5.896792618
6.002506746
6.109229250
6.217681584
6.309171851
6.413473403
6.518471389
6.630995600
6.737365215
6.844189848
6.950213217
7.040929396
7.147714942
7.268530864
7.373469165
7.480932393
7.588335504
7.680028899
7.801319250
7.916904362
8.007494208
8.113986479
8.226028800
8.325820907
8.434041172
8.541523499
8.647223066
8.753579325
8.845684121
8.950775066
9.055711641
9.159518317
9.266221599
9.377099520
9.480204845
9.587258123
9.677241477
9.799548319
9.902662363
10.006809636
10.113869974
10.207583137
10.312430667
10.419218199
10.524687325
