2009.12
2000.11
2018.09
2012.43
1992.43
1996.43
2019.44
2008.42
2032.59
2006.09
2006.23
2013.16
2017.75
2018.14
2013.44
1994.55
2007.74
1999.8
2012.6
2005.55
2019.92
2013.81
2019
2014.93
2008.09
2012.14
2019.36
2000.36
2001.37
2003.22
2014.82
1964.14
2003.74
1998.45
2012.99
2007.27
2002.3
2024.49
2002.92
2017.05
2006.17
2015.66
2014.21
2005.62
2017.88
1991.96
2022
2009.49
1999.96
1997.24
2005.44
2011.51
2005.95
2022.05
2011.14
2000.37
2018.21
2015.51
2015.12
2017.41
2011.66
2012.75
2023.53
1995.31
1994.29
2005.07
2013.55
1997.22
2014.85
2023.6
2004.33
2004.03
2012.32
2009.22
2008.24
2005.11
2010.46
2002.47
2014.06
2016.73
2007.38
2010.83
2017.36
2021.91
2023.33
2018.34
2015.12
2012.94
2025
2025.93
2010.19
2018.92
2003.51
2000.92
2003.5
2005.14
