2371.16
2370.82
2384.23
2376.59
2373.34
2372.9
2368.38
2368.77
2375.6
2369.88
2382.09
2377.1
2368.35
2374.85
2370.25
2377.71
2376.72
2380.6
2374.69
2383
2373.83
2382.41
2374.7
2377.98
2385.63
2379.61
2382.22
2369.16
2375.01
2379.65
2384.76
2381.6
2378.09
2385.45
2382.54
2377.16
2376.74
2378.76
2384.4
2381.12
2376.01
2378.95
2374.39
2382.43
2382.72
2380.09
2381.01
2376.98
2374.14
2384.68
2373.36
2375.59
2384.62
2377.54
2373.24
2373.71
2376.35
2378.1
2381.95
2378.66
2375.08
2381.78
2389.06
2379.43
2374.11
2369.4
2378.44
2376.92
2374.52
2380.07
2378.6
2382.79
2368.79
2368.33
2376.85
2377.3
2381.32
2378.13
2377.39
2379.92
2377.03
2369.59
2378.84
2380.54
2380.71
2383.27
2375.28
2376.52
2368.17
2370.63
2385.1
2373.88
2376.19
2384.56
2379.45
2380.19
2374.82
2379.98
2377.18
2377.28
2375.16
2368.52
2382.58
2378.49
2376.26
2370.22
2378.52
2378.66
2380.09
2377.6
2382.78
2375.97
2378.12
2374.78
2381.32
2370.22
2379.49
2379.19
2377.99
2380.86
2378.53
2383.41
2376.29
2379.29
2381.46
2388.98
2377.09
2378.74
2376.3
2377.84
2372.3
2381.03
2383.43
2379.56
2378.74
2377.4
2370.3
2374.05
2375.8
2381.61
2374.13
2380.68
2377.3
2375.57
2378.37
2381.58
2378.7
2375.49
2384.2
2383.41
2378.08
2385.53
2377.15
2380.13
2374.73
2382.4
2377.29
2385.76
2376.21
2381.61
2381.67
2372.11
2380.53
2375.13
2377.65
2382.34
2381.96
2379.46
2374.44
2383.02
2380.96
2384.37
2378.73
2379.53
2383.31
2380.12
2374.66
2380.14
2380.89
2380.52
2381.81
2383.76
2379.13
2369.55
2375.23
2381.24
2370.45
2388.06
2383.71
2380.2
2380.62
2383.24
2376.31
2373.44
2384.94
2381.52
2382.45
2382.92
2375.91
2377.85
2374.59
2381.68
2383.7
2379.46
2379.22
2379.21
2382.14
2380.69
2374.16
2377.66
2380.78
2379.6
2383.22
2376.75
2373.57
2368.11
2380.15
2374.55
2378.66
2375.8
2378.66
2374.99
2379.69
2376.37
2377.16
2378.48
2373.96
2371.24
2376.32
2372.72
2379.37
2377.03
2375.72
2373.83
2374.22
2378.42
2379.87
2378.63
2384.48
2383.25
2384.53
2382.78
2372.95
2378.65
2374.58
2375.8
2374.67
2376.37
2374.34
2382.76
2381.53
2375.91
2372.72
2381.76
2371.82
2374.1
2381.58
2378.32
2379.4
2372.37
2382.54
2368.85
2384.57
2378.27
2384.75
2375.19
2382.82
2382.36
2375.45
2380.14
2377.61
2376.6
2380.31
