489.508
360.589
410.023
291.85
348.796
377.817
557.469
688.449
309.825
735.894
386.338
273.736
664.903
380.357
593.557
289.195
333.223
399.351
347.917
229.127
355.983
291.84
456.078
230.193
581.77
259.133
350.658
615.763
418.092
272.095
303.538
283.185
342.406
417.679
349.527
318.722
366.798
330.253
371.607
296.439
252.168
268.259
374.076
351.417
302.476
294.65
242.151
524.037
286.53
491.055
328.983
314.608
315.548
251.147
261.693
438.993
284.576
301.293
298.128
346.285
319.79
368.379
333.178
238.279
371.753
345.898
269.226
242.757
334.118
317.573
297.28
356.56
415.063
474.417
384.372
314.634
269.974
290.049
219.335
220.941
383.804
536.466
289.939
326.949
304.178
631.726
264.374
318.672
421.211
406.017
397.654
301.162
258.701
367.426
252.617
278.137
235.316
398.455
255.961
305.338
348.361
569.164
366.533
347.633
309.166
346.49
292.67
237.08
405.868
304.781
258.263
212.089
242.636
263.49
351.405
396.356
285.247
268.343
298.829
356.689
275.517
342.13
279.262
254.647
262.609
620.709
302.161
228.895
271.567
261.945
308.602
445.027
311.872
241.065
240.282
303.253
274.04
283.266
326.204
345.028
290.975
263.677
342.976
268.996
274.841
321.582
281.923
256.028
440.894
454.71
272.994
392.83
216.872
238.781
285.451
320.497
289.438
434.681
304.695
326.655
313.124
309.073
262.154
290.11
251.534
270.478
234.308
252.88
374.038
339.658
403.852
489.47
239.174
283.356
375.724
260.286
241.483
262.957
273.259
331.084
385.535
270.727
215.13
566.987
389.753
284.705
405.539
642.214
330.751
251.803
284.497
356.245
346.272
367.222
391.172
418.164
267.128
332.297
340.24
294.003
263.671
342.854
485.036
247.786
264.274
321.366
277.727
348.803
411.764
237.66
298.135
236.717
391.3
270.639
390.671
580.147
334.929
316.489
320.928
302.29
250.787
358.809
290.64
224.638
244.268
257.386
316.466
356.541
369.989
317.629
324
230.253
390.18
370.889
330.626
239.033
329.437
293.948
333.843
284.619
288.788
284.741
357.517
262.593
362.522
264.923
291.298
295.177
281.773
404.575
374.65
370.301
370.705
231.279
330.324
285.403
307.33
324.11
339.366
407.751
308.664
559.823
379.564
323.216
427.966
371.118
295.248
313.166
447.524
304.844
267.199
317.798
285.101
