0.0510036
0.0511955
0.0510036
0.0510036
0.0508115
0.0510036
0.0511955
0.0511955
0.0511955
0.0511955
0.0510036
0.0510036
0.0510036
0.0511955
0.0508115
0.0513871
0.0511955
0.0508115
0.0511955
0.0513871
0.0513871
0.0510036
0.0510036
0.0511955
0.0510036
0.0510036
0.0511955
0.0511955
0.0510036
0.0513871
0.0510036
0.0511955
0.0508115
0.0510036
0.0511955
0.0511955
0.0513871
0.0508115
0.0511955
0.0510036
0.0510036
0.0513871
0.0510036
0.0508115
0.0510036
0.0511955
0.0511955
0.0511955
0.0510036
0.0511955
0.0511955
0.0513871
0.0511955
0.0511955
0.0510036
0.0511955
0.0511955
0.0513871
0.0511955
0.0513871
0.0511955
0.0511955
0.0510036
0.0513871
0.0511955
0.0510036
0.0511955
0.0511955
0.0511955
0.0511955
0.0508115
0.0513871
0.0511955
0.0508115
0.0510036
0.0508115
0.0508115
0.0510036
0.0508115
0.0510036
0.0508115
0.0511955
0.0510036
0.0510036
0.0511955
0.0506192
0.0510036
0.0508115
0.0510036
0.0508115
0.0511955
0.0511955
0.0511955
0.0510036
0.0508115
0.0511955
0.0508115
0.0511955
0.0511955
0.0510036
0.0510036
0.0508115
0.0511955
0.0511955
0.0511955
0.0513871
0.0510036
0.0511955
0.0515786
0.0511955
0.0513871
0.0513871
0.0513871
0.0510036
0.0511955
0.0513871
0.0511955
0.0511955
0.0506192
0.0511955
0.0510036
