2682.97
2678.88
2690.42
2683.43
2685.94
2681.77
2683.4
2686.2
2677.44
2685.16
2679.36
2683.89
2686.79
2688.11
2683.49
2684.61
2690.17
2683.63
2682.08
2681.67
2685.31
2690.27
2684.62
2685.76
2682.74
2684.93
2684.29
2686.04
2682.38
2688.65
2689.15
2684.21
2685.64
2676.86
2681.17
2684.01
2684.64
2691.08
2685.9
2679.93
2684.49
2683.7
2684.9
2687.6
2679.52
2683.19
2691.7
2683.73
2683.2
2683.19
2684.85
2680.98
2677.77
2683.31
2683
2680.23
2683.29
2687.65
2686.62
2669.21
2687.97
2681.78
2682
2681.75
2684.58
2679.13
2686.8
2681.17
2687.17
2680.59
2684.57
2680.33
2690.82
2683.42
2685.23
2675.61
2679.65
2682.21
2686.01
2682.02
2691.63
2680.18
2685.64
2677.07
2679
2679.43
2683.34
2683.87
2680.36
2681.45
2677.12
2683.2
2677.67
2682.69
2681.81
2681.12
2681.43
2679.81
2681.8
2684.03
2681.69
2681.82
2686.97
2679.45
2678.66
2685.37
2691.4
2679.8
2681.88
2686.66
2682.97
2682.66
2683
2677.3
2680.55
2680.52
2686.99
2685.3
2688.83
2686.15
2685.01
2676.52
2678.82
2675.7
2683.91
2684.4
2686.01
2678.53
2683.02
2682.86
2687.57
2666.23
2674.85
2674.81
2682.27
2687.77
2681.97
2690.44
2678.9
2676.68
2677.09
2684.97
2678.4
2678.29
2690.06
2675
2675.2
2675.66
2673.66
2675.16
2665.85
2683.09
2677.12
2674.66
2665.81
2668.91
2681.58
2678.14
2683.16
2680.35
2688.54
2678.75
2683
2683.04
2681.42
2682
2680.98
2689.01
2675.06
2687.31
2679.13
2681.11
2680.09
2683.21
2678.01
2684.86
2676.22
2681.64
2679.57
2682.62
2683.15
2678.52
2676.43
2674.71
2681.57
2675.63
2681.73
2683.9
2677.72
2676.95
2683.12
2677.11
2679.82
2676.81
2675.95
2685.84
2683.05
2686.71
2682.13
2684.48
2681.2
2675.42
2672.69
2682.51
2684.26
2675.3
2680.51
2677.3
2685.48
2676.14
2686.29
2677.24
2676.83
2678.92
2682.65
2683.29
2680.14
2684.44
2695.32
2685.93
2681.56
2680.63
2687.18
2680.2
2686.18
2684.2
2687
2680.03
2682.71
2676.56
2685.5
2679.11
2683.42
2680.23
2682.95
2677.58
2688.05
2686.47
2670.18
2686.07
2681.32
2677.19
2689.52
2685.77
2675.4
2672.8
2684.38
2683.35
2681.01
2681.55
2676.63
2669.27
2680.94
2684.28
2682.04
2680.42
2680.86
2683.35
2683.22
2671.67
2681.39
2682.83
2677.88
2668.25
2678.3
2681.49
2686.91
2682.83
2678.99
2679.14
2678.36
2674.04
2684.17
2676.86
2679.51
2685.45
2683.25
2668.86
