0.165595
0.166218
0.165595
0.165595
0.164971
0.165595
0.166218
0.166218
0.166218
0.166218
0.165595
0.165595
0.165595
0.166218
0.164971
0.16684
0.166218
0.164971
0.166218
0.16684
0.16684
0.165595
0.165595
0.166218
0.165595
0.165595
0.166218
0.166218
0.165595
0.16684
0.165595
0.166218
0.164971
0.165595
0.166218
0.166218
0.16684
0.164971
0.166218
0.165595
0.165595
0.16684
0.165595
0.164971
0.165595
0.166218
0.166218
0.166218
0.165595
0.166218
0.166218
0.16684
0.166218
0.166218
0.165595
0.166218
0.166218
0.16684
0.166218
0.16684
0.166218
0.166218
0.165595
0.16684
0.166218
0.165595
0.166218
0.166218
0.166218
0.166218
0.164971
0.16684
0.166218
0.164971
0.165595
0.164971
0.164971
0.165595
0.164971
0.165595
0.164971
0.166218
0.165595
0.165595
0.166218
0.164347
0.165595
0.164971
0.165595
0.164971
0.166218
0.166218
0.166218
0.165595
0.164971
0.166218
0.164971
0.166218
0.166218
0.165595
0.165595
0.164971
0.166218
0.166218
0.166218
0.16684
0.165595
0.166218
0.167462
0.166218
0.16684
0.16684
0.16684
0.165595
0.166218
0.16684
0.166218
0.166218
0.164347
0.166218
0.165595
