0.334826853
0.314397582
0.098777611
0.094008985
0.085844993
0.106282226
0.101724204
0.104511151
0.092372332
0.108053511
0.088418463
0.103194103
0.106557051
0.100087318
0.089953663
0.101697594
0.111510959
0.097203487
0.089288799
0.107180246
0.105343825
0.088411203
0.105425181
0.106681675
0.082924332
0.105547387
0.104085948
0.103584244
0.083800955
0.105411114
0.101955747
0.101773731
0.087019608
0.088703833
0.121557720
0.107966942
0.091866635
0.089901302
0.128638424
0.099054457
0.155966978
0.124710232
0.109174251
0.088205775
0.118512551
0.110149544
0.111414522
0.152920837
0.103091159
0.126460314
0.106137642
0.095655465
0.098330562
0.107165270
0.095038127
0.109132224
0.111218060
0.115912653
0.117849848
0.107599812
0.109137730
0.113071424
0.140225621
0.111047403
0.192069041
0.413308734
0.092364902
0.090875456
0.100473926
0.098301288
0.103630564
0.083781614
0.094609915
0.092144437
0.106045880
0.090017231
0.081624231
0.096237243
0.084514702
0.089123599
0.083059014
0.079201745
0.082580134
0.087291875
0.083697391
0.091720377
0.083229989
0.091410456
0.084499705
0.081553003
0.081736221
0.084369574
0.081133537
0.079681058
0.083575199
0.084167763
0.083880045
0.085014465
0.088298387
0.086539533
0.084100280
0.086876010
0.085855903
0.088067415
0.089413015
0.086577866
0.083376543
0.084538363
0.085578585
0.087160435
0.082137841
0.078899779
0.093945787
0.087093173
0.091389263
0.086449227
0.084826669
0.091700696
0.089884555
0.090042635
0.083782962
