2553.37
2495.63
2580.78
2577.41
2540.01
2521.19
2531.54
2531.64
2598.92
2531.09
2493.83
2551.99
2501.86
2551.56
2521.43
2523.13
2601.79
2501.91
2589.87
2581.2
2600.6
2582.41
2539.45
2577.29
2579.59
2494.1
2578.38
2563.73
2577.07
2606.75
2553.07
2574.8
2599.77
2533.5
2570.29
2512.85
2474.81
2521.57
2555.59
2571.02
2514.33
2578.86
2554.26
2574.35
2528.12
2536.09
2590.18
2557.01
2579.71
2531.42
2560.16
2610.87
2554.12
2592.07
2591.49
2560.2
2560.76
2528.42
2614.97
2582.88
2528.67
2540.74
2482.84
2608.31
2535.84
2545.52
2553.41
2576.69
2563.05
2535.61
2493.1
2549.29
2557.73
2583.29
2525.03
2511.18
2584.32
2514.41
2515.92
2581.11
2525.27
2600.83
2602.74
2522.68
2541.82
2496.94
2523.1
2517.79
2537.72
2544.6
2539.25
2588.01
2502.53
2533.77
2544.38
2579.44
2483.37
2517.08
2501.11
2570.73
2545.01
2490.18
2492.89
2561.72
2591.87
2571.72
2576.32
2495.76
2551.69
2495.57
2581.69
2564.48
2485.34
2558.47
2507.32
2519.72
2481.75
2578.5
2554.2
2559.81
2589.76
