585.923
586.332
665.515
858.37
574.507
504.929
611.61
508.951
561.266
665.267
630.714
709.622
707.91
551.427
629.842
627.176
456.799
618.175
540.194
634.057
462.43
581.926
553.324
545.414
512.148
419.391
308.561
460.427
536.77
777.551
560.561
603.595
425.298
617.043
461.103
429.807
679.38
717.22
392.876
568.086
428.356
554.54
472.129
647.721
520.584
653.964
537.051
648.287
596.076
408.177
493.177
564.265
563.223
495.861
466.82
511.611
352.142
683.278
453.51
900.409
765.786
412.911
383.167
485.289
481.548
425.517
563.215
415.489
515.994
495.555
572.122
490.532
496.768
443.634
565.018
788.96
463.084
463.124
574.866
466.52
552.927
489.863
462.075
550.097
461.533
438.865
566.029
394.945
440.608
471.394
452.796
389.635
393.136
454.533
424.573
485.328
697.143
522.158
488.692
446.825
550.905
462.972
565.217
615.145
431.617
439.473
659.049
521.189
379.188
521.527
435.998
441.058
554.544
430.146
374.748
398.66
611.236
465.624
497.647
667.682
505.405
636.649
488.075
445.472
465.648
510.942
481.387
433.744
482.871
455.31
559.446
767.833
465.886
510.68
442.188
523.453
428.524
471.1
418.616
404.135
493.116
524.583
511.252
412.546
1013.68
451.479
556.542
428.735
629.666
506.356
620.49
473.555
506.272
510.055
616.075
591.06
362.439
507.037
492.588
450.456
474.174
532.422
649.882
494.586
351.984
414.001
404.386
825.113
408.681
604.958
489.613
459.528
595.47
520.766
379.106
331.359
472.572
388.969
453.263
441.527
385.734
379.654
450.939
735.73
465.957
503.437
493.841
614.066
475.536
423.379
349.326
648.378
510.574
468.917
371.979
353.293
423.63
467.172
364.647
397.521
402.502
427.548
536.066
478.839
731.792
456.105
434.071
553.741
454.389
423.476
401.129
386.989
381.777
389.525
445.527
729.558
380.098
524.856
846.719
354.058
424.063
468.112
706.334
424.397
671.595
398.067
539.144
460.621
449.727
428.537
428.689
486.748
374.595
384.601
552.997
395.084
508.469
380.458
586.958
441.548
479.759
628.219
618.196
450.601
568.486
538.429
434.875
441.215
439.189
508.119
389.095
723.332
491.659
419.14
320.34
356.034
477.95
399.102
442.101
485.778
349.54
536.737
496.16
739.867
462.508
453.151
373.061
381.067
545.48
458.19
419.003
297.293
368.883
432.159
425.198
398.169
293.757
538.793
