0.334826853
0.649224435
0.748002046
0.842011031
0.927856024
1.034138250
1.135862454
1.240373605
1.332745937
1.440799448
1.529217911
1.632412014
1.738969065
1.839056383
1.929010046
2.030707640
2.142218599
2.239422086
2.328710885
2.435891131
2.541234956
2.629646159
2.735071340
2.841753015
2.924677347
3.030224734
3.134310682
3.237894926
3.321695881
3.427106995
3.529062742
3.630836473
3.717856081
3.806559914
3.928117634
4.036084576
4.127951211
4.217852513
4.346490937
4.445545394
4.601512372
4.726222604
4.835396855
4.923602630
5.042115181
5.152264725
5.263679247
5.416600084
5.519691243
5.646151557
5.752289199
5.847944664
5.946275226
6.053440496
6.148478623
6.257610847
6.368828907
6.484741560
6.602591408
6.710191220
6.819328950
6.932400374
7.072625995
7.183673398
7.375742439
7.789051173
7.881416075
7.972291531
8.072765457
8.171066745
8.274697309
8.358478923
8.453088838
8.545233275
8.651279155
8.741296386
8.822920617
8.919157860
9.003672562
9.092796161
9.175855175
9.255056920
9.337637054
9.424928929
9.508626320
9.600346697
9.683576686
9.774987142
9.859486847
9.941039850
10.022776071
10.107145645
10.188279182
10.267960240
10.351535439
10.435703202
10.519583247
10.604597712
10.692896099
10.779435632
10.863535912
10.950411922
11.036267825
11.124335240
11.213748255
11.300326121
11.383702664
11.468241027
11.553819612
11.640980047
11.723117888
11.802017667
11.895963454
11.983056627
12.074445890
12.160895117
12.245721786
12.337422482
12.427307037
12.517349672
12.601132634
