3008.19
3005.67
3011.21
3012.38
3006.28
3004.38
3016.68
3019.69
3019.51
3007.47
3025.48
3010.13
3016.85
3015.77
3007.39
3018.39
2991.32
3016.95
3000.83
3015.79
2995.94
3036.48
3010.98
3009.72
3002.46
3023.19
3011.72
3023.33
3037.65
3001.03
3011.57
3022.08
3011.29
3005.17
3014.21
3011.55
3023.53
2998.9
3004.54
3025.41
3020.23
3021.17
3007.5
3021.83
3015.89
3009.77
3017.43
3012.74
3020.14
3029.57
3013.37
3002.15
3016.12
3015.27
3015.45
3009.59
3012.78
3014.1
3028.65
3008.7
3025.96
3027.02
3011.85
3019.43
3036.4
3024.37
3018.53
3027.57
3027.72
3016.62
3012.39
3007.39
3027.3
3019.24
3021.73
3003.41
3020.25
2999.85
3021.65
3011.35
3023.22
3005.21
3032.81
3021.56
3017.7
3018.69
3006.87
3016.99
2999.3
3017.9
2998.82
3024.94
3018.33
3004.48
3020.13
3027.6
3030.25
3024.95
3024.01
3030.98
3009.79
3016.99
3029.03
3013.87
3027.68
3030.36
3018.16
3036.41
3024.28
3016.79
3030.45
3020.97
3016.3
3029.39
3022.02
3038.11
3019.96
3031.85
3022.13
3019.99
3007.67
3009.02
3005.39
3023.9
2992.09
2994.01
3010.43
3026.47
3015.68
3010.33
3021.42
3028.46
3026.04
3017.11
3015.33
3010.75
3018.63
3019.26
3003.56
2998.6
3018.82
3021.2
3026.81
3024.32
3005.36
3009.4
3024.35
3038.93
3015.52
3011.14
3012.46
3016.29
3020.75
3043.05
3002.52
3001.62
3017.57
3027.4
3034.49
2999.9
3014.51
3028.06
3034.58
3021.97
3024.87
3020.38
3022.54
3027.78
3013.63
3011.92
3021.77
3031.36
3015.48
3032.02
3023.76
3008.55
3025.31
3028.54
3032.11
3023.25
3045.04
3031.77
3029.6
3022.55
3036.2
3023.56
3024.72
3031.02
3022.72
3018.03
3029.02
3034.19
3023.47
3024.86
3024.59
3013.63
3021.5
3027.05
3012.93
3022.47
3026.58
3014.39
3021.29
3009.76
3015.62
3021.34
3026.44
3003.89
3020.52
3028.45
3020.68
3010.84
3011.27
3027.86
3006.45
3012.8
3027.16
3015.47
3018.51
3019.95
2998.11
3024.69
3014.28
3008.84
3022.12
3014.86
3017.17
3020.36
3019.81
3012.96
3006
3012.93
3015.97
3024.42
3012.3
3018
3020.81
3016.7
3028.61
3020.83
3010.51
3000.28
3008.08
3024.79
3011.97
3005.75
3012.88
3012.12
3006.97
3018.2
3011.61
3035.11
3027.85
3026.23
3023.44
3007.1
3020.58
3017.44
3015.17
3031.15
3020.77
3036.84
3018.09
3023.74
3025.95
3013.03
3029.91
3016.1
3005.04
3010.35
3025.74
3033.41
