1514.68
1141.38
959.79
1234.05
801.943
816.61
1337.11
1222.17
1576.09
980.388
1411.43
1135.64
1255.33
1191.39
1164.98
1570.82
1014.97
777.331
786.639
758.952
873.924
1624.2
1191.61
979.751
794.507
1567.86
1131.62
819.558
1623.88
1291.83
962.621
1068.24
972.576
896.596
1226.47
885.37
655.836
1095.74
794.887
1781.22
1222.87
1060.94
883.515
2445.33
831.663
1041.23
1276.04
1292.88
1709.24
1556.5
800.075
948.278
1699.15
1422.21
1615.79
1083.85
1336.89
1102.92
1135.9
1064.86
1095.11
1511.74
1058.02
1184.93
1906.77
1353.3
1346.18
1502.13
2547.91
1137.46
1085.52
1551.41
1864.96
1215.03
1275.59
832.688
759.975
828.543
747.693
1300.05
1572.73
939.804
1095.22
1156.28
1113.63
958.062
637.29
1204.14
1526.7
1063.88
1192.04
1305.77
1485.23
1011.37
828.719
1477.24
1400.42
1062.2
1666.62
1262.87
991.748
967.403
1641.19
1599.71
1344.54
1929.35
1013.15
1836.28
1543.3
994.276
1437.16
1192.42
1158.48
1897.49
921.309
1896.86
1453.88
2064.18
1507.59
993.537
1074.89
1053.99
1106.82
866.989
1755.57
1162.71
1323.64
1420.17
2023.78
784.718
1243.82
1502.4
1718.36
829.295
1023.86
1234.11
1269.08
1457.67
941.509
958.389
1084.02
1813.59
1537.47
1174.27
810.241
1498.79
1030.27
2434.03
1188.57
1273.66
993.706
910.249
1201.63
2713.92
1039.85
932.417
1727.94
2113.52
2936.51
1071.6
1261.54
1359.26
1191.68
1486.87
2124.99
1218.34
1073.81
1844.51
1030.6
1346.36
1655.53
2087.71
912.309
2362.14
1478.35
1292.14
1357.82
1392.69
1258.64
1314.36
2259.77
2388.99
1771.27
1742.13
2215.52
1705.5
1574.86
2658.15
1910.34
2024.58
1995.94
2270.35
1430.52
1643.31
1584.48
1157.67
1136.23
1718.49
976.771
1661.17
1317.26
983.687
980.77
1222.72
1647.77
1465.8
1457.83
910.925
1104.58
1912.64
1524.22
1192.68
1208.88
1454.71
856.611
1174.21
1141.78
800.727
974.624
1635.46
1226.91
881.413
986.222
1344.93
1123.28
842.018
1733.62
1966.85
1385.19
1587.99
759.467
582.523
1116.4
1551.66
1133.95
1423.97
964.891
1416.81
1324.19
800.475
1382.13
1132.22
887.118
1787.05
857.166
814.232
1761.81
1422.2
702.108
717.442
580.469
1651.67
1787.65
2019.07
1126.48
1066.31
1405.01
997.435
1197.63
1736.87
1530.87
2434.92
1251.4
1308.94
1312.42
826.555
1705.59
1078.55
934.11
1379.58
1512.81
1582.31
