0.288903165
0.637732828
0.694272041
0.833095238
0.962991622
1.070266399
1.193269189
1.312701588
1.434397855
1.521320737
1.672587424
1.815025695
1.903293470
2.035096149
2.179731245
2.288440543
2.380751336
2.468023917
2.576725628
2.682850387
2.773578446
2.878881059
3.003257950
3.109631044
3.216674940
3.306857236
3.431866429
3.538062220
3.643337697
3.752227365
3.839657934
3.965589916
4.073366198
4.182157697
4.272109714
4.377945659
4.502282211
4.606511816
4.710591426
4.815255344
4.906060505
5.024701068
5.127608896
5.232853973
5.336093673
5.440073597
5.544811528
5.653034399
5.742445405
5.862411343
5.964454866
6.073166267
6.177465116
6.281749058
6.369442861
6.492060116
6.598812497
6.703155990
6.792183671
6.902854321
7.010952252
7.112387521
7.202829403
7.311035431
7.432659299
7.539991244
7.626129266
7.730043629
7.835547210
7.961811461
8.050134380
8.167379354
8.267818646
8.369937287
8.477091798
8.579071503
8.668931251
8.774214260
8.892540164
8.995199606
9.084378628
9.191969482
9.294924513
9.399480734
9.502942404
9.608950387
9.713794829
9.817954826
9.906456755
10.030362367
10.132829346
10.239308824
10.354356020
10.444303657
10.549891872
10.640487754
10.768492551
10.873209439
10.978871800
11.082186176
11.193175896
11.283179277
