3207.64
3175.26
3217.11
3206.75
3209.99
3237.4
3224.49
3207.46
3232.08
3215.83
3215.5
3222.61
3196.01
3218.98
3219.72
3220.12
3214.17
3224.71
3205.5
3226.17
3227.46
3199.47
3216.21
3197.2
3206.8
3214.23
3222.84
3212.65
3218.41
3213.48
3224.62
3206.54
3219.79
3195.59
3188.55
3213.47
3206.32
3192.16
3192.49
3196.36
3207.52
3187.03
3192.18
3218.64
3205.95
3210.33
3198.5
3222.06
3209.65
3221.02
3189.43
3207.45
3207.36
3212.16
3193.14
3219.48
3216.28
3201.34
3218.91
3218.57
3215.7
3210.19
3182.37
3200.46
3191.72
3213.59
3200.03
3213.57
3217.06
3208.33
3189.39
3193.2
3184.89
3173.68
3175.78
3220.2
3212.17
3189.53
3203.33
3206.88
3202.76
3207.77
3187.94
3199.03
3200.08
3201.78
3182.19
3159.28
3218.92
3206.58
3206.98
3215.83
3193.37
3212.79
3213.69
3210.99
3228.91
3215.33
3218.75
3200.56
3192.71
3213.13
