0.288903165
0.348829663
0.056539213
0.138823197
0.129896384
0.107274777
0.123002790
0.119432399
0.121696267
0.086922882
0.151266687
0.142438271
0.088267775
0.131802679
0.144635096
0.108709298
0.092310793
0.087272581
0.108701711
0.106124759
0.090728059
0.105302613
0.124376891
0.106373094
0.107043896
0.090182296
0.125009193
0.106195791
0.105275477
0.108889668
0.087430569
0.125931982
0.107776282
0.108791499
0.089952017
0.105835945
0.124336552
0.104229605
0.104079610
0.104663918
0.090805161
0.118640563
0.102907828
0.105245077
0.103239700
0.103979924
0.104737931
0.108222871
0.089411006
0.119965938
0.102043523
0.108711401
0.104298849
0.104283942
0.087693803
0.122617255
0.106752381
0.104343493
0.089027681
0.110670650
0.108097931
0.101435269
0.090441882
0.108206028
0.121623868
0.107331945
0.086138022
0.103914363
0.105503581
0.126264251
0.088322919
0.117244974
0.100439292
0.102118641
0.107154511
0.101979705
0.089859748
0.105283009
0.118325904
0.102659442
0.089179022
0.107590854
0.102955031
0.104556221
0.103461670
0.106007983
0.104844442
0.104159997
0.088501929
0.123905612
0.102466979
0.106479478
0.115047196
0.089947637
0.105588215
0.090595882
0.128004797
0.104716888
0.105662361
0.103314376
0.110989720
0.090003381
