770.124
1549.98
719.243
1034.21
546.455
2261.19
1804.65
622.317
504.856
543.705
835.613
2011.37
2324.08
970.498
1176.97
559.017
3275.72
2392.04
2110.6
507.125
2040.89
856.747
1095.82
646.448
487.255
744.028
668.409
3054.93
2626.97
935.846
698.005
1001.15
437.223
2538.36
644.592
2717.46
687.745
2628.25
3211.84
1298.16
663.208
592.47
2138.83
762.96
440.017
552.974
4187.82
1981.38
705.814
782.518
3164.83
1102.16
2407.4
846.84
604.781
2513.78
603.342
664.522
1343.7
1457.61
715.558
807.588
501.537
3107.07
1079.02
517.046
442.094
1741.29
2965.82
2128.13
1932.96
730.716
588.576
567.807
3238.74
1246.49
1678.03
2451.04
715.067
1729.22
1563.11
3255.49
649.762
883.338
2673.43
1876.38
864.336
491.302
2666.57
2895.43
1239.7
1288.09
5485.29
1209.04
2205.97
627.423
1235.32
1361.66
722.178
2776.91
533.371
488.38
855.782
671.472
468.137
738.902
690.26
2375.6
653.706
624.732
745.405
698.319
777.894
1042.2
1596.16
1066.8
522.313
578.763
537.467
712.996
1122.92
725.299
590.119
2383.83
1194.09
2136.01
1349.95
511.242
658.226
1972.16
563.669
1042.19
542.254
3111.33
2052.65
632.583
2112.45
473.396
4283.62
728.972
864.206
688.377
473.359
865.195
539.164
612.637
1329.78
837.186
2283.51
2108.6
1093.56
1067.78
511.861
2263.9
1041.55
474.855
609.806
685.672
822.156
2682.19
2537.95
608.765
588.112
560.298
1516.3
2523.9
922.93
703.61
546.475
1765.55
1833.55
661.582
509.362
895.191
1236.21
636.356
587.541
783.825
442.879
592.05
916.148
1183.89
1961.05
2079.26
846.034
1874.13
626.368
756.17
641.047
2942.55
867.277
2725.31
855.846
601.93
2431.09
699.521
1168.25
580.032
842.165
2627.93
2537.84
472.073
560.005
622.585
3232.11
511.656
1920.55
737.533
486.676
1129.26
2624.79
1117.6
578.628
2431.63
474.182
557.634
805.947
518.532
516.718
2869.24
971.769
2387.3
563.917
584.362
2151.5
634.934
1070.24
1110.95
519.765
537.727
1596.8
2342.25
1081.39
622.474
1288.84
3412.18
868.084
477.791
623.94
2342.12
734.206
493.879
819.69
1429.11
707.866
1617.13
451.165
430.674
485.551
2328.83
607.586
1514.86
1003.29
2472.66
2418.42
469.54
591.872
1222.71
2305.97
539.057
2009.18
598.557
1922.21
2119.73
436.85
744.927
1145.75
525.503
865.079
1562.88
630.974
1959.79
1476.17
967.486
655.531
587.385
780.416
529.136
497.338
745.821
521.097
509.748
1954.03
2623.33
1584.69
536.416
830.251
1933.24
877.961
1542.72
2986.69
760.227
587.718
583.649
551.509
505.025
1012.98
519.299
1080.99
589.392
1323.97
1162.21
1167.16
532.767
1255.74
455.924
926.736
648.447
577.736
572.166
1061.63
2042.85
679.475
503.227
1679.09
1788.6
515.693
