0.187909
0.187909
0.188739
0.187078
0.187909
0.190395
0.188739
0.187909
0.189568
0.189568
0.188739
0.190395
0.187078
0.190395
0.187909
0.188739
0.188739
0.188739
0.187909
0.189568
0.187909
0.187078
0.186246
0.185464
0.187909
0.187909
0.189568
0.188739
0.189568
0.188739
0.187078
0.186246
0.187909
0.187078
0.186246
0.187078
0.187078
0.185464
0.185464
0.186246
0.187078
0.185464
0.185464
0.187909
0.186246
0.187909
0.187078
0.188739
0.187078
0.187909
0.187078
0.187078
0.187909
0.188739
0.187909
0.188739
0.188739
0.187909
0.187909
0.187909
0.188739
0.186246
0.186246
0.187078
0.184629
0.187078
0.187078
0.187078
0.188739
0.188739
0.187078
0.186246
0.187078
0.187078
0.187909
0.188739
0.187078
0.187078
0.185464
0.187078
0.187078
0.187078
0.186246
0.187909
0.187078
0.187909
0.186246
0.186246
0.188739
0.186246
0.185464
0.187078
0.186246
0.187909
0.188739
0.186246
0.189568
0.187909
0.187909
0.187909
0.187078
0.187909
