0.0484888
0.0484888
0.048703
0.0459815
0.0484888
0.0491302
0.048703
0.0484888
0.0489168
0.0489168
0.048703
0.0491302
0.0482744
0.0491302
0.0484888
0.048703
0.048703
0.048703
0.0484888
0.0489168
0.0484888
0.0482744
0.0457769
0.0478578
0.0484888
0.0484888
0.0489168
0.048703
0.0489168
0.048703
0.0482744
0.0457769
0.0484888
0.0482744
0.0457769
0.0482744
0.0482744
0.0478578
0.0478578
0.0480595
0.0482744
0.0455847
0.0478578
0.0484888
0.0457769
0.0484888
0.0482744
0.048703
0.0459815
0.0484888
0.0459815
0.0459815
0.0484888
0.048703
0.0484888
0.048703
0.048703
0.0484888
0.0484888
0.0484888
0.048703
0.0480595
0.0457769
0.0482744
0.0476423
0.0482744
0.0482744
0.0459815
0.048703
0.048703
0.0459815
0.0457769
0.0459815
0.0459815
0.0461858
0.048703
0.0459815
0.0482744
0.0455847
0.0482744
0.0459815
0.0482744
0.0457769
0.0484888
0.0459815
0.0461858
0.0480595
0.0480595
0.048703
0.0457769
0.0455847
0.0459815
0.0457769
0.0484888
0.0463898
0.0457769
0.0489168
0.0484888
0.0461858
0.0461858
0.0459815
0.0461858
