3232.63
3246.65
3228.37
3235.87
3225.62
3248.77
3243.41
3220.4
3227.23
3227.56
3233.08
3240.51
3245.87
3234.77
3243.72
3228.38
3257.67
3246.02
3246.99
3224.37
3251.07
3236.9
3232.57
3222.5
3226.48
3236.53
3230.49
3254.34
3253.17
3226.95
3228.54
3231.59
3231.43
3251.44
3230.22
3249.32
3227.93
3252.37
3251.77
3238.05
3223.46
3223.38
3246.7
3240.83
3227.62
3230.05
3253.92
3241.01
3225.9
3233.41
3260.95
3244.29
3250.35
3236.57
3226.26
3254.32
3231.78
3233.74
3244.78
3246.36
3233.21
3233.37
3232.33
3253.61
3234.98
3225.85
3223.72
3243.12
3251.62
3250.74
3249.07
3234.38
3229.1
3228
3252.06
3248.38
3248.47
3249.65
3237.65
3254.86
3250.47
3263.08
3233.83
3239.88
3258.27
3246.37
3241.92
3236.28
3250.45
3252.15
3241.51
3245.06
3270.79
3239.96
3246.86
3232.92
3234.81
3241.43
3241.53
3261.84
3220.37
3227.46
3233.61
3227.88
3216.53
3224.73
3231.29
3257.51
3231.44
3232.99
3233.1
3225.39
3232.23
3236.91
3243.88
3235.23
3219.59
3225.27
3228.16
3233.31
3241
3234.11
3232.71
3206.73
3235.37
3248.63
3238.18
3223.49
3227.35
3247.35
3227.74
3244.92
3232.26
3258.21
3246.37
3230.28
3246.57
3229.02
3263.46
3234.18
3235.21
3229.51
3228.97
3241.49
3220.85
3216.82
3239.7
3232.45
3253.71
3245.77
3234.24
3235.42
3228.49
3245.15
3237.38
3224.89
3227.89
3232.84
3239.39
3250.66
3256.53
3229.12
3230.39
3222.13
3239.29
3255.58
3234.79
3236.45
3230.54
3247.43
3244.93
3223.95
3228.37
3237.47
3251.53
3235.65
3231.83
3234.1
3234.51
3227.03
3233.99
3237.8
3253.25
3246.19
3235.07
3243.15
3227.24
3239.61
3224.81
3253.42
3240.67
3251.36
3241.59
3220.43
3255.14
3232.66
3236.56
3227.38
3241.39
3256.78
3251.56
3234.16
3226.81
3231.3
3252.29
3227.37
3237.5
3233.87
3235.45
3234.79
3244.39
3241.73
3226.29
3246.13
3224.26
3221.91
3231.25
3230.98
3222.82
3253.41
3240.95
3247.84
3225.23
3226.67
3244.44
3234.74
3239.68
3237.37
3224.46
3225.57
3250.2
3251.75
3239.62
3243.69
3244.26
3250.37
3239.29
3221.9
3229.29
3252.29
3232.35
3223.23
3230.02
3246.61
3228.08
3242.51
3227.66
3217.83
3229.99
3247.85
3233.97
3246.16
3236.52
3248.08
3244.41
3230.12
3222.51
3241.23
3247.79
3227.83
3246.16
3222.63
3242.87
3248.1
3223.99
3220.61
3235.23
3221.45
3230.06
3243.94
3231.42
3246.41
3239.55
3238.11
3223.07
3226.98
3236.55
3225.78
3225.96
3226.51
3233.11
3224.64
3237.74
3249.32
3237.84
3221.97
3233.5
3245.12
3238.86
3242.97
3245.18
3234.5
3219.44
3222.9
3235.36
3221.61
3236.69
3234.17
3234.85
3231.34
3233.22
3238.28
3235.57
3224.94
3238.75
3228.8
3239.6
3229.82
3225.33
3226.57
3241.44
3254.24
3232.85
3221.26
3245.51
3241.76
3223.46
