2369.95
3996.7
1925.51
3434.24
2427.12
4467.61
2794.66
2234.15
1540.32
2585
2659.46
3591.91
2282.36
1279.86
2365.61
1916.76
6981.35
4052.92
2387.98
8062.63
2149.22
27641.9
1449.06
2855.21
2801.38
2087.14
42304.2
1311.9
1424.72
1222.34
2084.33
4137.95
2041.41
2342.36
4311.64
4166.24
2285.49
2048.66
23935.5
80112.9
4990.16
1908.56
1140.39
6357.64
2367.37
4820.25
2922.43
2475.27
2850.01
2581.72
2966.02
1262.54
4891.32
3732.54
1815.75
1713.14
1588.67
2754.56
2116.82
1647.77
3634.53
3373.76
2797.13
3795.64
2478.68
24588.9
1831.87
1810.42
2587.01
2628.08
4285.05
21672.7
3847.31
3144.05
2596.65
2277.61
1906.52
2243.98
3054.2
1904.32
1762.98
1638.2
4037.59
2430.7
1559.08
2379.8
60921.5
4048.26
1607.73
1763.47
2619.93
2830.88
5223.52
2181.35
126061
2709.63
3420.17
2550.85
23425.9
2637.18
2586.82
3353.75
25056.4
1904.3
81792
3452.68
4007.3
3416.55
3855.28
3905.22
3259.66
1752.5
2550.44
2277.75
1898.8
4518.3
3143.66
23243.1
3182.24
1550.66
2240.98
3142.74
6018.13
3206.08
1674.57
3651.54
2081.7
3244.79
2493.42
2273.78
1848.13
1919.01
2029.37
1946.95
45650.8
1992.27
2723.91
24968.7
7222.87
4009.81
3645.87
26218.1
7112.66
9104.63
2422.13
8493.96
1865.88
1686.32
2822.03
3241.37
166197
1687.64
2593.9
3505.25
8174.77
3772.76
2576.81
1582.73
3010.06
2195.64
1155.04
27231.4
2119.34
2638.71
2968.16
1567.06
1811.31
7916.32
2110.32
2007.53
22516.9
3093.51
42076.7
7321.69
26021.9
3218.97
4508.07
2339.55
3681.03
3038.59
3352.92
45480.3
1951.06
2320.04
2735.21
1778.54
1732.2
1761.03
1775.86
22635.2
3789.51
3414.26
43622.3
1591.69
2556.63
23024.3
4682.36
2861.18
1525.39
4647.52
1920.38
3106.7
21824.1
2568.55
2808.8
1142.23
7081.16
4330.33
1915.03
2936.38
1567.5
2305.81
3035.55
3582.29
2070.37
1383.3
4034.04
2812.28
1776.51
3015.59
7679.3
3028.02
4803.9
2010.72
1937.3
1961.94
7450.12
5185.86
24503.8
1244.19
5061.17
2049.62
1623.94
1955.35
2193.36
2258.77
