3359.03
3379.1
3361.64
3399.1
3364.13
3396.47
3381.01
3376.71
3371.09
3374.46
3383.41
3393.37
3375.53
3358.15
3377.4
3379.77
3405.85
3392.44
3370.95
3416.85
3367.82
3405.71
3381.45
3384.21
3388.84
3388.2
3366.3
3362.84
3366.83
3368.46
3369.29
3400.99
3377.1
3386.18
3394.6
3399.98
3381.06
3386.9
3390.82
3351.43
3410.02
3378.69
3360.56
3399.11
3377.41
3394.94
3388.21
3387.35
3377.48
3386
3382.66
3361.29
3392.68
3394.19
3390.9
3376.31
3380.35
3378.76
3378.24
3369.52
3382.98
3385.94
3388.83
3392.7
3381.53
3400.92
3380.91
3380.88
3366.39
3377.48
3405.88
3381.47
3397.33
3390.46
3380.12
3379.36
3378.2
3374.73
3389.75
3376.16
3381.45
3376.95
3386.59
3386.15
3368.28
3373.56
3349.52
3406.44
3378.41
3382.27
3377.78
3389.72
3416.71
3374.01
3355.62
3378.67
3401.72
3395.26
3382.12
3392.1
3381.18
3403.22
3408.62
3378.83
3369.76
3393.83
3389.37
3391.11
3395.69
3391.37
3384.6
3378.48
3388.89
3389.93
3386.59
3392.21
3387.69
3384.57
3398.02
3371.99
3391.87
3391.57
3398.72
3400.32
3385.89
3393.78
3381.3
3388.88
3372.32
3371.07
3377.97
3388.61
3389.83
3376.6
3383.93
3377.88
3397.48
3397.58
3414.65
3410.28
3385.12
3403.32
3426.38
3438.15
3390.21
3432.09
3386.59
3382.68
3397.66
3412.91
3344.57
3389.09
3395.5
3402.12
3430.12
3416.13
3393.54
3375.92
3398.95
3395.59
3367.01
3410.89
3378.94
3394.4
3383.27
3395.04
3379.5
3426.46
3388
3377.58
3385.94
3386.49
3369.26
3423.49
3401.74
3387.02
3390.8
3402.03
3380.1
3399.5
3392.13
3386.29
3380.5
3389.38
3397.32
3389.54
3383.88
3379.31
3385.64
3386.85
3409.46
3404.58
3381.09
3387.07
3389.06
3383.16
3400.47
3406.23
3392.4
3408.37
3390.66
3391.4
3360.68
3393.69
3390.13
3375.09
3438.53
3413.2
3379.11
3396.59
3372.19
3384.43
3392.72
3392.93
3390.88
3371.72
3400.99
3382.14
3376.17
3391.32
3426.34
3386.97
3402.26
3389.96
3379.02
3378.56
3412.99
3409.42
3386.23
3392.32
3400.62
3388.2
3387.93
3384.45
3381.37
3402.15
