3690.7
3682.54
3681
3666.13
3669.51
3681.58
3680.04
3678.56
3681.63
3665.14
3673.76
3685.69
3681.96
3669.1
3659.3
3679.7
3683.11
3668.43
3675.07
3651.41
3648.3
3673.06
3681.64
3686.52
3696.06
3678.94
3682.07
3676.21
3675.37
3679.39
3686.88
3695.36
3673.07
3670.58
3672.3
3673.18
3664.99
3682.05
3670.41
3667.77
3682.33
3682.53
3668.26
3669.31
3680.18
3690.05
3671.47
3693.49
3702.84
3680.22
3690.03
3686.8
3683.94
3674.34
3685.29
3653.04
3675.26
3669.54
3674.41
3665.92
3686.87
3693.27
3678.8
3694.91
3685.72
3684.9
3677.81
3651.44
3676.66
3690.57
3682.45
3708.76
3684.12
3682.73
3671.04
3687.58
3688.82
3704.23
3714.23
3681.45
3679.55
3694.89
3686.55
3684.28
3684.74
3655.72
3691.46
3694.71
3672.04
3690.99
3684.98
3683.94
3690.97
3685.82
3694.91
3679.82
3681.63
3681.57
3699.55
3683.37
3643.73
3702.33
3692.49
3687.47
3679.69
3676.05
3713.86
3689.64
3690.09
3681.24
3690.87
3670.48
3696.22
3677.27
3663.35
3678.36
3688.85
3680.88
3702.11
3670.49
3676.87
3697.87
3687.36
3691.61
3683.07
3688.57
3678.02
3681.05
3680.7
3697.71
3692.33
3676.76
3678.34
3689.93
3686.03
3676.64
3697.7
3669.21
3688.8
3664.01
3668.82
3676.03
3680.46
3685.74
3669.88
3684.6
3679.52
3694.67
3679.32
3685.88
3685.24
3702.84
3674.71
3713.54
3692.26
3697.11
3686.3
3687.89
3681.09
3687.91
3697.34
3677.99
3694.17
3699.05
3684.71
3677.55
3686
3681.45
3693.26
3687.67
3694.25
3690.85
3674.71
3681.9
3688.37
3674.3
3697.47
3695.58
3675.62
3696.9
3682.94
3691.51
3686.08
3688.61
3692.12
3706.75
3690.97
3703.11
3692.12
3689.57
3685.81
3692.17
3688.65
3676.07
3680.68
3677.61
3697.22
3683.58
3708.74
3701.04
3679.96
3688.03
3693.64
3692.44
3700.31
3676.06
3685.3
3681.83
3692.19
3684.08
3695.68
3697.67
3683.28
3670.57
3688.71
3686.68
3684.26
3696.37
3707.79
3682.87
3677.37
3679.9
3685.83
3647.71
3675.68
3691.15
3687.74
3690.82
3677.37
3678.06
3673.65
3684.35
3672.68
3707.12
3683.89
3675.17
3673.64
3688.18
3672.27
3686.92
3683.98
3688.3
3690.79
3701.17
3688.95
3683.84
3679.42
3693.71
3678.66
3683.49
3672.31
3664.5
3709.31
3699.69
3709.15
3695.74
3695.64
3679.33
3690.2
3702.81
3690.32
3693.1
3692.88
3670.71
3674.84
3682.41
3685.37
3696.98
3703.51
3695.78
3707.4
3707.06
3703.75
3690.88
3689.84
3684.42
3685.15
3685.56
3682.92
3696.93
3686.26
3707.02
3687.99
3692.31
3706.05
3697.59
3682.7
3683.43
3699.24
3691.5
3683.98
3683.23
3675.01
3688.68
3690.89
3671.44
3682.51
3697.49
3685.09
3689.6
3680.41
