3289.86
2247.57
4422.49
1240.43
2518.95
3212.96
4305.43
3339.53
3617.7
2219.63
3417.11
5316.68
4959.07
2597.15
2149.28
3085.23
4464.03
2725.25
4027.48
1193.7
1242.83
2121.54
3619.39
4223.61
3617.05
2264.09
2829.32
2525.97
1370.25
3667.8
4321.17
4475.12
2065.56
1509.75
3164.39
2310.55
1608.45
1870.74
2091.1
1410.19
1867.94
2982.08
1765.34
2051.5
3912.11
4847.11
2212.36
2837.59
5097.58
3139.84
2135.27
3400.08
4912.35
2858.76
4191.64
1442.27
2877.46
1937.49
1753.19
1781.44
3359.54
2817.72
2991.08
3887.53
2663.47
3928.8
2390.45
1118.27
3411.07
3374.71
3198.18
7396.78
2498.65
3514.02
1479.93
3690.76
1968.84
5150.94
5805.52
2324.79
2444.08
5714.82
3905
2115.74
2648.29
1770.4
2769.74
4523.24
1959.58
4768.81
2539.16
2185.57
4478.25
2893.76
2970.74
1866.81
2666.71
1783.83
5504.29
2548.85
2599.67
3399.07
5417
2727.87
2327.02
2952.76
7974.17
3427.56
3329.55
3675.49
3792.46
1547.95
4655.14
2329.72
2388.74
2774.83
2229.24
1319.67
6224.6
2066.88
1880.67
4678.89
3070.87
2453.6
1830.16
3090.89
1975.48
2865.55
2615.23
2563.15
2697.56
2965.29
1607.41
2556.29
2389.68
1676.19
4637.82
1763.74
4096.33
1197.61
1567.06
2227.3
2289.73
3053.62
1390.79
2800.71
2388.48
3980.04
2695.45
2500.83
3237.76
2529.25
1331.16
5795.38
2193.38
3322.67
3224.51
2769.1
2321.69
2636.85
3766.09
1738.2
3748.35
3974.95
1410.02
2597.77
2128.52
1839.19
3016.08
3025.13
4231.29
2281.11
2088.67
2169.12
3631.6
1781.59
2408.8
2462.11
1142.93
2186.63
3154.51
4734.59
3885
3904.47
2879.59
4792.45
4054.05
3736.08
2729.41
2291.74
2374.23
3041.15
2692
1373.06
2350.96
1184.58
4127.99
2603.52
6259.53
4792.53
2100.54
2935.04
2386.87
3333.06
6974.18
1806.58
2126.54
1822.97
2607.8
2623.5
3586.45
3877.13
3016.06
2210.42
2697.67
2595.3
1979.7
4892.48
7123.95
3354.59
2497.94
3017.92
3948.62
1371.73
1634.32
3103.08
3027.5
2605.2
2626.79
1994.31
1738.72
2338.68
2199.36
5698.28
2796.35
1744.41
1929.03
2569.23
2054.46
3133.42
1913.63
3345.92
3545.79
6103.3
3340.1
2795.83
2993.15
4458.34
1968.88
3961.08
2378.78
1433.36
7411.56
6108.53
5436.78
3418.71
4523.74
3041.57
2666.62
4832.13
2622.39
2934.59
3536.8
1428.76
1522.8
2327.33
2803.46
4751.55
5075.26
4272.37
5560.27
5991.45
5675.65
3573.41
2035.66
3640.61
2153.75
2602.92
2556.16
6172.71
3036.18
6305.24
2329.63
3964.95
6543.23
4204.36
2234.84
2391.93
7977.68
2728.46
4424.35
2258.22
1821.65
2917.76
4857.17
2382.54
2547.42
4365.36
3474.8
3390.86
3453.72
