2819.94
4810.95
2486.93
3586.88
2454.43
5089.91
3342.4
6010.65
982.223
3200.11
3144.64
2621.94
5387.36
5165.56
3790.83
2643.45
3527.71
3235.8
2432.19
5105.81
4306.93
5210.62
2607.08
1264.1
1445.27
4488.16
3379.26
2750.5
2853.94
4194.18
2395.33
4877.56
4187.18
2654.31
4209.59
4263.98
1796.48
3126.85
2115.56
4495.82
3981.56
4558.17
4668.24
2730.51
1671.73
4488.21
1093.76
2968.34
1226.07
2419.54
3489.69
2429.87
3093.11
2633.4
2551.82
5768.44
3568.32
2690.05
2302.55
1002.3
3614.21
2399.03
2244.59
4293.19
1865.09
5826.98
3586.93
3935.44
1070.2
1821.91
2207.82
4824.43
4303.83
3560.77
2834.24
3290.5
4377.99
4173.89
7071.76
4340.22
4469.02
1982.52
2499.99
3603.71
6723.12
3822.51
3240.11
4037.04
4017.14
2897.94
3297.7
2013.04
2397.41
3309.84
1987.48
4138.9
5196.54
2137.38
2353.56
1886.02
2631.25
5527
3300.94
2754.69
3787.52
3360.73
5848.23
2062.6
2050.04
4391.43
1529.07
1847.54
4488.51
2170.18
3519.37
2872.56
4154.23
2433.24
2850.59
5034.17
4356.1
3020.2
2725.25
2870.03
3671.32
2800.8
2613.79
3537.59
4405.13
3084.46
3989.05
1547.67
6326.75
2932.46
2926.11
4583.86
2702.91
1936.76
1897.97
2744.05
4653.12
2731.69
3415.93
2917.89
2589.59
6157.51
4683.45
1000.55
4238.4
1894.45
3067.65
1084.6
3299.12
2943.82
1356.3
4355.23
5249.15
1447.11
1799.28
3633.51
4882.66
1518.58
2296.06
3143.14
2507.34
3404.15
2148.89
3590.81
1378.17
2376.54
1652.17
1563.63
4258.86
1637.89
4025.5
2803.21
1085.07
3033.93
1957.84
2788.21
3030.16
1056.39
3531.45
2412.16
1054.33
2596.94
1454.87
5251.6
3311.21
3890.95
4044.13
1320.09
2404.31
1848.07
2088.91
1737.89
2849.01
3799.87
4393.2
2799.67
1494.5
2849.92
1758.14
3020.92
1498.26
2919.75
2095.83
1699.82
3851.71
2618.34
2662.24
2012.94
2435.99
1919.4
2521.81
1966.72
3967.18
3417.49
3420.21
2971.67
2662.74
4041.4
1818.15
3308.96
7338.95
2709.38
2188.45
3123.9
1340.35
5174.21
1514.97
1649.34
2119.73
2298.81
3838.13
1713.54
4789.2
6415.55
