3792.2
3781.84
3809.98
3796.32
3797.34
3802.02
3790.76
3805.14
3801.19
3823.63
3811.64
3803.26
3798.04
3816.4
3795.82
3827.71
3800.04
3822.66
3818.99
3826.3
3826.1
3827.73
3802.93
3811.76
3818.21
3826.56
3833.32
3802.73
3800.45
3811.32
3801.12
3806.13
3810.1
3793.61
3798.58
3790.2
3804.91
3803.19
3804.3
3801.7
3816.59
3810.75
3812.47
3815.84
3804.07
3793.96
3788.71
3796.36
3812.28
3801.63
3792.49
3788.35
3804.02
3805.88
3791.83
3811.13
3816.52
3812.57
3819.78
3803.29
3793.23
3805.75
3798.23
3799.69
3792.2
3827.86
3799.37
3825.06
3805.05
3791.19
3811.92
3815.18
3821.43
3796.96
3809.8
3792.4
3801.14
3808.65
3803.29
3814.43
3809.61
3805.71
3815.66
3811
3796.63
3806.31
3818.05
3825.15
3839.15
3816.62
3793.59
3807.62
3795.67
3823.59
3799.61
3799.04
3800.68
3813.99
3813.95
3812.71
3812.12
3781.8
3796.18
3814.35
