0.215878
0.21477
0.218088
0.215878
0.215878
0.215878
0.215878
0.215878
0.215878
0.218088
0.218088
0.216984
0.216984
0.218088
0.216984
0.218088
0.215878
0.219188
0.218088
0.219188
0.220334
0.218088
0.215878
0.216984
0.216984
0.220334
0.220334
0.216984
0.216984
0.216984
0.218088
0.218088
0.219188
0.216984
0.215878
0.21477
0.216984
0.216984
0.216984
0.216984
0.218088
0.216984
0.216984
0.216984
0.216984
0.215878
0.21477
0.216984
0.219188
0.216984
0.216984
0.215878
0.216984
0.216984
0.216984
0.216984
0.218088
0.218088
0.219188
0.216984
0.216984
0.216984
0.218088
0.218088
0.215878
0.216984
0.216984
0.218088
0.218088
0.215878
0.218088
0.216984
0.218088
0.215878
0.218088
0.215878
0.216984
0.216984
0.216984
0.218088
0.218088
0.219188
0.218088
0.218088
0.216984
0.216984
0.216984
0.218088
0.219188
0.216984
0.215878
0.216984
0.216984
0.219188
0.216984
0.216984
0.216984
0.219188
0.218088
0.218088
0.218088
0.215878
0.215878
0.219188
