0.346602899
0.694541998
0.774163474
0.883564993
0.975226501
1.080977674
1.188232539
1.293122181
1.399653230
1.499806723
1.606926141
1.711615639
1.815813706
1.918377845
2.024321010
2.141056473
2.233245207
2.339028625
2.452136641
2.557278760
2.644378718
2.766585829
2.870164597
2.973264008
3.075308584
3.181397551
3.285006298
3.388396498
3.492549249
3.595518719
3.703223165
3.808465476
3.911900969
4.003088748
4.132297831
4.240377258
4.348222013
4.439757378
4.544117158
4.649527034
4.753643511
4.856642238
4.960074446
5.063744484
5.164913084
5.267142111
5.370805289
5.473237566
5.574844943
5.668167451
5.790610902
5.894696534
5.998208568
6.087412729
6.190755292
6.293177492
6.398065284
6.503111028
6.609143192
6.714117035
6.805211791
6.930761451
7.034403157
7.139650200
7.246727842
7.337863609
7.445684979
7.548543762
7.651469038
7.756832392
7.863208515
7.966681062
8.077931863
8.165583064
8.269193906
8.373845836
8.495749968
8.581700724
8.671109013
8.811483606
8.926504522
9.026841813
9.197366128
9.324088087
9.433120948
9.570406775
9.710082428
9.829625388
9.947901625
10.086822594
10.207158468
10.294705587
10.378640949
10.482200935
10.601260736
10.706631411
10.814880477
10.905359769
11.010839766
11.133478898
11.239935745
11.330364899
11.432847026
11.543166903
