3868.72
3878.33
3856.57
3865.11
3866.1
3889.88
3872.6
3884.15
3849.93
3881.01
3867.27
3875.04
3888.99
3893.31
3879.87
3862.78
3874.45
3882.85
3867.74
3886.63
3890.62
3875.6
3885.58
3849.23
3862.21
3888.09
3878.93
3871.98
3870.52
3877.89
3868.4
3877
3884.49
3871.91
3880.21
3874.33
3861.21
3865.83
3863.66
3877.48
3876.54
3878.64
3889.31
3871.02
3857.13
3888.44
3850.94
3869.62
3857.45
3869.74
3884.15
3862.89
3888.24
3873.88
3884.67
3882.31
3879.76
3873.79
3862.26
3852.54
3871.26
3867.2
3868.18
3885.43
3860
3893.3
3872.15
3868.6
3857.93
3865.5
3868.7
3902.51
3891.07
3884.62
3879.07
3876
3879.86
3875.87
3907.12
3885.49
3879.72
3870.78
3870.52
3873.21
3885.44
3887.21
3880.07
3877.56
3875.96
3875.84
3870.73
3867.79
3869.45
3887.95
3873.61
3878.31
3883.15
3860.37
3869.8
3872.06
3877.82
3883
3885.53
3876.15
3885.34
3869.11
3886.77
3876.8
3867.58
3885.68
3865.02
3862.71
3885.24
3871.11
3878.34
3879.5
3877.81
3864.93
3883.12
3888.05
3879.03
3875.08
3873.86
3870.73
3890.28
3881.07
3878.59
3867.44
3885.5
3876.02
3878.75
3865.87
3891.04
3869.49
3872.35
3879.58
3875.42
3873.37
3869.25
3883.8
3889.65
3879.29
3879.31
3883.42
3873.89
3888.34
3873.1
3854.53
3880.15
3864.39
3875.19
3863.37
3878.91
3870.65
3863
3890.13
3887.14
3873.69
3871.6
3883.61
3883.1
3857.66
3867.78
3875.9
3871.47
3875.3
3870.49
3881.23
3863.93
3861.98
3867.3
3862.28
3888.35
3877.87
3886.17
3881.13
3856.18
3874.67
3871.27
3878.61
3871.48
3867.29
3876.24
3869.18
3863.57
3874.28
3862.28
3890.73
3887.01
3873.83
3879.04
3857.82
3877.1
3863.89
3873.2
3862.39
3879.68
3871.78
3881.93
3875.05
3869.9
3880.17
3863.73
3876.05
3855.37
3882.36
3868.63
3868.42
3874.61
3877.06
3878.65
3872.74
3872.61
3867.88
3878.27
3877.9
3891.54
3885.53
3885.41
3872.68
3872.05
3884.52
3873.65
3891.26
3904.08
3882.38
3857.42
3882.09
3865.97
3887.92
3867.47
3874.28
3872.21
3879.81
3878.22
3883.82
3887.04
3893.73
