0.346602899
0.347939099
0.079621476
0.109401519
0.091661508
0.105751173
0.107254865
0.104889642
0.106531049
0.100153493
0.107119418
0.104689498
0.104198067
0.102564139
0.105943165
0.116735463
0.092188734
0.105783418
0.113108016
0.105142119
0.087099958
0.122207111
0.103578768
0.103099411
0.102044576
0.106088967
0.103608747
0.103390200
0.104152751
0.102969470
0.107704446
0.105242311
0.103435493
0.091187779
0.129209083
0.108079427
0.107844755
0.091535365
0.104359780
0.105409876
0.104116477
0.102998727
0.103432208
0.103670038
0.101168600
0.102229027
0.103663178
0.102432277
0.101607377
0.093322508
0.122443451
0.104085632
0.103512034
0.089204161
0.103342563
0.102422200
0.104887792
0.105045744
0.106032164
0.104973843
0.091094756
0.125549660
0.103641706
0.105247043
0.107077642
0.091135767
0.107821370
0.102858783
0.102925276
0.105363354
0.106376123
0.103472547
0.111250801
0.087651201
0.103610842
0.104651930
0.121904132
0.085950756
0.089408289
0.140374593
0.115020916
0.100337291
0.170524315
0.126721959
0.109032861
0.137285827
0.139675653
0.119542960
0.118276237
0.138920969
0.120335874
0.087547119
0.083935362
0.103559986
0.119059801
0.105370675
0.108249066
0.090479292
0.105479997
0.122639132
0.106456847
0.090429154
0.102482127
0.110319877
