-0.042714
-0.0424947
-0.0431511
-0.042714
-0.042714
-0.042714
-0.042714
-0.042714
-0.042714
-0.0431511
-0.0431511
-0.0429328
-0.0429328
-0.040445
-0.0402404
-0.0431511
-0.042714
-0.0406491
-0.0431511
-0.0406491
-0.0408616
-0.0431511
-0.042714
-0.0429328
-0.0429328
-0.0408616
-0.0408616
-0.0429328
-0.0429328
-0.0429328
-0.0431511
-0.0431511
-0.0406491
-0.0429328
-0.042714
-0.0424947
-0.0429328
-0.0429328
-0.0429328
-0.0429328
-0.0431511
-0.0429328
-0.0429328
-0.0429328
-0.0429328
-0.042714
-0.0424947
-0.0429328
-0.0406491
-0.0429328
-0.0429328
-0.042714
-0.0429328
-0.0429328
-0.0429328
-0.0429328
-0.0431511
-0.0431511
-0.0406491
-0.0429328
-0.0429328
-0.0429328
-0.040445
-0.0431511
-0.042714
-0.0429328
-0.0429328
-0.0431511
-0.0431511
-0.042714
-0.0431511
-0.0429328
-0.0431511
-0.042714
-0.040445
-0.042714
-0.0429328
-0.0429328
-0.0429328
-0.0431511
-0.0431511
-0.0406491
-0.040445
-0.040445
-0.0429328
-0.0456253
-0.0429328
-0.0458572
-0.0433689
-0.0429328
-0.042714
-0.0429328
-0.0429328
-0.0406491
-0.0402404
-0.0429328
-0.0429328
-0.0433689
-0.0431511
-0.0431511
-0.0431511
-0.042714
-0.042714
-0.0406491
