5323.53
7326.88
5235.58
8038.64
7564.05
10260
9297.14
7157.42
8870.46
7987.61
9926.97
4878.58
7991.13
4928.24
7771.22
7211.8
8973.46
6628.16
5972.38
6334.9
7932.16
7834.46
7920.48
8030.69
5841.85
7613.47
7682.74
8877.38
5713.32
6630.78
8865.24
7834.59
7701.16
5196.76
9199.63
9967.5
9586.58
7210.15
4443.63
3866.75
4431.54
5937.31
5886.86
5706.22
7328.8
5783.68
7007.89
56249.4
6802.41
9993.6
4766.63
8357.85
5774.43
9800.64
5456.69
7673.4
5041.21
12571.4
7835.45
8112.35
5770.57
6390.71
7215.69
7095.46
8665.03
6660.82
3721.66
7009.48
6208.27
9675.32
7617.22
7547.46
11605.2
13228.8
9844.96
5474.12
9352.28
7380.63
6702.69
9480.65
11653
9665.17
5328.75
4990.39
5855.5
9797.35
4467.19
6625.7
6518.46
4325.7
7067.41
9616.3
9771.91
9094.89
6582.45
4910.78
7658.36
8674.9
5691.02
7581.81
7347.12
6762.66
7629.55
9862.76
7149.44
4711.18
8383.51
11062.6
5504.48
5206
6207.41
6872.3
11400.4
3709.92
6371.71
8561.11
8727.23
7719.71
6017.49
5024.72
5649.69
9147.22
9994.02
13023.3
7522.33
7118.59
6809.1
7301.79
11964.9
6027.08
8692.93
7898.29
6443.06
5675.72
9627.62
4674.32
10470.4
4933.02
4298.47
11077.3
6408.86
5082
4893.99
9233.89
10090.9
9238.65
4085.13
7003.03
4598.31
8631.62
7449.69
4530.17
5899.34
7060.58
4527.52
5919.51
8191
5068.02
8436.72
10506.6
8161.11
8873.91
7914.65
6953.35
7121.48
7067.38
10326.6
5836.41
10192.2
10278.1
11821.1
5987.49
6520.33
4595.04
7296.15
9507.55
6811.47
9508.55
11776
8062.48
5754.98
10832.5
10239.8
6392.15
10254.8
9494.98
9093.53
5725.02
9682.11
7521.3
5443.18
7756.21
6247.59
7003.3
6225.17
6380.31
5313.06
7656.87
8396.32
8167.11
8149.67
9041.5
7388.87
9073.5
5023
11460.3
8709.3
7080.43
5072.55
5770.79
5770.5
7467.16
6238.89
6425.52
13547.9
8420.54
6060.59
4844.65
6640.24
7531.11
7200.59
8549.95
7867.78
4631.99
9249
8551.9
7972.38
6987.69
7648.92
8082.21
11235
5017.49
6478.28
4534.38
5629.81
7225.34
3774.43
10235.6
6327.38
4242.77
10529.1
5729.53
6293.76
9961.57
6490.75
8504.49
6441.94
8062.5
6306.15
6820.49
8842.7
3839.45
6912.97
6638.86
7772.5
5637.55
9653.25
4754.57
10440.7
55088
5001.61
5949.47
7693.44
6326.24
6209.52
6217.98
6003.45
55775.1
7740.54
7317.1
5507.71
4968.89
9878.32
9645.17
3721.86
7980.68
4838.77
9809.16
6608.48
18002.9
10456.5
6447.96
10610.9
6059.54
5277.47
7947.45
9794.58
6096.35
6822.88
6551.92
6963.31
3815.38
7095.65
4009.62
4837.31
1573.43
7763.11
6560.09
5197.71
3393.11
5084.61
2646.73
2321.07
4137.85
2661.43
3224.53
1765.58
3571.69
2407.94
1972.75
1698.41
3035.85
2830.49
2118.28
3651.79
3091.5
3661.49
2603.92
3141.2
4252.67
3391.88
1625.04
3452.78
3097.48
2583.29
3136.5
2780.49
3020.53
3712.88
4224.08
2323.62
2232.15
2387.26
2926.73
4000.86
3015.99
2001.35
2567.69
3228.23
2437.62
1951.83
2226.81
2552.51
3610.47
2982.47
2230.99
3749.2
1570.15
3524.67
3257.18
3285.95
3336
2728.83
1748.07
2738.14
3032.73
2551.89
2496.19
3476.99
2550.72
3052.13
2794.92
2844.7
3118.5
2806.93
2285.73
2107.83
2406.62
3762.33
4744.2
3758.98
6072.76
3350.49
5291.11
7452.85
5946.75
3958.89
4868.06
6187.01
5795.08
253196
8166.78
6863.7
3394.47
7397.61
7567.55
8263.36
53382.7
7366.06
7114.77
9860.31
6627.66
3536.04
6039.46
7985.42
5743.76
6117.18
6567.52
8657.1
6279.51
5984.5
4088.69
6917.07
7429.02
4891.7
5246.35
5621.72
8150.75
3589.32
8963.62
4904.71
7159.7
5601.19
7271.99
3396.41
3409.63
4464.06
434116
3717.63
3360.15
5517.63
6042.06
5742.4
2683.12
1802.64
4100.72
4417.04
8023.46
11420.8
8590.32
10500.9
8449.14
11704.1
4870.21
9234.44
6414.69
6257.83
12806.2
5644.02
9470.89
5741.24
5036.02
3300.39
3693.32
2795.64
2233.68
4549
3885.1
2737.84
4322.73
3052.81
14988.7
6093.38
8089.1
4734.14
7078.28
6488.32
11490.1
5814.04
6201.8
11254.4
11480.7
9263.17
7189.14
10984.8
13730.3
7239.63
8195.41
15202.4
6906.47
11213.8
8767.8
7405.14
6198.5
5720.49
5804.97
6108.03
5744.72
12893.3
7227.81
8035.88
8378.14
9502.87
9903.97
8059.83
13436.2
6474.43
11632.9
12380.8
8589.79
8368.95
6531.08
8930.81
6974
7836.3
6670.12
8013.18
10012.4
7564.79
10243.1
12306.6
6787.11
6481.41
14126.6
10194.3
8656.89
7494.68
9395.89
9435.16
9502.93
5231.27
10539.9
10525.8
7153.35
7706.7
12523.8
14375.2
10672
7933.01
4526.39
5390.35
10604.5
6670.29
7912.48
13434.6
5230.04
11116.9
7519.82
9286.67
11427.3
8649.99
7322.65
11846.6
6471.26
12276.2
14221.2
7642.36
9969.94
8072.26
7441.62
5918.87
9035.92
11128.4
8555.75
14616.8
5567.7
7491.19
7363.64
6239.19
9155.74
9705.48
6159.58
17021.1
11212.6
8423.48
5066.27
13816.9
12481.2
9793.63
10339.5
14785.1
4600.39
12713.7
9332.21
13152.6
10531.5
6879.53
7707.22
5409.17
7843.56
8701.42
10149.3
11121.5
6280.13
3832.74
9018.08
11059.8
9880.54
9661.91
10250.9
4840.39
12257.9
5078.73
5916.72
7273.15
11036.6
9219.72
12130.1
6318.88
4441.28
5250.73
3031.07
4877.27
6480.69
4757.85
3541.69
3341.93
2263.89
4752.17
5123.53
8651.93
12848.3
6436.16
7504.16
6045.32
5928.86
7202.36
7532.74
104327
25624.7
14312.1
7963.49
4532.42
4569.52
2292.82
2528.56
1275.82
3748.71
1091.96
2938.37
1480.09
934.298
2308.19
3264.51
4223.6
7019.83
7591.38
4839.87
3257.49
5568.73
5384.26
3204.11
6646.51
6188.09
5195.38
7857.6
4991.13
4985.78
5069.04
3345.59
4259.84
9450.86
4316.16
4255
5556.64
3620.62
5982.21
4219.15
4548.56
6605.51
5033.57
4141.57
4143.22
5093.5
3661.75
5389.17
5911.1
2955.94
6291.53
4592.62
5065.77
7527.3
4283.69
5477.19
5269.63
6816.5
6695.14
2717.59
5397.96
8985.16
5535.35
3809.23
6409.59
4735.93
5218.62
5362.8
6980.37
4208.49
6388.97
7762.58
5581.05
4325.51
6380.66
5258.74
6180.88
5191.35
3240.54
3530.2
4024.9
4946.05
3563.39
6305.41
4772.79
3532.38
3021.85
3785.18
2755.31
6760.32
5729.35
5663.28
8128.53
5555.35
7965.46
6007.19
2659.88
2818.39
7941.39
5093.11
6231.34
5097.7
3848.33
4792.1
3387
4187.81
3276.37
4023.56
1871.64
8134.34
5808.32
3243.78
4995.35
2981.04
3763.01
4240.31
5534.51
8072.08
2910.11
1720.13
1906.83
2096.61
2640.79
2037.91
1329.96
3406.08
2642.73
1914.12
2112.28
1695.62
3057.29
3185.21
2711.41
3589.8
2353.82
1894.4
3556.39
3566.34
2153.02
1067.71
975.265
617.595
758.876
1042.73
965.734
591.998
784.642
1214.46
1375.27
1930.8
1011.88
1087.7
1044.21
1214.65
1100.58
1031.17
1548.73
735.179
1146.38
1055.78
1602.12
3066.11
1020.42
1695.77
5998.32
5513.04
3784.07
4763.83
181215
3510.92
2929.54
2149.97
1544.13
5500.32
2686.22
3584.14
1118.06
1022.24
2432.7
2515.33
4792.38
4921.94
7611.87
7253.16
5763.8
4987.78
7329.01
6960.54
4849.65
7094.56
7906.27
7177.06
8802.07
6808.88
5751.76
7199.04
4463.54
3165.95
2546.49
1914.59
2256.78
20886.7
5774.93
5636.01
3615.51
5775.3
5321.35
5524.12
6499.56
3337.45
6836.29
3130.15
9446.05
3572.86
8106.78
7114.3
6551.45
5210.36
8429.69
4354.5
7549.52
8360.56
5946.88
5533.31
10015.3
6397.59
6109.17
5063.58
6637.54
4280.24
3726.35
4519.48
5412.29
7758.18
5216.72
4798.34
5750.91
7946.52
6926.3
4807.91
5964.09
6603.68
10163.8
4827.71
4609.95
4818.81
8671.81
7248.87
4788.9
4569.27
5003.33
6711.85
3978.04
5640.03
7090.21
6701.03
4842.52
8454.83
3617.06
9346.35
9802.06
6059.56
6786.61
5676.99
9331.68
12232.7
3240.47
5154.69
6837.1
6781.04
7781.32
4913.99
8967.67
2450.15
5346.3
5682.71
8759.23
7171.95
5805.28
5933.4
7301.52
5061.5
7913.33
8194.61
7678.45
6183.8
7625.71
7483.9
6361.12
9267.79
8379.92
21263.6
7940.72
5883.12
7771.49
1565.1
30847.5
26515.5
5028.06
5086.32
6556.05
7083.42
7773.97
10109.7
8730.93
3014.41
3666.71
2642.16
2915.4
2818.57
2878.46
2775.72
2861.19
2222.48
2856.93
2651.55
3997.78
2405.17
19790.6
590.556
2643.18
597.654
3124.98
5196.29
2754.85
3570.66
3909.45
2147.29
4288.94
3165.44
2658.4
3041.03
2102.05
4115.85
4185.8
4016.59
1597.8
2422.57
2275.36
798.402
2536.42
2908.66
2942.04
2671.82
3028.85
3786.43
2695.05
1566.63
1850.35
3851.38
4431.12
5977.47
3722.95
5262.12
6158.82
2713.42
3765.26
4625
4151.1
5541.04
2721.15
3350.37
4705.85
4689.65
4252.36
4640.26
3952.01
4136.13
4760.85
2413.72
3298.9
2892.33
3762.4
3130.79
2782.75
4114.59
4126.65
2711.55
4532.91
4189.62
3874.66
3692.28
3308.2
4669.52
3432.16
3395.86
2182.02
2782.1
2696.36
3851.46
3568.58
3895.66
3219.48
3000.68
3961.07
3262.6
2376.7
3932.76
2328.11
4188.19
2544.03
3089.63
2852.11
3871.66
2992.65
2565.78
4002.04
3941.14
2668.3
2202.64
2848.99
3457.59
4745.52
3499.53
2527.07
3017.31
2719.75
3310.71
2243.89
4466.05
2699.39
3806.81
4259.91
4518.45
4520.31
3241.75
4710.85
3627.99
2660.18
3198.67
3084.46
5912.17
5670.03
4778.28
3289.33
4785.06
4716.71
5290.12
4100.58
2193.64
3425.23
2743.58
3727.81
4887.37
5236.25
2896.27
3222.07
3221.95
3059.58
2719.51
3148.78
1150.39
2584.23
5848.35
3410.1
2295.61
1904.68
3794.6
96225.1
9247.68
10479
7252.61
11823.5
9885.71
6996.54
5803.39
7236.87
6430.51
5082.41
8835.61
7198.66
4391.16
5558.12
6052.02
5220.35
4419.29
5645.17
4518.14
5118.65
4464.19
5244.82
2983.71
13351.2
1812.28
1901.12
1702.89
1264.93
2155.71
1929.74
1312.1
1892.74
1456.26
1965
1391.34
1983.01
1232.56
2317.44
2688.09
1327.48
2314.74
1964.64
906.954
3183.95
2673.61
634.25
5114.41
1287.7
1973.64
1372.66
1948.62
3137.27
1956.28
2003.69
1740.2
1560.87
3599.71
1288.86
1963.41
2276.08
2219.77
3502.56
722.949
1330.9
2083.56
1621.15
1694.59
848.838
1986.02
1308.91
1855.89
2738.95
3627.6
3402.59
2719.01
1597.2
2244.7
2371.78
1963.99
3373.15
1876.09
1355.94
1967.7
1681.21
1574.51
2105.71
2795.84
915.496
2378.68
2329.81
2060.57
1774.74
1578.8
1560.44
1764.23
2690.27
2100.1
3382.5
3953.04
2577.05
2983.18
2856.35
3714.89
2339.48
3789.31
2436.66
2566.9
1744.49
1397.05
2792.86
2173.51
3889.01
4841.39
1821.82
3169.86
4471.74
4969.91
3203.54
3114.98
2425.03
2392.64
2467.76
2134.83
3144.57
625.198
3155.63
575.149
1135.22
1596.6
2133.72
1627.44
2443.05
2320.4
2225.38
1514.22
1647.28
3068.52
2800.98
2321.17
2612.4
74778
6731.5
7175.54
10775.9
10679.8
11928
5786.24
7400.35
9053.73
5668.44
8403.48
9845.93
8368.08
7414.42
15783.8
11173.4
7351.98
39321.7
3747.18
5190.76
8824.95
281608
21695
20840.3
21180.1
460170
22327.6
39947.9
24441.6
24532.7
24318.4
21446.2
20337.6
25286.1
17897.2
12886.8
13859.2
14845.7
16658.2
16690.6
18110.8
91592.6
21453.7
22414.2
22049
22322.8
24502.2
27246.4
40172.8
30166.1
23573.2
21145.7
24316
7929.17
1730.27
3373.24
3263.69
2292.89
3771.67
1875.47
1114.04
1653.88
2611.2
2134.41
3469.66
2120.21
6189.75
4141.26
2488.95
4531.52
4336.48
4160.15
3316.02
3985.22
3869.45
3909.21
2546.3
1907.47
2695.09
1956.92
2050.04
2192.93
3200.5
3969.5
1955.11
4690.19
2036.26
2039.42
1674.85
3345.12
1931.85
3175.31
1797.7
1879.71
1673.53
3045.35
2676.84
2159.08
3090.55
2650.05
2396.83
3600.25
2495.63
3043.5
3699.84
2732.13
2311.12
2402.97
2970.43
2906.67
2401.46
3475.41
3254.51
3125.57
5095.64
3300.1
4111.25
4633.38
3283.57
3086.1
3058.05
2553.57
3156.22
3457.9
3400.95
2468.93
2224.28
2618.13
2497.64
3425.86
3610.5
2477.61
3273.03
3055.27
2449.16
2777.5
3819.83
4400.43
3503.58
4029.01
1983.64
3327.83
4064.35
3929.4
3443.89
2736.24
1978.29
3227.43
2329.5
3306.8
1840.94
2912.56
3768.73
2827.56
3759.28
3392.89
3997.74
2271.66
3104.16
4428.14
3695.05
4024
2098.12
3565.26
4363.08
3164.34
3176.3
2354.72
2260.89
2641.51
3291.69
4242.01
3308.46
3720.6
2402.76
1805.38
2531.64
1110.78
1948.69
3666.4
1904.36
1839.26
1829.09
3090.52
1756.39
2064.6
1865.24
1753.93
2181.05
2715.29
1598.58
227546
1.11192e+06
35183.6
19007.5
9718.04
10165.1
46785.5
4149.15
4345.42
80078.9
46080.7
3163.99
2860.36
1760.34
1639.12
903.671
761.989
1135.05
869.235
738.413
993.621
944.071
1258.87
928.284
2209.7
764.559
1254.62
2194.34
2296.97
1627.59
705.593
2097.78
663.288
962.895
672.537
2476.33
1781.68
1741.81
1644.5
1005.08
883.614
824.714
1791.79
829.808
1417.51
1181.53
1536.32
2318.31
1534.25
1388.53
1972.4
1819.29
1827.03
4331.33
1508.44
1723.33
2484.4
3536.53
2674.31
2092.06
1862.52
2394.1
8618.56
13016.1
9317.22
12002.5
11531.2
2264.58
10808.5
11644.3
8293.7
6087.11
6625.64
6713.84
7647.45
8062.52
7014.48
9802.35
6183.35
5862.78
9192.82
4723.1
5741.54
6969.5
7939.9
5758.24
4836.74
6936.78
4764.39
10553.1
7408.93
7889.08
6107.82
7611.23
6899.94
10822.4
14691.4
8441.06
15090.9
8514.71
4749.97
6397.7
10405.1
9001.92
10474.6
23074
23570.8
16548.7
10733.9
4233.17
2911.2
4027.49
3901.82
1880.58
2903.09
3368.21
3397.16
2248.52
4303.41
11806.2
203943
221005
270412
280014
310547
393245
1.21628e+06
800132
612388
347856
206151
276153
301112
175534
227263
148127
21077.6
16607.1
3739.8
3433.09
2524.31
3431.02
2019.45
4814.21
4893.18
8999.94
4782.72
3643.75
1.27771e+06
418790
8445.53
3832.43
3675.75
4322.87
4607.95
4671.45
4082.38
5123.38
2211.43
5637.91
56003.4
2125.91
1438.43
1577.85
1817.01
49643.1
192777
3486.22
4951.39
7847.73
12802.4
8147.82
9259.05
8395.94
11439.6
12341.9
9677.36
6246.31
12690.3
10322.7
12387.5
11595.8
12971.3
10907.4
9153.36
10132.9
7640.15
9971.68
14178.5
12835.4
12142.1
10809.2
7199.61
11619.3
12234.1
8293.18
12015.8
4943.89
9815.17
13349.9
9332.07
12709.8
13916.5
14937.3
12162.6
9373.02
7850.03
12280.9
10601.5
12740.3
12389.7
11402.5
13209.3
10912.6
9844.47
13063
10890.7
8884.86
9555.12
10437.3
11587.1
12655.1
9823.96
14392.1
10282
12101.3
16836.3
12394.9
13369.1
14564.9
10488.4
14435.5
8223.09
10230.9
6682.93
11484.1
9689.22
10524.1
13859.8
10563.7
9579.35
12962.3
11842.3
11374.8
14661.3
10692.5
11322
16726
15958.4
14356.2
13100.7
11467.6
12441.1
15199.7
14197.7
13656.8
11479.9
11515.7
11799.5
10079.3
13069.7
11952.2
10197.4
14402.1
19932.1
13245.1
11057.1
15464.8
10144.8
16849.8
15446.1
11468.1
12338.3
15734.2
11610.9
9344.18
9815.99
11961.3
10093.3
10716.6
8538.34
11870.7
8589.19
12256.7
13491
14983.5
11330.4
10589.8
12623.4
