4193.98
4199.25
4200.26
4187.51
4200.13
4224.19
4226.53
4200.51
4198.28
4213.79
4212.25
4193.79
4199.74
4220.9
4194.62
4212.63
4208.62
4221.86
4231.33
4191.35
4199.24
4208.3
4228.13
4197.39
4175.23
4248.24
4220.64
4220
4205.17
4208.23
4214.75
4205.07
4220.39
4185.19
4218.05
4220.81
4177.23
4187.88
4191.63
4172.94
4220.25
4208.28
4203.54
4216.18
4172.44
4192.92
4215.14
4192.15
4196.77
4217.01
4182.86
4230.55
4196.76
4213.72
4237.91
4200.09
4188.27
4205.9
4213.01
4193.1
4216.97
4234.04
4210.96
4229.25
4220.05
4217.21
4202.99
4174.74
4202.94
4227.22
4208.22
4215.31
4259.3
4240.32
4256.41
4215.04
4237.55
4205.93
4211.65
4208.23
4218.24
4246.73
4229.8
4199.35
4196.56
4214.88
4205.15
4213.24
4227.25
4183.67
4213.01
4225.04
4214.79
4246.52
4208.57
4200.59
4221.61
4228.53
4216.04
4240.95
4217.44
4234.33
4222.01
4233.01
4183.81
4201.78
4236.87
4240.77
4218.3
4211.66
4258.68
4217.41
4230.45
4198.92
4221.64
4230.8
4217.24
4253.87
4215.76
4211.61
4227.3
4242.55
4216.94
4265.04
4208.2
4209.4
4206.39
4231.88
4213.3
4196.86
4207.09
4227.81
4195.63
4236.24
4251.53
4209.77
4229.94
4210.99
4228.2
4248.69
4197.6
4214.01
4218.46
4247.76
4213.61
4215.01
4196.04
4189.34
4177.3
4230.71
4216.14
4221.66
4229.36
4195.53
4190.17
4212.75
4198.7
4208.56
4264.39
4221.57
4219.22
4230.79
4217.94
4220.11
4224.52
4242.17
4243.15
4201.26
4234.48
4234.19
4246.78
4219.09
4253.46
4210.64
4241.96
4216.87
4229.02
4219.82
4217.6
4217.97
4190.61
4239.09
4256.87
4236.32
4228.74
4248.07
4223.07
4220.25
4206.64
4220.59
4225.42
4229.31
4242.65
4222.61
4234.6
4217.88
4228.55
4236.76
4194.03
4239.38
4203.05
4242.29
4238.67
4238.28
4201.44
4244.45
4246.11
4216.82
4226.75
4266.91
4242.16
4249.79
4213.63
4229.26
4250.87
4251.7
4215.21
4193.16
4199.12
4219.59
4252.54
4234.52
4246.37
4250.84
4234.8
4228.68
4235.39
4200.78
4225.63
4252.89
4230.92
4216.85
4232.28
4231.23
4237.44
4229.44
4229.32
4215.36
4202.9
4226.14
4248.88
4236.97
4227.19
4232.53
4252.23
4219.93
4235.62
4226.64
4233.13
4212
4263.34
4205.32
4220.01
4223.42
4253.99
4220.52
4222.18
4207.94
4259.25
4223.28
4209.03
4157.91
4200.16
4192.47
4212.83
4199.44
4193.03
4184.82
4203.18
4234.5
4217.43
4212.17
4241.12
4178.09
4202.89
4245.47
4215.97
4222.19
4227.94
4306.35
4298.52
4235.86
4270.87
4231.77
4228.51
4254.27
4263.15
4223.36
4211.54
4204.56
4211.1
4191.03
4195.61
4171.91
4163
4120.4
4082.62
4098.37
4092.93
4083.06
4062.73
4067.04
4122.35
4147.49
4129.44
4133.86
4152.66
4116.33
4118.16
4117.75
4121.04
4141.68
4127.3
4130.95
4123.04
4124.5
4155.42
4127.93
4132.96
4128.29
4130.72
4122.79
4153.7
4125.75
4136.21
4107.84
4120.58
4113.74
4149.46
4117.17
4135.8
4131.93
4114.69
4141.17
4148.88
4125.83
4135.35
4140.77
4142.41
4124.49
4131.52
4125.96
4118.38
4145.81
4144.84
4118.6
4163.81
4146.89
4130.5
4141.32
4130.28
4155.39
4138.4
4115.37
4134.63
4160.1
4122.14
4119.63
4151.69
4125.61
4131.78
4157.91
4138.38
4127.17
4156.82
4124.61
4130.07
4132.07
4175.77
4172.42
4178.7
4180.07
4184.14
4224.54
4195.3
4225.27
4194
4194.17
4188.43
4188.54
4158.64
4196.94
4181.43
4191.33
4214.63
4214.68
4207.73
4182.2
4192.76
4194.51
4195.3
4206.25
4214.66
4220.02
4198.61
4208.97
4215.05
4216.67
4220.86
4194.82
4196.43
4192.44
4172.43
4219.06
4210.1
4201.88
4213.25
4253.75
4216.6
4240.62
4211.18
4230.87
4192.42
4223.06
4191.22
4187.31
4178.73
4091.2
4159.6
4193.72
4207.87
4204.98
4189.29
4166.53
4162.93
4173.06
4160.39
4235.54
4241.58
4223.35
4225.06
4233.53
4235.95
4202.76
4272.39
4199.02
4226.76
4233.43
4226.54
4230.52
4192.02
4195.2
4252.86
4208.09
4223.33
4191.4
4205.47
4223.88
4191.91
4244.79
4186.4
4250.25
4205.33
4205.63
4204
4193.54
4228.94
4228.83
4207.42
4227.4
4228.7
4219.65
4234.39
4249.25
4232.87
4244
4226.78
4231.67
4237.29
4226.06
4248.81
4216.88
4242.25
4233.02
4237.64
4213.88
4209.11
4230.4
4258.91
4218.95
4226.87
4245.15
4253.99
4216.09
4236.75
4283.19
4234.24
4238.17
4238.47
4240.62
4216.99
4235.6
4222
4209.63
4225.94
4225.28
4230.31
4224.15
4227.87
4223.35
4215.71
4230.14
4209.18
4232.45
4221.92
4255.27
4232.96
4222.23
4221.83
4227.02
4220.77
4227.42
4212.71
4210.37
4216.13
4270.37
4240.33
4220.09
4205.04
4177.14
4215.38
4244.98
4219.79
4229.58
4231.13
4224.68
4234.5
4240.59
4224.88
4231.6
4217.48
4243.43
4234.04
4204.71
4240.02
4221.71
4239.75
4220.58
4250.09
4243.7
4234.51
4217.14
4234.36
4238.73
4230.06
4206.36
4235.89
4224.37
4212.75
4220.83
4238.28
4222.82
4242.38
4223.29
4198.4
4214.8
4245.64
4264.34
4224.57
4249.81
4238.09
4213.82
4243.89
4223.92
4261.48
4234.2
4207.69
4207.12
4208.24
4223.99
4212.27
4219.56
4210.28
4214.99
4215.15
4212.01
4209.7
4243.96
4214.36
4224.07
4216.43
4229.43
4205.25
4237.44
4211.94
4224.93
4243.69
4231.33
4213.09
4189.33
4207.04
4179.21
4192.14
4213.89
4211.58
4194.28
4209.75
4187.21
4195.26
4201.29
4206.13
4230.44
4228.7
4186.71
4162.17
4183.54
4165.65
4145.46
4131.41
4041.41
4035.5
4080.55
4101.44
4120.73
4112.97
4125.79
4093.3
4120.09
4090.65
4108.03
4106.06
4101.19
4128.21
4151.65
4191.98
4179.64
4207.4
4180.21
4192.16
4191.39
4196.06
4178.9
4198.33
4198.64
4207.33
4209.64
4177.79
4178.92
4197.22
4194.12
4206.38
4182.84
4183.29
4184.19
4199.36
4176.98
4207.47
4205.76
4189.97
4193.95
4195.01
4173.2
4226.12
4192.47
4175.02
4220.02
4180.22
4181.42
4196.96
4184.9
4200.16
4229.15
4222.54
4197.45
4184.31
4213.6
4193.96
4198.67
4198.83
4208.15
4192.73
4196.03
4187.04
4190.35
4199.7
4197.47
4211.63
4180.27
4211.87
4178.55
4196.81
4193.44
4214.31
4210.93
4189.65
4187.65
4178.1
4205.15
4184.87
4204.31
4179.57
4202.3
4192.34
4199.54
4195.81
4171.81
4196.31
4186.64
4205.73
4184.7
4204.42
4210.83
4213.27
4191.88
4196.67
4204.48
4199.97
4208.59
4189.64
4186.46
4164
4204.41
4205.51
4213.17
4165.84
4194.41
4170.12
4202.56
4199.46
4199.59
4199.47
4168.79
4151.02
4188.1
4180.08
4131.7
4172.76
4192.46
4159.82
4164.16
4139.09
4156.2
4138.05
4135.34
4179.24
4128.01
4125.23
4128.58
4143.48
4144.27
4132.91
4126.14
4141.65
4116.03
4110.37
4106.36
4112.82
4110.1
4086.84
4103.13
4074.97
4051.08
4073.38
4055
4048.74
4011.71
4031.08
4053.66
4038.68
4036.63
4055.76
4056.75
4041.01
4030.77
4035.48
4070.47
4074.61
4056.49
4062.27
4072.22
4065.12
4091.64
4104.78
4107.88
4119.11
4103.35
4077.24
4106.53
4083
4083.8
4104.68
4087.47
4085.46
4102.79
4043.85
4065.11
4085.41
4076.14
4136.56
4142.49
4143.84
4159.16
4145.95
4124.52
4181.34
4130.17
4129.09
4130.49
4134.56
4153.35
4143.83
4143.71
4129.14
4130.16
4117.24
4109.09
4091.95
4110.73
4090.04
4183.99
4135.62
4140.46
4076.38
4118.03
4116.96
4105.57
4123.5
4086.11
4109.42
4135.94
4110.91
4117.61
4145.36
4127.86
4126.41
4132.78
4122.69
4116.88
4131.18
4126.16
4130.65
4123.25
4122.9
4151.34
4118.8
4140.87
4121.95
4123.91
4115.63
4118.31
4106.97
4132.98
4123.26
4129.95
4117
4137.05
4110.62
4124.28
4122.95
4149.43
4142.36
4141.19
4126.91
4123.6
4144.38
4131.46
4131.93
4123.34
4119.73
4130.02
4122.07
4144.32
4139.76
4135.19
4133.73
4124.84
4116.46
4137.21
4143.74
4117.34
4110.79
4111.82
4136.66
4131.38
4092.16
4110.02
4095.21
4108.66
4117.84
4094.67
4096.76
4107.94
4135.43
4139.48
4116.47
4141.83
4125
4125.65
4143.95
4141.47
4165.37
4165.07
4157.88
4170.69
4149.5
4156.61
4177.09
4164.51
4166.18
4211.11
4144.45
4129.88
4114.5
4082.56
3984
3999.21
3972.12
3923.44
3938.62
3913.14
3908.28
3947.91
3918.56
3901.23
3901.3
3896.98
3866.56
3887.54
3877.52
3864.92
3878.53
3891.34
3885.71
3903.27
3923.94
3919.26
3834.67
3933.84
3965.45
3942.63
3969.38
3903.05
3946.12
3960.9
3956.56
3968.6
3964.22
3960.44
3954.1
3969.69
3962.05
3964.82
3984.15
3969.24
3957.53
3956.74
3959.36
3941.19
3966.86
3962.58
3962.68
3970.72
3972.9
3966.47
3964.41
3975.2
3958
3952.25
3974.44
3985.53
3961.78
3976.5
3991.42
3968.85
3964.21
3984.42
3974.34
3971.34
3967.67
3971.43
3976.19
3975.72
3969.56
3966.62
3990.92
3955.48
3971.17
3958.7
3967.83
3968.42
3960.88
3960.11
3961.34
3969.01
3962.98
3949.12
3972.91
3965.1
3969.26
3958.12
3965.08
3963.35
3964.9
3968.25
3965.08
3964.06
3957.95
3969.9
3967.7
3968.89
3963.02
3963.46
3967.24
3972.34
3963.5
3970.52
3958.11
3963.79
3953.57
3958.6
3953.25
3969.06
3962.05
3962.47
3965.9
3967.24
3962.29
3953.22
3965.58
3967.61
3980.3
3963.79
3965.31
3955.99
3963.52
3971.89
3954.04
3973.54
3970.11
3957.18
3970.12
3966.03
3971.59
3959.92
3974.12
3963.8
3972.57
3975.4
3982.26
3981.5
3970.35
3955.63
3962.32
3969.35
3969.03
3965.19
3959.36
3958.57
3953.59
3964.56
3962.73
3973.87
3972.96
3981.1
3985.51
3978.6
3977.91
3970.58
3968.94
3953.57
3937.59
3979.5
3957.12
3948.82
3951.19
3943.78
3866.89
3767.49
3804.17
3806.82
3762.88
3766.34
3738.93
3728.36
3708.38
3725.59
3725.36
3687.2
3712.01
3703.66
3713.98
3697.74
3701.99
3717.77
3668.34
3708.63
3716.08
3708.62
3667.84
3705.22
3780.7
3856.42
3856.97
3874.13
3858.78
3865.05
3861.74
3862.71
3862.3
3859.14
3868.61
3869
3865.91
3877.5
3873.03
3871.05
3865.45
3869.38
3873.46
3872.4
3873.34
3872.64
3849.57
3890.03
3854.68
3856.98
3860.27
3870.82
3875.95
3857.95
3856.87
3876.22
3858.17
3879.03
3872.82
3873.86
3872.93
3871.78
3878.22
3852.83
3866.35
3873.93
3865.64
3861.71
3856.34
3869.38
3857.1
3874.4
3870.83
3875.43
3874.62
3864.2
3873.13
3882.18
3878.96
3880.28
3881.22
3878.4
3865.87
3870.05
3864.29
3874
3870.88
3873.65
3864.7
3862.89
3867.11
3869.53
3867.43
3872.32
3866.98
3863.78
3881.18
3870.25
3881.62
3882.12
3873
3884.28
3873.71
3873.35
3874.93
3873.19
3872.93
3872.77
3866.74
3857.65
3872.64
3871.46
3892.99
3886.66
3868.47
3881.82
3887.18
3886.24
3885.44
3872.26
3872.85
3868.37
3869.93
3871.78
3868.89
3837.5
3864.73
3848.98
3864.83
3880.39
3876.62
3878.46
3869.46
3869.9
3871.84
3863.17
3870.87
3863.38
3871.81
3876.32
3876.42
3789.59
3339.71
3380.71
3389.59
3429.41
3432.83
3476.81
3487.09
3484.31
3478.84
3510.99
3523.85
3575.85
3625.63
3682.75
3686.11
3646.2
3671.06
3651.61
3626.3
3581.03
3493.76
3540.45
3527.28
3515.23
3348.85
3489.48
3502.54
3497.45
3469.35
3458.44
3457.27
3465.2
3485.31
3468.17
3430.07
3436.44
3427.61
3449.67
3436.48
3459.68
3461.94
3465.81
3442.52
3469.81
3463.56
3505.72
3492.4
3567.75
3648.97
3697.25
3675.4
3812.42
4316.8
4407.46
4466.9
4482.77
4440.43
4445.89
4455.08
4459
4441.79
4474.09
4472.32
4466.37
4452.38
4436.67
4457.22
4448.46
4426.59
4469.55
4452.63
4434.41
4426.78
4454.12
4455.56
4453.97
4441.46
4463.26
4422.36
4427.9
4449.5
4433.15
4454.52
4455.75
4450.24
4465.99
4450.45
4440.52
4457.6
4448.47
4439.13
4451.15
4440.63
4449.33
4452.96
4460.55
4468.06
4462.45
4430.3
4454.42
4453.62
4475.45
4454.31
4466.43
4429.68
4471.16
4422.44
4454.51
4449.6
4469.2
4474.45
4449.44
4442.69
4453.22
4461.86
4446.81
4473.87
4454.12
4455.63
4457.1
4448.67
4467.24
4448.58
4460.08
4451.8
4442.11
4462.44
4455.15
4441.06
4463.64
4457.11
4461.52
4448.66
4443.93
4466.26
4438.73
4450.98
4465.23
4441.63
4448.39
4450.89
4452.17
4466.58
4460.35
4449.45
4460.53
4476.66
4445.98
4440.41
4457.34
4459.98
4443.07
4441.18
4466.71
4454.15
4453.65
4450.96
4445.31
4444.75
4455.93
4452.89
4457.51
4453.01
4451.89
4455.9
4437.19
4439.62
4422.76
4444.75
4434.54
4468.09
4450.55
4449.43
4435.94
4448.49
4450.82
4415.69
4435.35
4455.7
4453.41
4428.84
4433.45
4442.75
4430.99
4431.16
4440.75
4439.32
4451.01
4449.24
4424.2
4318.49
4121.26
3882.11
3910.13
3697.24
3709.88
3687.18
3628.77
3649.45
3646.37
3713.29
3691.84
3664.42
3654.06
3677.51
3647.47
3558.71
3570.37
3529.29
3483.09
3515.62
3468.04
3481.94
3481.22
3465.35
3475.49
3445.61
3437.94
3501.82
3483.15
3475.76
3497.25
3499.08
3515.95
3498.98
3523.96
3585.93
3522.26
3512.03
3556.12
3534.51
3553.48
3560.91
3562.93
3586.92
3566.66
3513.59
3541.07
3517.98
3483
3491.83
3455.13
3435.67
3453.92
3519.9
3554.58
3486.73
3478.78
3503.61
3542.3
3558.66
3585.91
3668.32
3655.58
3544.66
3519.2
3452.29
3391.92
3762.82
3931.68
3845.13
3910.91
4092.19
4101.71
4100.84
4105.13
4090.37
4092.7
4090.22
4086.92
4100.26
4093.43
4078.71
4097.06
4113.02
4092.86
4083.8
4103.23
4080.42
4123.26
4097.9
4103.43
4077.44
4092.6
4097.7
4112.29
4144.69
4160.85
4152.65
4161.87
4086.64
4056.91
3907.84
3939.21
3865.1
3668.36
3562.29
3489.86
3424.69
3421.64
3439.59
3470.71
3479.53
3475.49
3449.03
3479.61
3443.76
3417.15
3411.34
3470.72
3448.58
3461.18
3481.66
3494.69
3519.44
3527.02
3309.4
3457.5
3503.45
3608.1
3661.97
3619.25
3633.49
3712.47
3717.23
3683.51
3679.53
4123.85
4240.29
4213.2
4263.15
4211.41
4192.55
4144.27
4163.85
4180.72
4218.35
4173.1
3776.71
4058.97
4214.85
4283.82
4270.92
4233.92
4276.26
4277.5
4284.99
4270.48
4238.91
4267.42
4240.97
4258.36
4194.52
4209.95
4194.92
4173.3
4135.71
4275.37
4207.53
4212.95
4207.87
4231.77
4247.87
4228.58
4233.11
4225.65
4226.39
4189.01
4218.01
4206.29
4215.04
4222.79
4216.72
4216.23
4219.4
4196.4
4220.06
4229.97
4221.78
4214.06
4223.83
4185.27
4192.94
4219.89
4203.36
4212.26
4221.68
4178.12
4202.81
4232.04
4225.7
4216.74
4203.76
4221.38
4227.71
4210.65
4209.76
4215.38
4225.55
4206
4207.93
4228.33
4218.21
4194.18
4191.18
4232.18
4202.18
4214.63
4221.42
4204.73
4221.62
4220.08
4205.65
4228.28
4207.12
4204.48
4225.79
4251.44
4213.81
4233.47
4216.15
4199.18
4186.9
4210.5
4188.34
4215.76
4199.07
4207.71
4201.73
4213.81
4192.13
4206.58
4208.59
4211.93
4209
4219.86
4192.27
4214.33
4211.62
4220.79
4223.75
4219.95
4232.98
4221.66
4240.83
4232.78
4217.43
4221.54
4213.08
4206.46
4235.81
4200.05
4224.29
4253.04
4262.19
4217.52
4218.23
4220.59
4223.14
4241.51
4227.22
4212.46
4237.4
4246.67
4224.12
4238.5
4202.98
4220.52
4198.16
4223.51
4215.58
4245.37
4213.02
4234.51
4234.13
4238.06
4226.1
4221.08
4229.5
