1226.12
1741.62
2801.09
2297.5
1096.02
1648.07
928.079
896.357
1298.96
795.801
1927
1437.56
722.961
1048.52
1949.97
827.768
1499.31
1405.42
2816.81
1118.5
899.352
982.009
1367.7
1155.25
1279.46
2415.82
1287.14
1442.22
1806.83
879.998
1866
1252.74
1949.25
1672.89
2523.35
744.513
1371.28
1337.98
977.275
1163.06
1879.71
1351.46
1423.15
709.263
831.143
978.487
1113.71
717.982
878.471
1202.08
1725.83
3089.55
1520.24
643.151
2268.45
3008.46
1436.85
1751.12
1245.73
1207.32
1499.53
1683.58
766.541
1212.69
1009.55
906.074
1545.75
1285.93
1292.44
927.203
919.652
1070.13
860.046
536.73
2271.89
861.724
1740.39
654.059
1264.78
961.369
1375.53
1511.14
1276.23
916.569
1039.82
620.127
1839.41
1981.65
957.137
3213.45
1099.22
1293.33
1128.03
1184.39
1633.82
717.679
1225.73
1309.47
1710.11
3430.6
1053.98
591.725
855.468
1505.75
824.855
1624.37
1159.97
1636.54
2038.25
1430.83
1142.94
1684.14
1649.08
1067.9
1163.79
1104.84
892.122
1004.08
1476.57
977.785
774.558
2181.79
2327.03
949.201
2618.94
1414.59
1287.93
1012.29
1929.03
876.606
1612.94
1342.63
1393.01
928.995
1634.95
859.062
2178.51
1234.14
2419.97
1158.71
1177.44
1296.96
2629.1
2065.67
1305.31
910.201
2257.31
963.834
1204.48
1176.15
1039.31
1482.54
1118.17
1091.97
1061.65
1270.48
2355.1
1173.67
2227.26
1587.82
1041.25
1334.37
1451.41
1545.25
1437.67
1159.76
526.272
1009.07
1086.11
1480.98
880.741
1658.26
2254.03
1463.65
1664.96
1323.89
1084.86
2389.16
971.584
2651.66
1505.01
830.661
1107.61
1717.99
1723.95
2231.17
2300.87
749.401
959.185
1297.32
1241.1
972.021
1160.72
2813.02
1215.7
1573.99
1255.58
755.295
850.25
1000.68
633.476
1842.51
1388.74
1914.75
2451.34
1273.7
658.543
1641.87
1261.99
1543.78
1057.84
968.064
1003.34
1163.2
1828.65
1667.84
1506.81
991.323
1428.69
2361.08
1500.84
637.757
1550.7
913.181
1015.86
2640.27
727.128
1707.98
4212.67
1009.44
1955.96
1523.21
1718.51
698.405
1494.1
1769.18
697.204
846.123
822.231
647.028
1083.81
999.673
846.302
2253.39
1395.97
1617.11
1082.86
1685.87
1211.5
1073.97
1261.17
1278.54
1754.66
666.514
851.414
824.287
692.17
2078.17
1156.18
846.562
1444.96
775.382
1603.47
2544.97
920.118
1840.32
620.018
2390.85
1170.45
1632.54
1410.09
1853.3
1219.5
2774.1
1535.32
2247.83
1147.08
1667.8
1185.25
701.293
1422.83
1661.23
1996.68
1395.08
836.904
666.472
2024.39
1921.42
1338.84
2843.96
1305.56
1888.61
1158.16
756.652
1516.25
855.743
1096.41
1002.72
1465.13
1458.21
897.025
1048.71
846.536
1345.79
1705.47
1101.58
738.892
1563.95
1036.94
1198.89
748.554
986.541
1103.51
