0.310210288
0.324706942
0.095740931
0.086041368
0.109352398
0.090805215
0.105266703
0.092136856
0.100869020
0.103937786
0.106169792
0.090738140
0.106677302
0.087153978
0.108496722
0.108366461
0.099232144
0.089961606
0.107596887
0.092845566
0.102109230
0.093125411
0.106872196
0.083467811
0.103862461
0.109895974
0.105416373
0.088427574
0.090386074
0.107436552
0.103508009
0.108640501
0.087528684
0.118122314
0.103369407
0.110133809
0.089331507
0.104594868
0.103449703
0.106373243
0.105599362
0.108573946
0.089310597
0.122057910
0.104210505
0.104728715
0.104795865
0.104132546
0.090378393
0.124948311
0.115549379
0.109477777
0.090624756
0.103065810
0.103004771
0.105262730
0.103733374
0.101548897
0.100654977
0.103633192
0.104751564
0.106641848
0.103194850
0.104685958
0.090427221
0.122420119
0.104141676
0.103385607
0.106682676
0.105884265
0.088365880
0.116164241
0.104038430
0.106618516
0.106895851
0.110210826
0.090513522
0.107101140
0.118759977
0.108123289
0.105534220
0.106053514
0.088846425
0.125844514
0.105737804
0.105575681
0.108315063
0.088712119
0.123599512
0.106484954
0.106184423
0.108971062
0.088811062
0.107195388
0.103753174
0.109996917
0.101497094
0.104767947
0.111128869
0.105009259
0.092853103
0.102911481
0.108139517
0.106004016
0.105338011
