4571.93
4589.69
4562.32
4581.99
4582.95
4563.3
4577.02
4584.2
4579.93
4592.65
4557.1
4591.86
4587.87
4573.25
4597.52
4582.15
4570.5
4592.27
4534.31
4576.85
4591.91
4577.56
4579.02
4562.66
4575.19
4597.43
4564.06
4569.67
4564.73
4578.06
4565.79
4587.65
4570.83
4579.93
4596.2
4587.76
4596.93
4570.46
4576.3
4563.61
4549.34
4568.18
4577.11
4585.87
4578.9
4580.85
4559.94
4577.72
4582.09
4564.23
4582.03
4578.44
4569.26
4598.02
4582.18
4558.91
4567.88
4571.72
4586.18
4574.24
4590.07
4572.54
4575.84
4581.21
4602.4
4574.6
4600.61
4583.33
4570.99
4571.55
4581.24
4575.26
4567.97
4585.9
4568.68
4595.32
4559.31
4576.76
4579.81
4587.4
4589.16
4584.66
4577.01
4575.03
4573.78
4601.42
4596
4545.63
4586
4572.26
4577.18
4599.38
4578.42
4591.56
4602.04
4594.12
4604.19
4567.95
4581.51
4576.64
4572.84
4593.22
4615.13
4569.87
4575.02
4570.31
4564.13
4586.58
4580.32
4569.98
4584.24
4562.39
4566.04
4572.94
4603.65
4582.25
4595.01
4580.09
4578.07
4602.29
4585.84
4583.1
4581.65
4584.95
4579.4
4571.34
4578.35
4596.31
4552.69
4586.3
4581.16
4557.15
4595.58
4583.25
4561.62
4579.13
4566.97
4580.57
4587.75
4573.3
4598.6
4584.28
4588.88
4561.94
4570.79
4571.84
4565.41
4580.42
4567.81
4560.89
4580.74
4581.45
4575.38
4565.61
4576
4571.82
4574.6
4569.82
4576.57
4584.34
4583.55
4567.21
4570.4
4578.44
4580.82
4571.59
4580.19
4586.43
4574.63
4575.34
4598.62
4557.69
4567.32
4600.5
4573.9
4573.74
4560.34
4581.59
4591.2
4597.4
4575.68
4584.7
4568.76
4570.56
4579.93
4567.52
4575.2
4570.88
4592.99
4580.55
4581.71
4571.37
4580.86
4574.4
4604.2
4598.19
4573.94
4588.93
4578.16
4567.26
4600.37
4585.15
4563.14
4583.68
4557.01
4566.39
4590.89
4583.5
4586.48
4594.53
4565.06
4585.25
4582.61
4584.75
4556.46
4563.42
4567.69
4575.13
4590.11
4583.17
4539.08
4593.23
4574.09
4565.75
4575.23
4580.68
4567.92
4559.46
4574.71
4584.76
4564.66
4580.21
4578.01
4578.02
4567.45
4565.87
4575.91
4572.16
4579.75
4590.9
4552.1
4585.71
4593.71
4570.14
4578.27
4560.47
4565.5
4571.27
4569.41
4589.9
4565.01
4544.2
4544.95
4576.98
4563.97
4561.11
4561.85
4542.13
4564.78
4565.64
4580.93
4574.24
4565.52
4556.69
4561.57
4544.88
4583.52
4552.09
4581.9
4582.98
4570.47
4560.2
4573.69
4564.43
4581.58
4569.52
4566.25
4579.59
4565.49
4579.09
4573.33
4551.91
4580.6
4570.27
4564.81
4572.46
4558.37
4553.74
4577.52
4554.92
4572.89
4550.01
4575.59
4567.83
4547.18
4564.29
4564.02
4556.29
4569.34
4573.25
4572.69
4566.43
4558.2
4579.42
4581.51
4574.21
4558.53
4558.57
4571.48
4561.43
4581.4
4564.42
4571.59
