4372.7
4375.27
4359.89
4329.49
4362.54
4389.09
4345.28
4390.38
4329.09
4363.62
4367.27
4363.21
4356.42
4333.18
4359.48
4368.44
4317.65
4366.21
4328.45
4341.04
4380.74
4364.1
4365.7
4349.63
4362.19
4383.37
4359.46
4342.82
4351.89
4356.99
4357.17
4381.15
4317.46
4340.65
4384.03
4364.21
4350.98
4327.43
4362.1
4340.99
4357.5
4325.01
4364.1
4378.34
4350.35
4314.61
4366.06
4365.99
4368.3
4370.1
4358.95
4369.53
4351.78
4367.11
4332.4
4357.58
4379.39
4371.23
4396.32
4332.59
4372.12
4344.68
4359.82
4361.35
4344.3
4357.93
4393.71
4347.34
4363.87
4343.49
4371.19
4396.57
4378.41
4333.37
4356.35
4372.92
4365.38
4378.03
4394.76
4366.69
4371.8
4341.89
4350.68
4328.28
4347.22
4384.67
4356.63
4351.36
4361.13
4375.26
4348.81
4375.86
4351.21
4348.72
4359.17
4389.51
4370.29
4376.7
4363.81
4378.19
4365.34
4353.73
4333.86
4387.03
4378.46
