0.258001
0.259465
0.258001
0.256582
0.258001
0.259465
0.258001
0.259465
0.256582
0.259465
0.258001
0.258001
0.258001
0.256582
0.258001
0.259465
0.256582
0.259465
0.256582
0.260924
0.260924
0.259465
0.259465
0.256582
0.258001
0.258001
0.259465
0.259465
0.259465
0.258001
0.258001
0.259465
0.255158
0.258001
0.260924
0.258001
0.258001
0.258001
0.259465
0.256582
0.259465
0.258001
0.258001
0.259465
0.258001
0.256582
0.259465
0.259465
0.258001
0.258001
0.258001
0.259465
0.259465
0.259465
0.256582
0.258001
0.259465
0.259465
0.259465
0.256582
0.258001
0.259465
0.258001
0.258001
0.259465
0.259465
0.259465
0.256582
0.258001
0.259465
0.259465
0.260924
0.258001
0.256582
0.259465
0.259465
0.259465
0.259465
0.260924
0.258001
0.258001
0.258001
0.259465
0.258001
0.258001
0.259465
0.256582
0.259465
0.259465
0.258001
0.259465
0.258001
0.258001
0.258001
0.258001
0.259465
0.258001
0.258001
0.258001
0.258001
0.256582
0.258001
0.258001
0.258001
0.258001
