0.193833
0.194933
0.193833
0.192767
0.193833
0.194933
0.193833
0.194933
0.192767
0.194933
0.193833
0.193833
0.193833
0.192767
0.193833
0.194933
0.192767
0.194933
0.192767
0.196029
0.196029
0.194933
0.194933
0.192767
0.193833
0.193833
0.194933
0.194933
0.194933
0.193833
0.193833
0.194933
0.191697
0.193833
0.196029
0.193833
0.193833
0.193833
0.194933
0.192767
0.194933
0.193833
0.193833
0.194933
0.193833
0.192767
0.194933
0.194933
0.193833
0.193833
0.193833
0.194933
0.194933
0.194933
0.192767
0.193833
0.194933
0.194933
0.194933
0.192767
0.193833
0.194933
0.193833
0.193833
0.194933
0.194933
0.194933
0.192767
0.193833
0.194933
0.194933
0.196029
0.193833
0.192767
0.194933
0.194933
0.194933
0.194933
0.196029
0.193833
0.193833
0.193833
0.194933
0.193833
0.193833
0.194933
0.192767
0.194933
0.194933
0.193833
0.194933
0.193833
0.193833
0.193833
0.193833
0.194933
0.193833
0.193833
0.193833
0.193833
0.192767
0.193833
0.193833
0.193833
0.193833
