0.310210288
0.634917230
0.730658161
0.816699529
0.926051927
1.016857142
1.122123845
1.214260701
1.315129721
1.419067507
1.525237299
1.615975439
1.722652741
1.809806719
1.918303441
2.026669902
2.125902046
2.215863652
2.323460539
2.416306105
2.518415335
2.611540746
2.718412942
2.801880753
2.905743214
3.015639188
3.121055561
3.209483135
3.299869209
3.407305761
3.510813770
3.619454271
3.706982955
3.825105269
3.928474676
4.038608485
4.127939992
4.232534860
4.335984563
4.442357806
4.547957168
4.656531114
4.745841711
4.867899621
4.972110126
5.076838841
5.181634706
5.285767252
5.376145645
5.501093956
5.616643335
5.726121112
5.816745868
5.919811678
6.022816449
6.128079179
6.231812553
6.333361450
6.434016427
6.537649619
6.642401183
6.749043031
6.852237881
6.956923839
7.047351060
7.169771179
7.273912855
7.377298462
7.483981138
7.589865403
7.678231283
7.794395524
7.898433954
8.005052470
8.111948321
8.222159147
8.312672669
8.419773809
8.538533786
8.646657075
8.752191295
8.858244809
8.947091234
9.072935748
9.178673552
9.284249233
9.392564296
9.481276415
9.604875927
9.711360881
9.817545304
9.926516366
10.015327428
10.122522816
10.226275990
10.336272907
10.437770001
10.542537948
10.653666817
10.758676076
10.851529179
10.954440660
11.062580177
11.168584193
11.273922204
