0.311244048
0.651317734
0.746449827
0.851907691
0.948575243
1.048110181
1.144526628
1.247599509
1.347417820
1.448183588
1.551089831
1.651473352
1.750019181
1.848053324
1.947744143
2.047550516
2.161289531
2.261757381
2.363474918
2.466418729
2.567806467
2.682485543
2.781374975
2.880892398
2.979223541
3.076150909
3.176785113
3.281222332
3.379947511
3.481168877
3.587696165
3.690671961
3.793034401
3.894671965
3.994978965
4.098069120
4.205693317
4.289001268
4.390622438
4.509201189
4.609783427
4.695023524
4.793175912
4.910319563
5.011655222
5.095127504
5.199120137
5.318383301
5.420658552
5.506094910
5.610241883
5.710458245
5.811290541
5.909543809
6.010780730
6.112662227
6.213765623
6.315153814
6.415413005
6.512828558
6.612765873
6.714198308
6.814687956
6.912855976
7.016330192
7.117136860
7.215295747
7.316201593
7.420323775
7.520097728
7.620769573
7.719743576
7.823664757
7.921798621
8.022200681
8.120808801
8.218440101
8.318107951
8.418354964
8.517068174
8.614777178
8.714659759
8.813729659
8.914220004
9.015967918
9.116677424
9.230267105
9.334550320
9.435331282
9.535360709
9.637311608
9.752770232
9.851027203
9.949975426
10.053423720
10.157972139
10.261698615
10.364103577
10.466742033
10.567176053
10.664478154
10.768909891
10.870032840
10.977048824
11.066229593
11.170501746
