0.258596
0.257015
0.257015
0.260285
0.257015
0.257015
0.257015
0.261886
0.258596
0.258596
0.255469
0.257015
0.257015
0.257015
0.260285
0.257015
0.257015
0.257015
0.258719
0.257015
0.258596
0.257015
0.261886
0.257015
0.261886
0.257015
0.257015
0.257015
0.257015
0.257015
0.257015
0.257015
0.260285
0.260285
0.258596
0.260285
0.257015
0.257015
0.260285
0.257015
0.257015
0.257015
0.260285
0.260285
0.257015
0.257015
0.258719
0.260285
0.257015
0.257015
0.257015
0.257015
0.257015
0.258596
0.257015
0.261886
0.261886
0.260285
0.257015
0.257015
0.258596
0.260285
0.257015
0.257015
0.257015
0.258596
0.257015
0.257015
0.258596
0.258596
0.257015
0.258596
0.257015
0.258596
0.258596
0.257015
0.257015
0.257015
0.257015
0.257015
0.257015
0.261886
0.260285
0.257015
0.260285
0.257015
0.261886
0.257015
0.260285
0.258596
0.260285
0.261886
0.260285
0.257015
0.258596
0.26017
0.257015
0.261886
0.257015
0.261886
0.257015
0.258596
0.261886
0.258596
0.260285
0.260285
