4924.04
4925.5
4919.73
4876.58
4904.13
4910.49
4902.67
4911.53
4921.25
4937
4895.44
4921.85
4898.2
4908.86
4901.8
4913.03
4891.92
4902.1
4879.41
4899.74
4952.36
4870.86
4895.27
4920.88
4895.46
4924.4
4922.36
4919.22
4923.01
4920.46
4912.14
4923.45
4907.95
4900.02
4935.99
4874.02
4918.89
4910.65
4914.02
4892.26
4914.51
4936.13
4880.84
4895.25
4900.31
4917.48
4872.85
4887.23
4926.62
4895.69
4734
4926.45
4923.38
4945.35
4913.88
4903.85
4895.65
4884.31
4925.29
4925.27
4940.52
4889.16
4921.13
4915.56
4921.71
4936.99
4897.72
4918.49
4936.52
4927.15
4915.49
4898.43
4911.47
4931.36
4935.73
4925.56
4933.79
4923.23
4942.49
4922.49
4894.07
4911.92
4874.74
4910.19
4880.3
4918.25
4923.41
4931.23
4897.05
4916.67
4897.96
4901.49
4888.27
4912.37
4941.58
4963.6
4903.39
4893.52
4914.11
4894.83
4904.08
4918.41
4918.9
4938.98
4907.52
4880.45
