4940.43
4909.79
4936.57
4936.84
4957.52
4915.07
4938.29
4945.17
4902.88
4938.24
4928.64
4955.78
4915.47
4941.25
4917.87
4917.74
4930.71
4916
4951.4
4923
4960.6
4946.53
4960.08
4930.21
4939.98
4947.63
4926.28
4947.86
4937.36
4903.47
4938.32
4931.09
4953.9
4957.94
4937.37
4941.52
4943.26
4929.99
4946
4943.49
4939.51
4950.5
4917.78
4930.03
4953.12
4936.91
4931.48
4928.75
4942.66
4950.48
4939.02
4936.16
4955.64
4940.57
4908.8
4929.46
4930.61
4938.39
4915.45
4942.52
4945.43
4939.51
4930.7
4945.63
4947.9
4940.35
4947.45
4914.58
4933.93
4979.5
4949.79
4963.47
4960.27
4954.09
4959.33
4942.55
4949.9
4916.07
4921.94
4925.09
4954.5
4923.81
4922.15
4946.68
4946.88
4943.98
4939.92
4949.72
4933.99
4941.33
4934.9
4930.7
4936.79
4959.99
4944.66
4936.69
4962.75
4939.34
4943.49
4936.89
4933.3
4931.27
4931.04
4956.63
4932.77
4936.85
4929.87
4943.52
4936.01
4934.38
4923.6
4940.09
4946.75
4956.45
4940.16
4921.59
4935.03
4933.87
4942.94
4950.58
4917.33
4931.31
4921.75
4945.74
4923.67
4943.52
4937.92
4913.28
4957.86
4978.85
4946.8
4939.54
4956.58
4956.36
4953.9
4943.65
4949.99
4928.89
4955.36
4965.15
4942.13
4933.49
4954.84
4944.55
4964.91
4965.47
4955.68
4923.35
4971.49
4956.08
4939.15
4951.3
4942.58
4942.53
4931.49
4931.71
4943.68
4951.26
4968.37
4945.6
4976.11
4933.02
4944.71
4930.69
4914.37
4947.05
4946.37
4942.23
4965.57
4953.43
4922.82
4941.85
4941.78
4965.6
4941.41
4970.08
4956.71
4948.06
4942.3
4922.84
4943.77
4929.41
4936.39
4945.67
4942.46
4951.55
4954.89
4933.68
4950.23
4943.21
4925.36
4950.83
4916.45
4931.82
4945.57
4942.15
4981.79
4955.96
4932.3
4966.87
4923.21
4940.38
4939.3
4931.47
4967.17
4927.88
4939.38
4928.56
4934.56
4943.59
4915.86
4944.03
4949.51
4950.64
4911.65
4925.71
4932.66
4914.01
4938.88
4934.61
4920.4
4934.4
4930.39
4933.45
4946.82
4939.92
4924.15
4917.83
4921.7
4942.39
4951.19
4920.62
4920.89
4940.82
4941.28
4929.78
4898.2
4931.21
4934.68
4945.11
4926.71
4948.9
4939.95
4921.68
4935.56
4933.95
4941.96
4931.9
4946.08
