1439.66
1245.32
330.646
1392.53
802.831
770.295
1014.46
1062.03
701.021
407.335
743.669
1009.11
853.073
867.528
660.066
599.346
584.973
587.118
2254.39
546.981
891.609
2001.4
1451.31
537.869
1169.77
1024.07
717.604
427.945
677.588
1228.23
679.901
918.701
754.425
812.698
711.576
841.44
668.433
1479.59
651.035
972.828
1587.61
486.2
887.406
872.379
468.176
534.249
737.189
647.333
507.546
430.284
1844.59
1411.89
1899.2
849.524
604.459
883.321
1099.26
476.295
956.323
519.28
585.781
1925.31
776.388
352.979
553.156
586.795
437.537
1348.82
638.542
2561.28
844.009
717.419
1182.36
913.511
1901.57
601.051
780.446
421.536
598.234
1480.34
1329.4
648.693
1247.65
1202.09
372.273
794.342
533.084
642.554
820.475
635.464
664.036
784.721
604.96
1186.73
1922.39
698.865
668.103
419.497
545.501
897.673
956.279
845.986
576.688
634.385
1564.54
793.198
1185.06
624.788
729.182
859.666
1577.9
636.27
390.043
485.93
1299.39
778.265
651.044
1047.58
533.563
2382.96
1565.95
560.187
1046.97
704.272
1036.49
1079.44
721.397
997.033
1595.53
2240.7
564.737
640.421
915.338
625.801
2828.31
1037.62
1045.97
1391.5
540.063
745.055
578.966
1110.74
638.821
865.442
894.785
440.796
671.181
866.439
496.251
1074.48
1289.84
392.716
708.452
525.868
893.212
2381.33
703.629
1886.22
1263.26
2291.09
1951.14
797.381
481.072
889.628
799.32
906.18
512.413
1370.92
600.319
448.51
765.062
890.357
1442.74
391.957
477.737
899.985
415.66
630.567
691.313
868.328
552.904
1182.5
645.662
481.319
493.279
1011.97
793.663
713.764
492.384
509.066
1006.11
649.137
1106.92
859.208
586.473
646.743
1225.06
689.956
666.417
464.138
889.163
686.086
1367.5
806.68
536.738
1079.67
559.405
921.693
892.15
419.598
829.478
515.57
414.332
484.658
820.774
495.155
498.863
1235.55
706.058
610.203
549.091
836.916
663.506
1474.56
627.427
574.357
2204.93
666.358
678.372
542.495
917.232
714.526
975.456
354.311
495.73
2167.11
1313.27
799.863
864.835
1051.42
646.684
1552.54
882.435
1084.67
789.275
745.533
779.699
704.688
569.271
