0.388442
0.386068
0.386068
0.386068
0.386068
0.386068
0.386068
0.388442
0.388442
0.388442
0.383745
0.386068
0.386068
0.386068
0.386068
0.386068
0.386068
0.386068
0.380494
0.386068
0.388442
0.386068
0.388442
0.386068
0.388442
0.386068
0.386068
0.386068
0.386068
0.386068
0.386068
0.386068
0.382797
0.386068
0.388442
0.386068
0.386068
0.386068
0.386068
0.386068
0.386068
0.386068
0.386068
0.386068
0.386068
0.386068
0.380494
0.386068
0.386068
0.386068
0.386068
0.386068
0.386068
0.388442
0.386068
0.388442
0.385152
0.386068
0.386068
0.386068
0.388442
0.382797
0.386068
0.386068
0.386068
0.388442
0.386068
0.386068
0.388442
0.388442
0.386068
0.388442
0.386068
0.388442
0.388442
0.386068
0.386068
0.386068
0.386068
0.386068
0.386068
0.385152
0.386068
0.386068
0.386068
0.386068
0.385152
0.386068
0.382797
0.388442
0.382797
0.385152
0.386068
0.386068
0.388442
0.390806
0.386068
0.385152
0.386068
0.385152
0.386068
0.388442
0.385152
0.388442
0.386068
0.382797
