0.311244048
0.340073686
0.095132093
0.105457864
0.096667552
0.099534938
0.096416447
0.103072881
0.099818311
0.100765768
0.102906243
0.100383521
0.098545829
0.098034143
0.099690819
0.099806373
0.113739015
0.100467850
0.101717537
0.102943811
0.101387738
0.114679076
0.098889432
0.099517423
0.098331143
0.096927368
0.100634204
0.104437219
0.098725179
0.101221366
0.106527288
0.102975796
0.102362440
0.101637564
0.100307000
0.103090155
0.107624197
0.083307951
0.101621170
0.118578751
0.100582238
0.085240097
0.098152388
0.117143651
0.101335659
0.083472282
0.103992633
0.119263164
0.102275251
0.085436358
0.104146973
0.100216362
0.100832296
0.098253268
0.101236921
0.101881497
0.101103396
0.101388191
0.100259191
0.097415553
0.099937315
0.101432435
0.100489648
0.098168020
0.103474216
0.100806668
0.098158887
0.100905846
0.104122182
0.099773953
0.100671845
0.098974003
0.103921181
0.098133864
0.100402060
0.098608120
0.097631300
0.099667850
0.100247013
0.098713210
0.097709004
0.099882581
0.099069900
0.100490345
0.101747914
0.100709506
0.113589681
0.104283215
0.100780962
0.100029427
0.101950899
0.115458624
0.098256971
0.098948223
0.103448294
0.104548419
0.103726476
0.102404962
0.102638456
0.100434020
0.097302101
0.104431737
0.101122949
0.107015984
0.089180769
0.104272153
