0.305235
0.307174
0.303242
0.303242
0.305235
0.307174
0.301711
0.303242
0.301711
0.299741
0.301711
0.303242
0.305235
0.305235
0.301711
0.303627
0.305235
0.307174
0.305235
0.307174
0.301711
0.307174
0.301711
0.301711
0.303242
0.305235
0.307174
0.303627
0.307174
0.301711
0.305235
0.301711
0.305235
0.301711
0.305235
0.307174
0.305235
0.303627
0.307174
0.307174
0.307174
0.305235
0.301711
0.301711
0.305235
0.303627
0.305235
0.305235
0.305235
0.307174
0.301711
0.301711
0.305235
0.307174
0.307174
0.307174
0.307174
0.305235
0.305235
0.305235
0.303242
0.307174
0.307174
0.303627
0.307174
0.303242
0.305235
0.309187
0.305235
0.305235
0.307174
0.301711
0.301711
0.305235
0.305235
0.301711
0.305235
0.305235
0.299741
0.305235
0.307174
0.305235
0.307174
0.305235
0.303627
0.305235
0.307174
0.305235
0.301711
0.303242
0.301711
0.303627
0.305235
0.307174
0.305235
0.307174
0.307174
0.307174
0.303627
0.307174
0.309187
0.305235
0.307174
0.307174
