0.204644
0.205944
0.203308
0.203308
0.204644
0.205944
0.204644
0.203308
0.204644
0.203308
0.204644
0.203308
0.204644
0.204644
0.204644
0.205944
0.204644
0.205944
0.204644
0.205944
0.204644
0.205944
0.204644
0.204644
0.203308
0.204644
0.205944
0.205944
0.205944
0.204644
0.204644
0.204644
0.204644
0.204644
0.204644
0.205944
0.204644
0.205944
0.205944
0.205944
0.205944
0.204644
0.204644
0.204644
0.204644
0.205944
0.204644
0.204644
0.204644
0.205944
0.204644
0.204644
0.204644
0.205944
0.205944
0.205944
0.205944
0.204644
0.204644
0.204644
0.203308
0.205944
0.205944
0.205944
0.205944
0.203308
0.204644
0.207293
0.204644
0.204644
0.205944
0.204644
0.204644
0.204644
0.204644
0.204644
0.204644
0.204644
0.203308
0.204644
0.205944
0.204644
0.205944
0.204644
0.205944
0.204644
0.205944
0.204644
0.204644
0.203308
0.204644
0.205944
0.204644
0.205944
0.204644
0.205944
0.205944
0.205944
0.205944
0.205944
0.207293
0.204644
0.205944
0.205944
