5408.02
5398.08
5358.57
5351.61
5365.08
5420.27
5424.95
5362.51
5428.9
5414.16
5412.57
5363.66
5393.81
5402.24
5401.1
5433.68
5396.69
5380.01
5392.06
5397.32
5379.64
5391.85
5386.35
5396.28
5341.82
5378.03
5413.69
5427.55
5375.07
5429.18
5404.65
5414.74
5363.95
5432.73
5400.64
5424.76
5401.96
5440.91
5433.82
5416.69
5423.23
5381.19
5400.4
5409.75
5377.72
5420.52
5373.07
5393.92
5405.65
5411.05
5430.53
5423.75
5405.47
5388.33
5412.25
5417.72
5393.35
5362.75
5375.26
5385.66
5366.6
5413.47
5401.96
5429.19
5430.8
5367.26
5414.98
5416.62
5358.34
5374.78
5417.71
5386.96
5412.5
5399.04
5388.48
5411.15
5374.89
5406.74
5378.76
5355.52
5398.24
5393.32
5402.45
5413.93
5477.46
5385.78
5420.56
5396.15
5413.18
5364.32
5432.06
5458.33
5373.04
5398.65
5390.89
5399.71
5421.08
5435.8
5427.45
5402.91
5445.7
5389.14
5411.86
5390.56
