0.332670716
0.331706038
0.081285949
0.090018309
0.102747761
0.103819042
0.105474129
0.089829898
0.106140153
0.094069312
0.107043547
0.088317723
0.105959437
0.090625687
0.109632605
0.091178814
0.104935888
0.107620251
0.091338738
0.102468253
0.110532703
0.106194585
0.102937030
0.088388121
0.089055781
0.104067598
0.103168207
0.089942417
0.104488132
0.107353678
0.085803747
0.121346549
0.100803996
0.102495306
0.091010420
0.087808979
0.102271245
0.104745289
0.101653973
0.089536793
0.103718561
0.104123387
0.107792553
0.089361381
0.122141131
0.104163782
0.103769720
0.113285643
0.084537946
0.119050872
0.103327500
0.104233656
0.112487828
0.104846822
0.092030891
0.101579852
0.120645768
0.102889207
0.106660438
0.105596777
0.102588015
0.101955954
0.103643972
0.106264556
0.109865979
0.106596027
0.109380164
0.089282009
0.103432408
0.126422360
0.107295518
0.108646957
0.089376140
0.103615405
0.124903740
0.104698426
0.107168891
0.090960912
0.107811350
0.121530156
0.098904642
0.104773351
0.106028025
0.107910656
0.092543890
0.123723402
0.106658012
0.106770255
0.088593804
0.103820826
0.119025670
0.102767988
0.092079659
0.105241207
0.105862349
0.106697677
0.102944632
0.102013913
0.103412683
0.123313786
0.104954820
0.103457360
0.088036946
0.110702469
