1339
5924.98
5901.22
5945.08
5921.84
5909.62
5959.49
5974.66
5917.46
5877.53
5952.05
5944.24
5944.69
5912.95
5936.46
5923.93
5954.96
5942.23
5921.88
5915.36
5945.69
5958.2
5953.97
5950.19
5932.55
5913.63
5957.29
5975.41
5974.06
5927.33
5946.51
5988.84
5920.35
5951.77
5885.83
5971.3
5964.62
5925.15
5931.33
5967.83
5937.32
5950.68
5967.92
5974.8
5959.6
5948.84
5948.07
5954.9
5929.2
5939.05
5961.77
5957.15
5953.2
5969.6
5993.52
5940.69
6002.88
5959.37
5939.13
5948.03
5912.66
5900.76
5957.79
5972.96
5942.94
5965.86
5915.73
5963.89
5956.82
5916.84
5981.97
5965.01
5936.86
5920.25
5980.8
5947.56
5910.52
5937.29
5966.96
5967.64
5932.79
5943.03
5962.56
5954.31
5942.4
5925.43
5970.85
5969.93
5905.11
5961.21
5955.44
5972.7
5958.85
5948.61
5952.6
5979.71
5963.05
5918.8
5916.68
5949.27
5973.53
5954.91
5922.95
5960.19
5962.56
5931.76
5863.61
5973.1
5918.14
5936.38
5979.73
5961.84
5927.44
5888.2
5968.06
6001.94
5994.83
5978.17
5964.54
5929.69
5944.39
5964.55
5948.02
5940.08
5941.96
5950.3
5947.1
5969.58
5944.16
5973.12
5947
5930.07
5945.87
5911.95
5985.21
5974.04
5921.12
5954.95
5971.47
5961.2
5962.11
5921.84
5944.92
5965.32
5948.48
5957.95
5968.35
5972.16
5938.03
5948.93
5931.66
5946.91
5960
5964.78
5978.42
5925.16
5938.3
5965.46
5964.43
5945.87
5945.39
5933.11
5962.16
5933.87
5952.2
5912.96
5966.69
5943.02
5931.23
5931.9
5908.4
5978.05
5978.42
5939.83
5961.93
5921.28
5940.86
5949.13
5938.91
5992.18
5965.98
5946.25
5971.69
5959.75
5982.1
5916.77
5978.08
5962.74
5917.47
5942.23
5945.07
5929.02
5968.44
5938.8
5936.23
6021.37
5963.67
5984.99
5959.52
5951.76
5956.58
5957.82
5980.47
5927.82
5974.22
6023.57
5952.34
5968.45
5968.75
5925.34
5990.16
5970.35
5965.34
5953.12
5981.07
5937.11
5988.42
5964.7
5952.8
5967.63
5986.69
5953.9
5948.5
5949.25
5984.34
5954.75
5967
5931.35
5953.54
5986.62
5913.25
5967.85
5934.01
5938.2
5961.7
5997.74
5921.97
5987.04
5942.2
5973
5956.12
5942.47
5924.99
5917.41
5980.86
5905.89
5948.54
5961.94
5962.68
5920.08
5955.12
5943.44
5953.38
5963.58
5955.69
5957.88
5957.58
5963.08
6031.8
5933.66
5961.53
5984.93
5969.51
5950.62
5985.93
5965.76
5949.31
5919.3
5932.6
5952.93
5967.89
5906.25
5920.53
5976.14
5953.87
5939.72
5984.76
5973.58
5970.9
5965.9
5954.25
5945.09
5937.18
5968.38
5959.44
5905.41
5972.09
5965.62
5983.08
5950.36
5969.3
5913.03
5927.98
5976.04
5966.4
5954.18
5972.53
5948.78
5930.75
5976.8
5966.57
5960
5955.32
5978.7
5949.39
5956.47
5982.41
5939.63
5950.03
5933.99
5947.13
5965.75
5960.32
5955.6
5975.3
5941.93
