0.332670716
0.664376754
0.745662703
0.835681012
0.938428773
1.042247815
1.147721944
1.237551842
1.343691995
1.437761307
1.544804854
1.633122577
1.739082014
1.829707701
1.939340306
2.030519120
2.135455008
2.243075259
2.334413997
2.436882250
2.547414953
2.653609538
2.756546568
2.844934689
2.933990470
3.038058068
3.141226275
3.231168692
3.335656824
3.443010502
3.528814249
3.650160798
3.750964794
3.853460100
3.944470520
4.032279499
4.134550744
4.239296033
4.340950006
4.430486799
4.534205360
4.638328747
4.746121300
4.835482681
4.957623812
5.061787594
5.165557314
5.278842957
5.363380903
5.482431775
5.585759275
5.689992931
5.802480759
5.907327581
5.999358472
6.100938324
6.221584092
6.324473299
6.431133737
6.536730514
6.639318529
6.741274483
6.844918455
6.951183011
7.061048990
7.167645017
7.277025181
7.366307190
7.469739598
7.596161958
7.703457476
7.812104433
7.901480573
8.005095978
8.129999718
8.234698144
8.341867035
8.432827947
8.540639297
8.662169453
8.761074095
8.865847446
8.971875471
9.079786127
9.172330017
9.296053419
9.402711431
9.509481686
9.598075490
9.701896316
9.820921986
9.923689974
10.015769633
10.121010840
10.226873189
10.333570866
10.436515498
10.538529411
10.641942094
10.765255880
10.870210700
10.973668060
11.061705006
11.172407475
