0
8262.39
8420.85
4722.59
5160.4
9444.6
11987.3
14965.7
10708
8931.16
5466.8
8115.76
5720.81
20113.7
5666.11
7871.18
7128.33
7601.36
8358.48
5435.31
10233.2
7619.87
6926.08
9181.36
7117.52
7611.09
3903.76
7718.55
14744.3
8654.72
6522.33
8067.36
5814.75
5132.08
5266.18
6422.5
7800.02
6771.51
4408.11
12344.3
7638.95
10791.4
7764.45
4912.85
7699.53
9140.91
4656.37
10974.1
4668.19
4799.07
5670.34
11197.9
5787.26
6093.78
11320.4
3316.67
12022
11218.1
10253.8
14326.4
13562.5
9073.78
8351.76
6185.92
7050.95
10318.7
9225.94
10077.6
12342.8
4436.3
15474.3
10165.5
6718.99
4994.24
5154.8
9730.21
3812.74
5820.56
5321.4
7574.44
4876.25
9560.34
10384.7
8878.28
11768
1978.21
10218.5
9848.44
6684.54
7324.59
9194.47
6343.17
9811.97
4682.79
5402.91
10196.1
9145.09
7931.99
13525.4
5378.74
8214.2
7485.95
6334.81
7754.35
8567.72
3559.1
4200.7
5343.62
5362.01
9591.34
4905.48
5839.48
10979.1
6437.19
10302.6
9463.7
6849.43
9214.87
7190.09
12782.9
8923.09
7140.34
4036.14
7687.57
4202.5
6233.51
10392.4
7876.7
5934.89
8834.15
6440.5
5275
9550.98
2783.31
7934.57
11208.2
10688.3
7946.74
9089.61
7190.51
5853.76
9957.91
7160.08
5262.98
5270.92
4151.48
4966.72
13042.4
6904.26
4385.17
8110.85
9141.69
8330.07
10333
8667.22
3612.13
4836.34
4408.36
9973.35
6273.6
10111.8
6793.89
4432.97
4771.74
6197.8
5680.8
5338.65
3622.95
3848.43
4749.84
10920.5
10172.9
3692.24
9675.79
7786.06
4889.64
7444.41
7642.89
9003.06
11190.4
9339.64
6795.36
5354.85
11732.8
5824.29
3884.8
8776.22
8076.65
9697.92
5688.31
8031.8
8719.17
14448.1
6745.29
4065.04
8732.24
5504.25
8318
7152.91
6894.86
5718.92
8639.95
8152.49
6282.33
7353.13
13741.9
7116.38
6117.85
5763.53
4744.37
7153.3
7298.17
5551.33
6528.79
6466.87
7853.7
7022.63
4923.16
6463.47
9159.75
9822.1
6545.83
8848.99
3290.07
7721.67
4716.12
8458.25
6206.15
7709.09
8071.94
3996.97
7271.77
7555.19
6227.8
6788.25
9305.05
5599.2
10584.4
5560.81
4710.02
6636.54
7208.52
4180.36
4405.18
4874.43
5538.97
7552.64
8278.18
9256.8
7702.2
7012.23
11635.3
8354.12
6667.79
7399.88
5644.01
8646.33
10317.9
12548.8
7122.82
5719.51
6104.63
10602.2
6562.71
5250.79
9724.16
7120.39
4152.92
3996.46
8966.89
12709.9
7708.02
3722.04
7083.53
6272.93
4172.02
15173.2
6508.09
8896.32
9010.92
6913.73
11449.8
16769.9
7141.91
9745.02
7629.58
4192.3
5451.15
10147.7
8390.34
9404.44
7794.34
8899.42
11682.2
11601.8
8283.5
12077.3
12212.8
7662.62
7700.23
13080.8
11794.6
6803.19
5346.11
7508.77
7031.34
7592.97
6595.42
7965.29
10564.3
8825.74
9437.12
8615.44
8558.24
5334
10446.2
