279.5
279.5
279.5
279.5
279.5
279.5
279.5
279
279
279
279
277
275
272
271.5
271.5
271
270.5
269
266
264
262
261.5
262
266
270
269
269
256.5
248.5
247
248.5
249.5
248.5
244.5
240.5
236.5
232.5
230.5
231.5
235.5
239.5
242.5
243.5
245
246.5
247.5
248.5
249.5
251
252
252
252
252
253
253
252
252
251
250
251
251.5
251
251.5
251.5
252
252.5
253.5
253.5
254.5
254.5
254.5
255.5
256
255.5
256
256
256
256
256.5
257
257.5
258
259
259.5
260
261
261.5
261
262.5
263.5
263.5
263.5
264.5
265.5
265.5
266.5
268
268.5
269
270
270
271
272
272.5
274
274.5
275
275
275
274.5
274.5
274
273.5
273.5
272.5
272
271
270.5
269
268.5
265.5
266.5
267.5
267.5
266
264.5
263
262
261.5
261
260
260
260
260
259.5
259.5
259
258.5
257.5
257.5
256
255
255
254
254
254
254.5
254.5
254.5
253
252
251
250
248
246.5
245.5
243.5
241.5
241.5
241
240.5
239.5
239
237.5
236.5
236.5
237.5
238.5
240.5
240.5
240
240
239.5
238.5
238
237
236
235
233.5
231.5
229.5
228.5
227
225.5
224.5
221
219
216.5
214
211.5
209.5
207.5
205.5
203
202
201
199.5
198
195
194.5
192.5
190.5
189
186.5
184.5
183
180
179
178.5
178
180
182.5
183.5
183.5
183
184
185
184.5
184
182.5
180.5
179.5
177.5
176
174.5
173
171
168
166
165
163.5
161
156
154
151.5
149
146.5
144
142
140
138
136.5
134
133
131
130
127.5
126
124
121.5
117.5
114
110
105
99
92.5
89
81.5
77.5
