2.801358599
3.035544242
3.103013143
3.182530427
3.280023529
3.369056139
3.465512640
3.578274242
3.682311170
3.745005125
3.845029994
3.955784980
4.047031954
4.138627406
4.245323969
4.328636609
4.437231228
4.523664768
4.632630887
4.706065788
4.802846721
4.911268612
5.000413314
5.083591683
5.186985005
5.263925125
5.377317111
5.480702260
5.546008867
5.644572647
5.756723265
5.845619095
5.939081094
6.048198294
6.135222379
6.232855047
6.348103639
6.408069134
6.504867536
6.610918403
6.696862160
6.807168034
6.902618104
6.980202194
7.073755309
7.181690962
7.276278618
7.369275809
7.480320461
7.536754465
7.647197113
7.749868098
7.848520463
7.928664019
8.046388559
8.120714129
8.231630494
8.330955029
8.436403190
8.517611812
8.625093507
8.707616690
8.811606104
8.915823241
8.983527154
9.079567633
9.185859248
9.264832567
9.380874887
9.487159636
9.550745373
9.645775423
9.746882248
9.833506810
9.931712719
10.044099575
10.119804704
10.216766020
10.321676670
10.399757717
10.501446162
10.610035745
10.682273142
10.769113300
10.863823696
10.972073203
11.064027775
11.162745333
11.256795397
11.350446849
11.441400299
11.529646346
11.639987801
11.747374588
11.801542849
11.901469835
12.012460765
12.086377091
12.184134502
12.296923811
12.361202241
12.470775246
12.577119132
12.634645887
12.726496456
12.841257559
12.913616366
13.005606229
13.112842600
13.208924216
13.288654875
13.392723716
13.471769137
13.564577802
13.674742575
13.751412844
13.845472094
13.954772761
14.042476782
14.127255179
14.229505845
14.343610760
14.453988592
14.525120501
14.636501753
14.746893721
14.840902817
14.940130919
15.054998288
15.142535744
15.243111747
15.348279682
15.439348458
15.540029436
15.649966643
15.739028170
15.834845989
15.947377923
16.039677960
16.136361636
16.248170651
16.339531767
16.427903732
16.545937563
16.649725674
16.747438176
16.844363175
16.956740930
17.032695374
17.144421882
17.252488394
17.341450253
17.432785329
17.544583542
17.639864486
17.737862841
17.831043717
17.937922044
18.054673994
18.135132956
18.248523901
18.360343355
18.429396211
18.543278806
18.646692651
18.741023325
18.838114948
18.937658488
19.032536074
19.143787456
19.235243745
19.334627733
19.449720789
19.538681146
19.632211292
19.738301637
19.834973813
19.944936887
20.038830881
20.134389697
20.238434701
20.329885309
20.438045240
20.529249613
20.636327413
20.729700609
20.838652127
20.918621120
21.027977631
21.128595884
21.237673038
21.315921885
21.421803960
21.499256786
21.625605278
21.728051856
21.803998689
21.897930087
22.010668219
22.100358729
22.211194494
22.319617797
22.394075712
22.504387972
22.611322276
22.687373302
22.785048913
22.898090707
22.998902770
23.095676857
23.193194639
23.282737512
23.384274722
23.494852343
23.566546107
23.673196336
23.781275085
23.868888352
23.959126784
24.073821818
24.183486359
24.274966210
24.381610300
24.459805324
24.571367880
24.682623343
24.759535348
24.853031755
24.961937504
25.075056025
25.181102887
25.244155529
25.339085153
25.449622986
25.565975263
25.637535007
25.733627963
25.849666051
25.937468307
26.037650272
26.125579932
26.236319447
26.328773095
26.439592608
26.521554977
26.631209130
26.730539580
26.836598111
26.933957164
27.032295711
27.124498692
27.215334547
27.330263331
27.401161151
27.509198911
27.603396538
27.718502760
27.830822241
27.902744261
27.995712770
