263.5
263.5
263.5
263.5
263.5
263.5
263.5
263.5
263.5
263.5
263.5
263.5
264
263.5
263
263
263
263
263
263
263
263
262.5
262.5
263
262.5
263
263
262
262
262.5
262.5
262.5
263
263
263.5
263.5
263.5
264
264.5
264.5
264.5
264.5
265.5
265.5
265.5
265.5
265.5
265.5
265.5
266
266
266
266
266
266
266
266
266
267
267
267
267.5
268
268.5
268.5
269
269
269.5
269.5
270
270.5
270.5
271
271.5
271.5
271.5
272
272
272
272.5
272.5
273
273
273
273
273
273
274
274
274.5
274.5
275.5
275.5
276
276
276.5
276.5
277
277
277
277
277
277.5
278
278
278
278
278
278
278.5
278.5
278.5
278.5
279.5
279.5
279.5
280
280.5
281
281
282
282.5
282.5
283
283.5
284
284.5
284.5
285
285
285
285.5
286
286
286.5
286.5
287.5
287.5
288.5
289
290
290
290.5
291
292
292.5
292.5
292.5
293
293
293.5
294
294
294.5
294.5
295
295.5
295.5
296
296.5
297
297.5
298
298.5
299
300
300.5
300.5
301.5
302
302
302.5
303.5
304.5
304.5
305
305
306
306.5
307.5
308.5
309.5
310.5
311.5
312
313.5
314.5
315
316
317
317.5
318.5
319
320
320
321
321.5
322.5
323.5
324
325
326.5
327
328
329
330.5
332.5
334
334.5
335.5
336
336.5
338
338.5
339.5
340.5
341
342
343.5
344.5
346
346.5
347.5
349
350
350.5
351.5
353
354.5
356
358
359.5
363
364
366
368
370
372
374
375
378
379
381.5
382.5
384.5
385.5
387
388
390
392.5
395
398.5
402
406.5
410.5
415
417.5
422.5
425
