44796
43243.3
2.30069e+06
2.67729e+06
1.06061e+06
1.50682e+06
1.66825e+06
1.87224e+06
867478
38164.7
29462.8
42036.2
22280.3
34992.3
55345.7
607028
65235.1
21170.8
17183.5
57630.8
22640.6
39273.6
16181.7
64424.1
34865.9
20593.8
19798.6
47832.7
1.26333e+06
9786.18
40648.3
846902
1.85172e+06
11141.4
50651.6
34878.9
44360
41653.7
48163.3
8504.79
8680.81
7779.43
42930.7
33477.3
23899.7
33891.1
19131
25229.9
19528.4
2.04309e+06
1.80566e+06
18278.9
982894
1.51789e+06
19062.4
21390.9
22852.3
15880.9
21088.7
13493.8
25967.2
15545.9
14951.7
10689.4
262906
10401.1
14723.4
8904.69
15584.2
8962.78
13725.5
10636.8
13802.3
8349.69
10904.4
86991.5
465152
9516.07
13591.9
10033.4
8079.52
9143.76
8098.07
8335.18
14060.6
9487.36
16092.1
10531.7
9564.18
474011
14001.8
20299.9
17849.7
15423.2
15739.6
189487
9080.23
15332.2
71844
23296.3
11234.8
18633.6
16155.1
8858.97
1.14298e+06
22016.1
364470
164679
353894
18977.9
10774.7
5699.4
9271.09
15943.3
23909
18061.2
124493
9378.83
14114.9
9127
6000.69
9476.62
11018.7
6234.93
311633
6978.41
1.22325e+06
6574.16
8340.62
5488.94
5124.19
5444.05
5437.56
260157
315087
3848.67
3307.49
4656.48
58605.3
4804.66
7826.52
4922.92
5544.02
7135.8
6905.25
7009.99
58150.6
3156.97
3631.63
553027
682238
3469.49
6577.8
140364
4673.69
6175.83
3392.57
2999.38
3565.79
244793
11389.4
8673.25
3276.39
4612.66
3135.31
3510.27
2476.67
4309.19
2073.38
3881.84
117012
171679
176430
113187
2353.7
2418.09
1458.79
1632.31
1740.59
1414.03
1498.77
181341
10808
1856.91
1284.12
2444.39
27129.7
4511.04
1084.7
1465.47
959.66
833.184
593.578
582.036
658.947
692.062
928.488
831.025
119644
600.974
848.625
9933.07
797.101
483.323
586.2
528.611
508.754
467.596
536.988
194.215
367.101
3453.34
297.826
282.298
433.788
11566.9
397.07
462.99
8258.95
236.575
204.199
413.207
281.098
372.743
215.6
45174
20059.3
10216.1
289.835
334.712
191.622
1566.77
212.101
162.738
225.369
164.724
108.919
155.592
7595.27
27265.9
535.698
219.346
123.422
157.653
451.581
87.1413
123.523
20064.6
125.118
191.467
61.1295
111.536
207.648
13903.6
55.814
127.208
1501.67
56.275
236.696
1824.35
