5890.91
5865.3
5483.96
5427.49
5822.42
5577.48
5563.52
5601.27
5759.83
6021.92
5937.42
5898.75
5839.68
5939.32
5747.36
5646.29
5738.89
5796.31
5814.59
5674.56
5791.43
5650.1
5710.21
5645.19
5552.98
5703.07
5594.53
5724.74
5356.2
5563.49
5576.12
5399.63
5057.69
5513.85
5563.28
5610.45
5468.96
5507.4
5519.87
5505.12
5396.22
5272.12
5443.23
5367.61
5422.03
5408.02
5350.23
5264.56
5255.91
4789.96
4807.8
5194.14
4960.16
4819.22
5226.78
5225.69
5117.37
5037.73
5095.32
5003.43
5065.65
5006.24
4987.65
4965.37
4921.12
5012.19
4958.43
4897.63
4975.45
4914.33
4949.03
4871.01
4866.44
4898.03
4796.04
4800.29
4709.44
4819.78
4836.92
4791.64
4708.27
4765.33
4746.49
4686.6
4736.88
4750.2
4734.42
4707.17
4627.32
4560.3
4630.41
4614
4574.84
4522.82
4515.36
4433.31
4458.15
4494.15
4436.79
4454.44
4363.57
4356.56
4402.2
4339.88
3915.08
4368.41
4198.9
4264.88
4162.98
4272.62
4165.85
4146.3
4147.66
4180.74
4231.95
4128.5
3991.99
4040.12
4067.08
4003.95
3940.34
3947.35
3912.05
3886.16
3804.4
3871.61
3500.26
3823.55
3827.05
3803.69
3785.65
3758.5
3726.05
3660.29
3648.4
3693.82
3641.85
3649.08
3612.79
3625.44
3605.97
3581.77
3537.58
3469.96
3464.91
3454.59
3395.52
3353.15
3342.33
3187.83
3110.45
3302.08
3287.91
3211.95
3246.58
3247.12
3194.36
3191.51
3179.74
3067.97
3142.47
3130.21
3091.25
3125.52
3067.25
3082.33
3079.21
2956.01
3038.77
2979.11
2891.44
2856.35
2841.73
2825.23
2819.8
2823.08
2775.62
2771.23
2769.71
2730.81
2722.26
2617.11
2659.81
2639.51
2619.7
2578.23
2541.06
2522.44
2494.03
2500.1
2456.52
2450.79
2432.91
2418.29
2396.25
2371.66
2377.99
2362.69
2295.77
2322.87
2307.56
2277.57
2235.01
2202.98
2165.99
2167.5
2145.33
2118.58
2121.33
2098.76
2082.26
2072.8
2054.9
2041.15
2013.39
1973.73
1963.01
1950.94
1944.09
1917.58
1907.42
1901.38
1883.07
1860.65
1855.16
1808
1794.36
1780.79
1753.03
1749.75
1737.25
1709.98
1695.92
1662.86
1643.75
1619.97
1597.19
1574.72
1551.14
1519.79
1518.82
1498.41
1486.1
1467.24
1454.39
1441.53
1434.25
1394.36
1389.09
1380.36
1362.46
1348.78
1319.32
1279.46
1272.07
1248.37
1218.9
1197.1
1176.76
1155.25
