5879.41
5842.98
5877.75
5852.07
5875.37
5848.2
5867.11
5865.72
5847.57
5901.01
5837.2
5898.82
5846.79
5791.9
5900.19
5846.71
5890.54
5896.73
5775.72
5880.37
5864.12
5829.68
5841.59
5849.52
5877.24
5914.21
5834.38
5850.12
5860.19
5831.18
5809.04
5845.56
5852.84
5852.88
5894.95
5868.5
5906.68
5866.67
5886.3
5848.3
5917.05
5848.43
5921.66
5922.66
5842.71
5860.59
5777.9
5893.43
5899.6
5832.84
5872.37
5839.36
5826.32
5878.46
5837.81
5870.33
5876.08
5897.96
5869.64
5860.79
5901.56
5834.34
5890.6
5869.54
5913.04
5899.8
5879.39
5889.07
5885.03
5875.02
5906.4
5878.97
5853.4
5862.91
5904.01
5880.88
5882.61
5881.95
5874.26
5907.31
5858.78
5825.76
5887.62
5908.74
5903.01
5811.89
5868.36
5871.31
5811.02
5848.77
5885.74
5866.52
5816.72
5869.36
5879.97
5949.55
5874.37
5834.03
5847.81
5878.3
5883.86
5823.33
5906.58
5915.94
5874.94
5862.89
5876.59
5880.92
5892.28
5842.22
5887.49
5829.66
5885.7
5865.69
5884.06
5918.92
5926.29
5890.16
5853.97
5865.68
5864.89
5919.65
5918.09
5890.81
5853.49
5860.53
5870.8
5874.81
5933.95
5864
5819.79
5848.87
5856.95
5913.9
5894.33
5854.94
5905.55
5845.35
5895.65
5835.45
5863.47
5903.99
5883.48
5890.33
5842.84
5865.7
5889.18
5896
5932.74
5891.08
5855.7
5898.26
5893.25
5904.52
5879.6
5820.55
1968.66
5255.48
5342.15
5333.84
5592.31
5886.05
5027.97
4853.17
5029.81
4964.11
4880.96
4781.46
4713.69
4862.72
4750.33
4702.62
4683.09
4654.74
4630.06
4595.23
4612.52
4579.05
4525.17
4491.25
4535.99
4577.2
4575.59
4692.53
4609.86
4655.1
4595.01
4591.19
4535.2
4832.86
4897.44
4719.09
4605.76
4637.25
4628.19
4660.49
4638.81
4574.23
4580.82
4680.81
4628.96
4660.39
4637.04
4631.06
4580.73
4597.91
4635.26
4508.78
4593.24
4593
4591.55
4567.82
4633.98
4562.36
4604.28
4561.77
4577.39
4592.07
4634.7
4570
4594.73
4570.29
4563.65
4564.83
4571.82
4576.58
4571.92
4579.04
4584.41
4584.23
4577.85
4561.64
4566.29
4583.98
4550.73
4566.96
4544.52
4568.55
4573.35
4568.27
4570.8
4543.37
4560.2
4551.52
4580.75
4570.38
4572.15
4535.55
4563.99
4549.57
4574.2
4543.11
4547.37
4535.33
4557.08
4561.46
4561.91
4530.14
4551.48
4549.02
4539.93
4562.57
4546.12
4545.73
4569.07
4551.42
4537.42
4518.58
4573.96
4587.53
4558.17
4557.8
4554.65
4535.04
4522.86
4550.62
4542.09
4570.96
4548.99
4546.06
4535.05
4556.71
4548.48
4528.26
4545.1
4546.3
4558.62
4540.36
4538.32
4540.42
4554.35
4525.46
4552.15
4531.75
4555.82
4529.04
4542.62
4562.31
4523.53
4536.39
4528.68
4541.92
4539.9
4538.22
4550.21
4544.52
4522.46
4529.33
4551.68
4528.84
4557.41
4536.45
4564.24
4537.8
4545.54
4556.85
4546.32
4538.39
4546.85
4549.48
4518.1
4568.04
4540.86
4555.52
4560.1
4562.89
4554.12
4524.73
4567.62
4533.79
4553.96
4548.51
4541.86
4545.78
4561.23
4544.97
4535.31
4553.06
4515.41
4563.35
4528.55
4523.49
4545.23
4533.08
4535.69
4512.34
4547.01
4539.34
4540.08
4520.54
4553.27
4557.67
4535.28
4549.85
4537.94
4545.63
4532.54
4552.36
4532.63
4533.81
4563.25
4532.27
4542.91
4549.09
4524.19
4529.15
4552.94
4545.26
4554.96
4544.95
4560.8
4528.84
4530.15
4557.63
4546.98
4544.25
4538.82
4534.69
4539.12
4554.07
4557.75
4550.04
4538.63
4545.14
4531.34
4525.91
4557.38
4553.21
4529.19
4551.09
4538.36
4539.38
4544.32
4542.94
4542.08
4551.99
4537.25
4547.59
4549.73
4561.97
4561.01
4547.62
4543.12
4557.77
4544.48
4539.46
4558.32
4549.84
4537.28
4582.27
4548.97
4503.95
4542.79
4544.87
4548.42
4533.9
4526.94
4527.82
4554.46
4545.71
4546.63
4551.65
4536.61
4535.11
4538.57
4537.75
4537.22
4562.92
4533.5
4529.56
4548.18
4538.57
4547.24
4583.04
4529.62
4557.68
4536.3
4536.56
4527.47
4526.4
4559.78
4573.83
4525.15
4529.52
4548.24
4562.13
4552.92
4549.01
4553.01
4526.36
4550.39
4551.19
4551.24
4542.19
