8218.24
6707.07
7197.37
1875.82
9664.65
6704.72
5258.07
7268.43
6048.92
6564.99
4969.2
7070.16
1486.73
5595.28
10308.3
5368.72
11367.9
13986.9
4781.99
6517.61
9734.77
2849.28
7307.18
4269.27
3001.22
11126
9966.95
3546.38
4197.67
7094.2
4395.84
10192.7
4840.77
6175.96
3424.87
13487
6760.39
5491.17
8934.84
4359.93
6811.06
2398.47
11387.3
4999.53
2358.81
9432.43
1910.18
15346.1
5319.79
4037.25
5193.4
3053.62
10464.7
4221.14
4138.79
6450.73
6310.85
6058.17
6785.66
7615.61
5010.69
11264.5
7277.14
3376.87
10271
3803.34
6588.59
10431.5
5970.15
3156.11
8399.76
7134.17
5207.18
7008.82
3103.08
9392.65
4921.68
3975.24
5874.35
4701.22
4617.42
11501
3317.71
2802.82
7934.49
8034.24
3797.23
4580.83
3067.41
5844.36
4088.03
12006.4
3412.69
12551.8
6768.18
9867.36
5098.38
10910
3235.51
8964.69
6356.29
4628.7
9573.79
9186.61
15613.7
5259.61
6261.57
11195.7
2692.93
8061.11
3954.68
2685.16
12602.8
4391.88
4514.48
7409.4
5495.1
4989.18
7086.35
8436.88
5361.29
8541.56
6679.26
4179.57
5607.24
7481.26
3383.31
7596.75
11104
4476.02
4075.19
4976.81
2832.96
10725.9
5663.24
5416.76
6281.64
6026.22
7754.2
4784.73
5694.26
5968.42
7054.08
5638.19
3076.08
5484.46
2933.36
3415.53
21135.7
4503.88
6575.7
6926.68
6090.62
2552.91
11302.9
2484.82
466.415
9789.2
2978.54
12262.1
40776.7
6814.42
61691.4
5053.34
10345.1
660.307
25904.4
7742.77
2445.85
2849.92
17179
9669.11
4785.87
10015.7
3970.92
2882.4
5007.99
3442.78
10052.9
2889.56
1664.96
5356.13
2409.6
3598.61
1656.57
4499.58
2894.08
2713.35
2131.44
24750.5
1799.6
12829.1
5586.45
4691.76
2068.04
5587.25
5611.22
5422.15
4137.39
8975.21
8528.92
9297.85
4745.33
1606.97
2432.55
2337.17
1975.49
3723.93
4508.69
1683.09
3681.35
5230.69
603.202
3600.16
3948.01
1071.78
4423.78
1535.63
4876.23
3830.35
5694.76
1041.93
1028.06
2026.68
2991.38
2180.16
2613.18
1875.49
3415.87
3569.99
2135.57
1897
2483.03
2502.42
3361.14
4574.88
2639.46
5754.55
6863.52
1441.78
1407.7
2315.92
2538.42
2995.88
1384.67
2661.69
1392.38
896.61
2565.33
1079.35
2953.87
3450.95
1831.87
1146.6
3064.82
1598.34
1764.97
2874
2490.27
1493.48
1201.26
1573.02
1204.25
3230.25
1970.63
2539.24
2942.79
1392.23
2280.49
6129.7
3831.5
1092.2
1625.53
2426.78
1474.72
908.141
1049.53
1676.68
1140.39
2475.09
1159.79
1901.97
5240.61
1104.86
2160.65
1752.66
2056.5
2831.74
2132.09
1847.38
2440.26
646.805
2379.75
1058.46
2539.18
1978.73
801.726
2999.8
1341.77
1447.1
1152.01
862.209
1782.68
1057.67
1163.38
1776.2
1388.94
1920.24
1599.96
1135.36
2038.96
2986.08
1523.06
1383.97
2848.66
1796.21
3704.2
2005.66
1151.96
938.962
2365.49
4770.2
875.146
2748.99
721.995
2111.89
2452.51
753.609
1979.86
2097.35
2111.81
2504.09
2206.47
1695.49
1395.19
2042.47
2747.19
2520.12
2626.45
4037.34
1927.76
2068.06
1728.62
2473.13
1889.63
1812.01
1034.56
1506.01
1722.84
1977.71
753.422
1956.31
1025.42
2213.38
1472.42
4698.48
3077.6
1010.13
2586.88
4423.94
2047.98
1943.54
1948.9
1844.49
1718.69
4669.74
2866.16
3895.65
1776.4
2240.55
2551.09
2771.41
1256.48
2522.95
2128.57
2317.39
3128.75
1912.25
2191.43
3091.85
1846.15
1283.18
1455
2335.96
1848.47
1549.76
1549.62
2317.06
2949.99
1112.94
1147.8
1320.97
1312.46
1001.73
1798.64
3086
2129.13
1459.52
4545.64
2000.1
2271.98
1070.79
2150.99
2684.31
2016.5
2041.83
3765.33
1725.57
1969.21
3397.39
1766.74
2977.02
1767.92
4509.33
2038.48
2591.3
1797.74
1816.87
2183.99
1799.28
1926.13
3820.45
2060.74
2474.87
1450.64
1979.6
1345.97
4578.13
1640.13
2853.86
3979.68
1582.85
1202.29
1444.77
3223.12
2315.42
1561.9
1421.87
2221.24
4039.1
2961.81
3437.21
1252.49
2347.36
1442.23
2825.04
1399.97
2552.13
1834.83
2306.42
1538.09
3071.29
1868.67
3241.7
