0
0
0
0.000296297
-0.00449539
-0.0050574
-0.00436713
-0.00500177
-0.00425482
-0.00351709
-0.00139361
-0.000950933
-0.00120571
-0.00126193
-0.00204465
-0.00146299
0.00147304
0.00342502
0.00395386
0.00528325
0.00657756
0.00475745
0.00486562
0.00699131
0.00720258
0.00573508
0.00649156
0.00345652
0.0033857
0.0013673
-0.000226462
-0.00117188
-0.0026007
-0.00381175
-0.00317202
-0.00315441
-0.00282693
-0.00471895
-0.00470125
-0.00647764
-0.00753227
-0.00878882
-0.00766036
-0.00826675
-0.00916775
-0.0105775
-0.0114495
-0.0104277
-0.00991452
-0.00910447
-0.00622345
-0.00394583
-0.00227892
-0.00162609
-0.00245615
-0.00252775
-0.00137511
-0.000990298
-0.00100459
-0.000880705
-0.00132788
-0.00127444
0.00080878
-0.00122535
-0.00175584
-0.00177294
-0.00214835
-0.00163778
-0.000465004
0.00114333
0.00150925
0.00121538
0.00172618
0.00137398
0.000694691
-0.000694809
-0.000903757
-0.000670023
-0.000121161
0.000527351
0.00156654
0.00120254
0.000521818
0.00196416
0.00229046
0.00121725
0.00223791
0.002054
0.00166373
5.55915e-05
0.000113646
0.000339391
0.00180051
0.00288495
-0.000167004
-0.00089778
-0.00123859
-0.00116459
-0.00168386
3.77515e-06
0.00145134
0.000494298
0.00390444
0.00430537
0.00385361
0.00291719
0.00120385
-0.00121836
-0.0010317
-0.00132822
-0.0015775
-0.00138539
-0.00278556
-0.00369458
-0.00387717
-0.00456804
-0.00416146
-0.00329519
-0.00247559
-0.00106206
0.000949378
0.00165779
0.000617379
0.00327763
0.00105946
0.000348534
0.000348534
-0.000561888
-0.000561888
-0.000208813
-0.000380759
0.000685655
2.40362e-05
0.000320103
0.000559232
0.00173872
0.00399217
0.00396075
0.00525303
0.00483196
0.00306316
0.00246487
0.000680543
0.0017612
0.00225952
0.00315684
0.00385256
0.00340453
0.00289386
0.00201582
0.00279488
0.0027029
0.00293425
0.00321545
0.00271994
0.00298537
0.00189335
0.00187757
0.0010171
0.0014262
0.00151548
0.00213288
0.00122042
0.00192025
0.00232482
0.00212321
0.00120023
3.30781e-05
-0.00177892
-0.00260366
-0.00211864
-0.00279278
-0.00266287
-0.00176531
-0.000988516
-0.000988516
-9.20829e-05
-0.000381981
0.00165313
0.00279229
0.00461266
0.0056927
0.00676621
0.00508899
0.00349965
0.00139384
-9.22355e-06
-0.00115123
-0.000656456
0.00027817
-0.000266268
0.00139037
5.7724e-06
-0.00153927
-0.000835978
0.00037209
0.00262973
0.00469613
0.00655069
0.00582906
0.00600083
0.00590416
0.00520896
0.0052554
0.0049171
0.006101
0.0060282
0.00575733
0.0064526
0.00676256
0.00609019
0.00355621
0.00210097
0.0013606
0.00228447
0.0035233
0.00378011
0.00544749
0.00554567
0.00572284
0.00558955
0.00271568
0.00562971
0.00538114
0.00569685
0.00413813
0.00132765
0.00165567
-0.000578507
0.000317949
-0.000639147
-0.000989157
0.000660336
0.00143231
0.00300187
0.00443644
0.00330249
0.000635192
0.000452126
-0.000260851
-0.00166841
-0.0022584
-0.00340885
-0.00370835
-0.00400061
-0.00394656
-0.00503036
-0.00363936
-0.00446306
-0.00254402
-0.00279718
-0.00213041
-0.00122157
-0.000733404
-0.0022721
-0.00333862
-0.0021954
3.93331e-05
0.000565335
0.00197457
0.000545124
0.000629709
-0.000355497
-0.00137927
-0.00306885
-0.00346547
-0.00266816
-0.000743305
-0.00128381
-0.000254644
0.00157295
0.00185183
0.00195783
0.0032106
0.00347318
0.00286991
0.00306602
0.00254648
0.00150737
-1.17806e-05
-0.00183905
-0.00490823
-0.00733774
-0.00792066
-0.00780543
-0.00867123
-0.00938392
-0.00876434
-0.00819906
-0.009309
-0.00877128
-0.00852424
-0.00702514
-0.00475448
-0.00420052
-0.00232729
-0.00138841
-0.000481764
-0.000798484
-0.00118077
-0.000740358
3.35028e-05
0.00232497
0.00268734
0.00372167
0.00256081
-1.28328e-05
-0.000795248
-2.22083e-05
0.00146569
0.00393714
0.00469385
0.00612468
0.00510863
0.0046908
0.00156038
0.000507838
0.00116501
0.000832485
0.00239679
0.00204118
0.000935439
0.00179804
0.00120519
0.000246696
0.000830827
0.00267091
0.0040567
0.00532385
0.00770037
0.0101829
0.0111041
0.0117331
0.0133228
0.0149719
0.0154383
0.0174618
0.0169651
0.0135173
0.0111438
0.00913699
0.00457564
0.00303142
0.00395794
0.00467413
0.00599135
0.00630419
0.0052185
0.00436523
0.00137227
-0.000242659
-0.000995376
-0.000150145
0.00105311
0.00243645
0.003322
0.00307721
0.00223823
0.00131493
-0.000760282
-0.00170862
-0.00156039
-5.51014e-06
-5.51014e-06
0.000983974
0.00112676
0.000102699
-0.00110779
-0.00137933
-0.00264356
-0.00142814
-0.000570019
0.000154304
0.000481042
0.000481042
0.000481042
-0.00104839
-0.00296446
-0.0022013
-0.00131978
0.000803137
0.00175477
0.00265041
0.00151664
0.000863223
0.000457481
-0.000934154
-0.00118171
-0.00443739
-0.0039411
-0.00451808
-0.00329698
-0.00295324
-0.00278732
-0.00268253
-0.00220546
0.000222457
7.46039e-05
0.00199168
-0.0116158
-0.0138009
-0.0138009
-0.0130682
-0.0137572
-0.013187
-0.013187
-0.013187
-0.013187
-0.013187
-0.013187
-0.013187
-0.013187
-0.013187
-0.013187
-0.013187
-0.013187
-0.013187
-0.013187
-0.013187
-0.013187
-0.013187
-0.013187
-0.013187
-0.013187
-0.013187
-0.013187
-0.013187
-0.013187
-0.013187
-0.013187
-0.013187
-0.013187
-0.013187
-0.013187
-0.013187
-0.013187
-0.013187
-0.013187
-0.013187
-0.013187
-0.013187
-0.013187
-0.013187
-0.013187
-0.013187
-0.013187
-0.013187
-0.013187
-0.013187
-0.013187
-0.013187
-0.013187
-0.013187
-0.013187
-0.013187
-0.013187
-0.013187
-0.013187
-0.013187
-0.013187
-0.013187
-0.013187
-0.013187
-0.013187
-0.013187
-0.013187
-0.013187
-0.013187
-0.013187
-0.013187
-0.013187
-0.013187
-0.013187
-0.013187
-0.013187
-0.013187
-0.013187
-0.013187
-0.013187
-0.013187
-0.013187
-0.013187
-0.013187
-0.013187
-0.013187
-0.013187
-0.013187
-0.013187
-0.013187
-0.013187
-0.013187
-0.013187
-0.013187
-0.013187
-0.013187
-0.013187
-0.013187
-0.013187
-0.013187
-0.013187
-0.013187
-0.013187
-0.013187
-0.013187
-0.013187
-0.013187
-0.013187
-0.013187
-0.013187
-0.013187
-0.013187
-0.013187
-0.013187
-0.013187
-0.013187
-0.013187
-0.013187
-0.013187
-0.013187
-0.013187
-0.013187
-0.013187
-0.013187
-0.013187
-0.013187
-0.013187
-0.013187
-0.013187
-0.013187
-0.013187
-0.013187
-0.013187
-0.013187
-0.013187
-0.013187
-0.013187
-0.013187
-0.013187
-0.013187
-0.013187
-0.013187
-0.013187
-0.013187
-0.013187
-0.013187
-0.013187
-0.013187
-0.013187
-0.013187
-0.013187
-0.013187
-0.013187
-0.013187
-0.013187
-0.013187
-0.013187
-0.013187
-0.013187
-0.013187
-0.013187
-0.013187
-0.013187
-0.013187
-0.013187
-0.013187
-0.013187
-0.013187
-0.013187
-0.013187
-0.013187
-0.013187
-0.013187
-0.013187
-0.013187
-0.013187
-0.013187
-0.013187
-0.013187
-0.013187
-0.013187
-0.013187
-0.013187
-0.013187
-0.013187
-0.013187
-0.013187
-0.013187
-0.013187
-0.013187
-0.013187
-0.013187
-0.013187
-0.013187
-0.013187
-0.013187
-0.013187
-0.013187
-0.013187
-0.013187
-0.013187
-0.013187
-0.013187
-0.013187
-0.013187
-0.013187
-0.013187
-0.013187
-0.013187
-0.013187
-0.013187
-0.013187
-0.013187
-0.013187
-0.013187
-0.013187
-0.013187
-0.013187
-0.013187
-0.013187
-0.013187
-0.013187
-0.013187
-0.013187
-0.013187
-0.013187
-0.013187
-0.013187
-0.013187
-0.013187
-0.013187
-0.013187
-0.013187
-0.013187
-0.013187
-0.013187
-0.013187
-0.013187
-0.013187
-0.013187
-0.013187
-0.013187
-0.013187
-0.013187
-0.013187
-0.013187
-0.013187
-0.013187
-0.013187
-0.013187
-0.013187
-0.013187
-0.013187
-0.013187
-0.013187
-0.013187
-0.013187
-0.013187
-0.013187
-0.013187
-0.013187
-0.013187
-0.013187
-0.013187
-0.013187
-0.013187
-0.013187
-0.013187
-0.013187
-0.013187
-0.013187
-0.013187
-0.013187
-0.013187
-0.013187
-0.013187
-0.013187
-0.013187
-0.013187
-0.013187
-0.013187
-0.013187
-0.013187
-0.013187
-0.013187
-0.013187
-0.013187
-0.013187
-0.013187
-0.013187
-0.013187
-0.013187
-0.013187
-0.013187
-0.013187
-0.013187
-0.013187
-0.013187
-0.013187
-0.013187
-0.013187
-0.013187
-0.013187
-0.013187
-0.013187
-0.013187
-0.013187
-0.013187
-0.013187
-0.013187
-0.013187
-0.013187
-0.013187
-0.013187
-0.013187
-0.013187
-0.013187
-0.013187
-0.013187
-0.013187
-0.013187
-0.013187
-0.013187
-0.013187
-0.013187
-0.013187
-0.013187
-0.013187
-0.013187
-0.013187
-0.013187
-0.013187
-0.013187
-0.013187
-0.013187
-0.013187
-0.013187
-0.013187
-0.013187
-0.013187
-0.013187
-0.013187
-0.013187
-0.013187
-0.013187
-0.013187
-0.013187
-0.013187
-0.013187
-0.013187
-0.013187
-0.013187
-0.013187
-0.013187
-0.013187
-0.013187
-0.013187
-0.013187
-0.013187
-0.013187
-0.013187
-0.013187
-0.013187
-0.013187
-0.013187
-0.013187
-0.013187
-0.013187
-0.013187
-0.013187
-0.013187
-0.013187
-0.013187
-0.013187
-0.013187
-0.013187
-0.013187
-0.013187
-0.013187
-0.013187
-0.013187
-0.013187
-0.013187
-0.013187
-0.013187
-0.013187
-0.013187
-0.013187
-0.013187
-0.013187
-0.013187
-0.013187
-0.013187
-0.013187
-0.013187
-0.013187
-0.013187
-0.013187
-0.013187
-0.013187
-0.013187
-0.013187
-0.013187
-0.013187
-0.013187
-0.013187
-0.013187
-0.013187
-0.013187
-0.013187
-0.013187
-0.013187
-0.013187
-0.013187
-0.013187
-0.013187
-0.013187
-0.013187
-0.013187
-0.013187
-0.013187
-0.013187
-0.013187
-0.013187
-0.013187
-0.013187
-0.013187
-0.013187
-0.013187
-0.013187
-0.013187
-0.013187
-0.013187
-0.013187
-0.013187
-0.013187
-0.013187
-0.013187
-0.013187
-0.013187
-0.013187
-0.013187
-0.013187
-0.013187
-0.013187
-0.013187
-0.013187
-0.013187
-0.013187
-0.013187
-0.013187
-0.013187
-0.013187
-0.013187
-0.013187
-0.013187
-0.013187
-0.013187
-0.013187
-0.013187
-0.013187
-0.013187
-0.013187
-0.013187
-0.013187
-0.013187
-0.013187
-0.013187
-0.013187
-0.013187
-0.013187
-0.013187
-0.013187
-0.013187
-0.013187
-0.013187
-0.013187
-0.013187
-0.013187
-0.013187
-0.013187
-0.013187
-0.013187
-0.013187
-0.013187
-0.013187
-0.013187
-0.013187
-0.013187
-0.013187
-0.013187
-0.013187
-0.013187
-0.013187
-0.013187
-0.013187
-0.013187
-0.013187
-0.013187
-0.013187
-0.013187
-0.013187
-0.013187
-0.013187
-0.013187
-0.013187
-0.013187
-0.013187
-0.013187
-0.013187
-0.013187
-0.013187
-0.013187
-0.013187
-0.013187
-0.013187
-0.013187
-0.013187
-0.013187
-0.013187
-0.013187
-0.013187
-0.013187
-0.013187
-0.013187
-0.013187
-0.013187
-0.013187
-0.013187
-0.013187
-0.013187
-0.013187
-0.013187
-0.013187
-0.013187
-0.013187
-0.013187
-0.013187
-0.013187
-0.013187
-0.013187
-0.013187
-0.013187
-0.013187
-0.013187
-0.013187
-0.013187
-0.013187
-0.013187
-0.013187
-0.013187
-0.013187
-0.013187
-0.013187
-0.013187
-0.013187
-0.013187
-0.013187
-0.013187
-0.013187
-0.013187
-0.013187
-0.013187
-0.013187
-0.013187
-0.013187
-0.013187
-0.013187
-0.013187
-0.013187
-0.013187
-0.013187
-0.013187
-0.013187
-0.013187
-0.013187
-0.013187
-0.013187
-0.013187
-0.013187
-0.013187
-0.013187
-0.013187
-0.013187
-0.013187
-0.013187
-0.013187
-0.013187
-0.013187
-0.013187
-0.013187
-0.013187
-0.013187
-0.013187
-0.013187
-0.013187
-0.013187
-0.013187
-0.013187
-0.013187
-0.013187
-0.013187
-0.013187
-0.013187
-0.013187
-0.013187
-0.013187
-0.013187
-0.013187
-0.013187
-0.013187
-0.013187
-0.013187
-0.013187
-0.013187
-0.013187
-0.013187
-0.013187
-0.013187
-0.013187
-0.013187
-0.013187
-0.013187
-0.013187
-0.013187
-0.013187
-0.013187
-0.013187
-0.013187
-0.013187
-0.013187
-0.013187
-0.013187
-0.013187
-0.013187
-0.013187
-0.013187
-0.013187
-0.013187
-0.013187
-0.013187
-0.013187
-0.013187
-0.013187
-0.013187
-0.013187
-0.013187
-0.013187
-0.013187
-0.013187
-0.013187
-0.013187
-0.013187
-0.013187
-0.013187
-0.013187
-0.013187
-0.013187
-0.013187
-0.013187
-0.013187
-0.013187
-0.013187
-0.013187
-0.013187
-0.013187
-0.013187
-0.013187
-0.013187
-0.013187
-0.013187
-0.013187
-0.013187
-0.013187
-0.013187
-0.013187
-0.013187
-0.013187
-0.013187
-0.013187
-0.013187
-0.013187
-0.013187
-0.013187
-0.013187
-0.013187
-0.013187
-0.013187
-0.013187
-0.013187
-0.013187
-0.013187
-0.013187
-0.013187
-0.013187
-0.013187
-0.013187
-0.013187
-0.013187
-0.013187
-0.013187
-0.013187
-0.013187
-0.013187
-0.013187
-0.013187
-0.013187
-0.013187
-0.013187
-0.013187
-0.013187
-0.013187
-0.013187
-0.013187
-0.013187
-0.013187
-0.013187
-0.013187
-0.013187
-0.013187
-0.013187
-0.013187
-0.013187
-0.013187
-0.013187
-0.013187
-0.013187
-0.013187
-0.013187
-0.013187
-0.013187
-0.013187
-0.013187
-0.013187
-0.013187
-0.013187
-0.013187
-0.013187
-0.013187
-0.013187
-0.013187
-0.013187
-0.013187
-0.013187
-0.013187
-0.013187
-0.013187
-0.013187
-0.013187
-0.013187
-0.013187
-0.013187
-0.013187
-0.013187
-0.013187
-0.013187
-0.013187
-0.013187
-0.013187
-0.013187
-0.013187
-0.013187
-0.013187
-0.013187
-0.013187
-0.013187
-0.013187
-0.013187
-0.013187
-0.013187
-0.013187
-0.013187
-0.013187
-0.013187
-0.013187
-0.013187
-0.013187
-0.013187
-0.013187
-0.013187
-0.013187
-0.013187
-0.013187
-0.013187
-0.013187
-0.013187
-0.013187
-0.013187
-0.013187
-0.013187
-0.013187
-0.013187
-0.013187
-0.013187
-0.013187
-0.013187
-0.013187
-0.013187
-0.013187
-0.013187
-0.013187
-0.013187
-0.013187
-0.013187
-0.013187
-0.013187
-0.013187
-0.013187
-0.013187
-0.013187
-0.013187
-0.013187
-0.013187
-0.013187
-0.013187
-0.013187
-0.013187
-0.013187
-0.013187
-0.013187
-0.013187
-0.013187
-0.013187
-0.013187
-0.013187
-0.013187
-0.013187
-0.013187
-0.013187
-0.013187
-0.013187
-0.013187
-0.013187
-0.013187
-0.013187
-0.013187
-0.013187
-0.013187
-0.013187
-0.013187
-0.013187
-0.013187
-0.013187
-0.013187
-0.013187
-0.013187
-0.013187
-0.013187
-0.013187
-0.013187
-0.013187
-0.013187
-0.013187
-0.013187
-0.013187
-0.013187
-0.013187
-0.013187
-0.013187
-0.013187
-0.013187
-0.013187
-0.013187
-0.013187
-0.013187
-0.013187
-0.013187
-0.013187
-0.013187
-0.013187
-0.013187
-0.013187
-0.013187
-0.013187
-0.013187
-0.013187
-0.013187
-0.013187
-0.013187
-0.013187
-0.013187
-0.013187
-0.013187
-0.013187
-0.013187
-0.013187
-0.013187
-0.013187
-0.013187
-0.013187
-0.013187
-0.013187
-0.013187
-0.013187
-0.013187
-0.013187
-0.013187
-0.013187
-0.013187
-0.013187
-0.013187
-0.013187
-0.013187
-0.013187
-0.013187
-0.013187
-0.013187
-0.013187
-0.013187
-0.013187
-0.013187
-0.013187
-0.013187
-0.013187
-0.013187
-0.013187
-0.013187
-0.013187
-0.013187
-0.013187
-0.013187
-0.013187
-0.013187
-0.013187
-0.013187
-0.013187
-0.013187
-0.013187
-0.013187
-0.013187
-0.013187
-0.013187
-0.013187
-0.013187
-0.013187
-0.013187
-0.013187
-0.013187
-0.013187
-0.013187
-0.013187
-0.013187
-0.013187
-0.013187
-0.013187
-0.013187
-0.013187
-0.013187
-0.013187
-0.013187
-0.013187
-0.013187
-0.013187
-0.013187
-0.013187
-0.013187
-0.013187
-0.013187
-0.013187
-0.013187
-0.013187
-0.013187
-0.013187
-0.013187
-0.013187
-0.013187
-0.013187
-0.013187
-0.013187
-0.013187
-0.013187
-0.013187
-0.013187
-0.013187
-0.013187
-0.013187
-0.013187
-0.013187
-0.013187
-0.013187
-0.013187
-0.013187
-0.013187
-0.013187
-0.013187
-0.013187
-0.013187
-0.013187
-0.013187
-0.013187
-0.013187
-0.013187
-0.013187
-0.013187
-0.013187
-0.013187
-0.013187
-0.013187
-0.013187
-0.013187
-0.013187
-0.013187
-0.013187
-0.013187
-0.013187
-0.013187
-0.013187
-0.013187
-0.013187
-0.013187
-0.013187
-0.013187
-0.013187
-0.013187
-0.013187
-0.013187
-0.013187
-0.013187
-0.013187
-0.013187
-0.013187
-0.013187
-0.013187
-0.013187
-0.013187
-0.013187
-0.013187
-0.013187
-0.013187
-0.013187
-0.013187
-0.013187
-0.013187
-0.013187
-0.013187
-0.013187
-0.013187
-0.013187
-0.013187
-0.013187
-0.013187
-0.013187
-0.013187
-0.013187
-0.013187
-0.013187
-0.013187
-0.013187
-0.013187
-0.013187
-0.013187
-0.013187
-0.013187
-0.013187
-0.013187
-0.013187
-0.013187
-0.013187
-0.013187
-0.013187
-0.013187
-0.013187
-0.013187
-0.013187
-0.013187
-0.013187
-0.013187
-0.013187
-0.013187
-0.013187
-0.013187
-0.013187
-0.013187
-0.013187
-0.013187
-0.013187
-0.013187
-0.013187
-0.013187
-0.013187
-0.013187
-0.013187
-0.013187
-0.013187
-0.013187
-0.013187
-0.013187
-0.013187
-0.013187
-0.013187
-0.013187
-0.013187
-0.013187
-0.013187
-0.013187
-0.013187
-0.013187
-0.013187
-0.013187
-0.013187
-0.013187
-0.013187
-0.013187
-0.013187
-0.013187
-0.013187
-0.013187
-0.013187
-0.013187
-0.013187
-0.013187
-0.013187
-0.013187
-0.013187
-0.013187
-0.013187
-0.013187
-0.013187
-0.013187
-0.013187
-0.013187
-0.013187
-0.013187
-0.013187
-0.013187
-0.013187
-0.013187
-0.013187
-0.013187
-0.013187
-0.013187
-0.013187
-0.013187
-0.013187
-0.013187
-0.013187
-0.013187
-0.013187
-0.013187
-0.013187
-0.013187
-0.013187
-0.013187
-0.013187
-0.013187
-0.013187
-0.013187
-0.013187
-0.013187
-0.013187
-0.013187
-0.013187
-0.013187
-0.013187
-0.013187
-0.013187
-0.013187
-0.013187
-0.013187
-0.013187
-0.013187
-0.013187
-0.013187
-0.013187
-0.013187
-0.013187
-0.013187
-0.013187
-0.013187
-0.013187
-0.013187
-0.013187
-0.013187
-0.013187
-0.013187
-0.013187
-0.013187
-0.013187
-0.013187
-0.013187
-0.013187
-0.013187
-0.013187
-0.013187
-0.013187
-0.013187
-0.013187
-0.013187
-0.013187
-0.013187
-0.013187
-0.013187
-0.013187
-0.013187
-0.013187
-0.013187
-0.013187
-0.013187
-0.013187
-0.013187
-0.013187
-0.013187
-0.013187
-0.013187
-0.013187
-0.013187
-0.013187
-0.013187
-0.013187
-0.013187
-0.013187
-0.013187
-0.013187
-0.013187
-0.013187
-0.013187
-0.013187
-0.013187
-0.013187
-0.013187
-0.013187
-0.013187
-0.013187
-0.013187
-0.013187
-0.013187
-0.013187
-0.013187
-0.013187
-0.013187
-0.013187
-0.013187
-0.013187
-0.013187
-0.013187
-0.013187
-0.013187
-0.013187
-0.013187
-0.013187
-0.013187
-0.013187
-0.013187
-0.013187
-0.013187
-0.013187
-0.013187
-0.013187
-0.013187
-0.013187
-0.013187
-0.013187
-0.013187
-0.013187
-0.013187
-0.013187
-0.013187
-0.013187
-0.013187
-0.013187
-0.013187
-0.013187
-0.013187
-0.013187
-0.013187
-0.013187
-0.013187
-0.013187
-0.013187
-0.013187
-0.013187
-0.013187
-0.013187
-0.013187
-0.013187
-0.013187
-0.013187
-0.013187
-0.013187
-0.013187
-0.013187
-0.013187
-0.013187
-0.013187
-0.013187
-0.013187
-0.013187
-0.013187
-0.013187
-0.013187
-0.013187
-0.013187
-0.013187
-0.013187
-0.013187
-0.013187
-0.013187
-0.013187
-0.013187
-0.013187
-0.013187
-0.013187
-0.013187
-0.013187
-0.013187
-0.013187
-0.013187
-0.013187
-0.013187
-0.013187
-0.013187
-0.013187
-0.013187
-0.013187
-0.013187
-0.013187
-0.013187
-0.013187
-0.013187
-0.013187
-0.013187
-0.013187
-0.013187
-0.013187
-0.013187
-0.013187
-0.013187
-0.013187
-0.013187
-0.013187
-0.013187
-0.013187
-0.013187
-0.013187
-0.013187
-0.013187
-0.013187
-0.013187
-0.013187
-0.013187
-0.013187
-0.013187
-0.013187
-0.013187
-0.013187
-0.013187
-0.013187
-0.013187
-0.013187
-0.013187
-0.013187
-0.013187
-0.013187
-0.013187
-0.013187
-0.013187
-0.013187
-0.013187
-0.013187
-0.013187
-0.013187
-0.013187
-0.013187
-0.013187
-0.013187
-0.013187
-0.013187
-0.013187
-0.013187
-0.013187
-0.013187
-0.013187
-0.013187
-0.013187
-0.013187
-0.013187
-0.013187
-0.013187
-0.013187
-0.013187
-0.013187
-0.013187
-0.013187
-0.013187
-0.013187
-0.013187
-0.013187
-0.013187
-0.013187
-0.013187
-0.013187
-0.013187
-0.013187
-0.013187
-0.013187
-0.013187
-0.013187
-0.013187
-0.013187
-0.013187
-0.013187
-0.013187
-0.013187
-0.013187
-0.013187
-0.013187
-0.013187
-0.013187
-0.013187
-0.013187
-0.013187
-0.013187
-0.013187
-0.013187
-0.013187
-0.013187
-0.013187
-0.013187
-0.013187
-0.013187
-0.013187
-0.013187
-0.013187
-0.013187
-0.013187
-0.013187
-0.013187
-0.013187
-0.013187
-0.013187
-0.013187
-0.013187
-0.013187
-0.013187
-0.013187
-0.013187
-0.013187
-0.013187
-0.013187
-0.013187
-0.013187
-0.013187
-0.013187
-0.013187
-0.013187
-0.013187
-0.013187
-0.013187
-0.013187
-0.013187
-0.013187
-0.013187
-0.013187
-0.013187
-0.013187
-0.013187
-0.013187
-0.013187
-0.013187
-0.013187
-0.013187
-0.013187
-0.013187
-0.013187
-0.013187
-0.013187
-0.013187
-0.013187
-0.013187
-0.013187
-0.013187
-0.013187
-0.013187
-0.013187
-0.013187
-0.013187
-0.013187
-0.013187
-0.013187
-0.013187
-0.013187
-0.013187
-0.013187
-0.013187
-0.013187
-0.013187
-0.013187
-0.013187
-0.013187
-0.013187
-0.013187
-0.013187
-0.013187
-0.013187
-0.013187
-0.013187
-0.013187
-0.013187
-0.013187
-0.013187
-0.013187
-0.013187
-0.013187
-0.013187
-0.013187
-0.013187
-0.013187
-0.013187
-0.013187
-0.013187
-0.013187
-0.013187
-0.013187
-0.013187
-0.013187
-0.013187
-0.013187
-0.013187
-0.013187
-0.013187
-0.013187
-0.013187
-0.013187
-0.013187
-0.013187
-0.013187
-0.013187
-0.013187
-0.013187
-0.013187
-0.013187
-0.013187
-0.013187
-0.013187
-0.013187
-0.013187
-0.013187
-0.013187
-0.013187
-0.013187
-0.013187
-0.013187
-0.013187
-0.013187
-0.013187
-0.013187
-0.013187
-0.013187
-0.013187
-0.013187
-0.013187
-0.013187
-0.013187
-0.013187
-0.013187
-0.013187
-0.013187
-0.013187
-0.013187
-0.013187
-0.013187
-0.013187
-0.013187
-0.013187
-0.013187
-0.013187
-0.013187
-0.013187
-0.013187
-0.013187
-0.013187
-0.013187
-0.013187
-0.013187
-0.013187
-0.013187
-0.013187
-0.013187
-0.013187
-0.013187
-0.013187
-0.013187
-0.013187
-0.013187
-0.013187
-0.013187
-0.013187
-0.013187
-0.013187
-0.013187
-0.013187
-0.013187
-0.013187
-0.013187
-0.013187
-0.013187
-0.013187
-0.013187
-0.013187
-0.013187
-0.013187
-0.013187
-0.013187
-0.013187
-0.013187
-0.013187
-0.013187
-0.013187
-0.013187
-0.013187
-0.013187
-0.013187
-0.013187
-0.013187
-0.013187
-0.013187
-0.013187
-0.013187
-0.013187
-0.013187
-0.013187
-0.013187
-0.013187
-0.013187
-0.013187
-0.013187
-0.013187
-0.013187
-0.013187
-0.013187
-0.013187
-0.013187
-0.013187
-0.013187
-0.013187
-0.013187
-0.013187
-0.013187
-0.013187
-0.013187
-0.013187
-0.013187
-0.013187
-0.013187
-0.013187
-0.013187
-0.013187
-0.013187
-0.013187
-0.013187
-0.013187
-0.013187
-0.013187
-0.013187
-0.013187
-0.013187
-0.013187
-0.013187
-0.013187
-0.013187
-0.013187
-0.013187
-0.013187
-0.013187
-0.013187
-0.013187
-0.013187
-0.013187
-0.013187
-0.013187
-0.013187
-0.013187
-0.013187
-0.013187
-0.013187
-0.013187
-0.013187
-0.013187
-0.013187
-0.013187
-0.013187
-0.013187
-0.013187
-0.013187
-0.013187
-0.013187
-0.013187
-0.013187
-0.013187
-0.013187
-0.013187
-0.013187
-0.013187
-0.013187
-0.013187
-0.013187
-0.013187
-0.013187
-0.013187
-0.013187
-0.013187
-0.013187
-0.013187
-0.013187
-0.013187
-0.013187
-0.013187
-0.013187
-0.013187
-0.013187
-0.013187
-0.013187
-0.013187
-0.013187
-0.013187
-0.013187
-0.013187
-0.013187
-0.013187
-0.013187
-0.013187
-0.013187
-0.013187
-0.013187
-0.013187
-0.013187
-0.013187
-0.013187
-0.013187
-0.013187
-0.013187
-0.013187
-0.013187
-0.013187
-0.013187
-0.013187
-0.013187
-0.013187
-0.013187
-0.013187
-0.013187
-0.013187
-0.013187
-0.013187
-0.013187
-0.013187
-0.013187
-0.013187
-0.013187
-0.013187
-0.013187
-0.013187
-0.013187
-0.013187
-0.013187
-0.013187
-0.013187
-0.013187
-0.013187
-0.013187
-0.013187
-0.013187
-0.013187
-0.013187
-0.013187
-0.013187
-0.013187
-0.013187
-0.013187
-0.013187
-0.013187
-0.013187
-0.013187
-0.013187
-0.013187
-0.013187
-0.013187
-0.013187
-0.013187
-0.013187
-0.013187
-0.013187
-0.013187
-0.013187
-0.013187
-0.013187
-0.013187
-0.013187
-0.013187
-0.013187
-0.013187
-0.013187
-0.013187
-0.013187
-0.013187
-0.013187
-0.013187
-0.013187
-0.013187
-0.013187
-0.013187
-0.013187
-0.013187
-0.013187
-0.013187
-0.013187
-0.013187
-0.013187
-0.013187
-0.013187
-0.013187
-0.013187
-0.013187
-0.013187
-0.013187
-0.013187
-0.013187
-0.013187
-0.013187
-0.013187
-0.013187
-0.013187
-0.013187
-0.013187
-0.013187
-0.013187
-0.013187
-0.013187
-0.013187
-0.013187
-0.013187
-0.013187
-0.013187
-0.013187
-0.013187
-0.013187
-0.013187
-0.013187
-0.013187
-0.013187
-0.013187
-0.013187
-0.013187
-0.013187
-0.013187
-0.013187
-0.013187
-0.013187
-0.013187
-0.013187
-0.013187
-0.013187
-0.013187
-0.013187
-0.013187
-0.013187
-0.013187
-0.013187
-0.013187
-0.013187
-0.013187
-0.013187
-0.013187
-0.013187
-0.013187
-0.013187
-0.013187
-0.013187
-0.013187
-0.013187
-0.013187
-0.013187
-0.013187
-0.013187
-0.013187
-0.013187
-0.013187
-0.013187
-0.013187
-0.013187
-0.013187
-0.013187
-0.013187
-0.013187
-0.013187
-0.013187
-0.013187
-0.013187
-0.013187
-0.013187
-0.013187
-0.013187
-0.013187
-0.013187
-0.013187
-0.013187
-0.013187
-0.013187
-0.013187
-0.013187
-0.013187
-0.013187
-0.013187
-0.013187
-0.013187
-0.013187
-0.013187
-0.013187
-0.013187
-0.013187
-0.013187
-0.013187
-0.013187
-0.013187
-0.013187
-0.013187
-0.013187
-0.013187
-0.013187
-0.013187
-0.013187
-0.013187
-0.013187
-0.013187
-0.013187
-0.013187
-0.013187
-0.013187
-0.013187
-0.013187
-0.013187
-0.013187
-0.013187
-0.013187
-0.013187
-0.013187
-0.013187
-0.013187
-0.013187
-0.013187
-0.013187
-0.013187
-0.013187
-0.013187
-0.013187
-0.013187
-0.013187
-0.013187
-0.013187
-0.013187
-0.013187
-0.013187
-0.013187
-0.013187
-0.013187
-0.013187
-0.013187
-0.013187
-0.013187
-0.013187
-0.013187
-0.013187
-0.013187
-0.013187
-0.013187
-0.013187
-0.013187
-0.013187
-0.013187
-0.013187
-0.013187
-0.013187
-0.013187
-0.013187
-0.013187
-0.013187
-0.013187
-0.013187
-0.013187
-0.013187
-0.013187
-0.013187
-0.013187
-0.013187
-0.013187
-0.013187
-0.013187
-0.013187
-0.013187
-0.013187
-0.013187
-0.013187
-0.013187
-0.013187
-0.013187
-0.013187
-0.013187
-0.013187
-0.013187
-0.013187
-0.013187
-0.013187
-0.013187
-0.013187
-0.013187
-0.013187
-0.013187
-0.013187
-0.013187
-0.013187
-0.013187
-0.013187
-0.013187
-0.013187
-0.013187
-0.013187
-0.013187
-0.013187
-0.013187
-0.013187
-0.013187
-0.013187
-0.013187
-0.013187
-0.013187
-0.013187
-0.013187
-0.013187
-0.013187
-0.013187
-0.013187
-0.013187
-0.013187
-0.013187
-0.013187
-0.013187
-0.013187
-0.013187
-0.013187
-0.013187
-0.013187
-0.013187
-0.013187
-0.013187
-0.013187
-0.013187
-0.013187
-0.013187
-0.013187
-0.013187
-0.013187
-0.013187
-0.013187
-0.013187
-0.013187
-0.013187
-0.013187
-0.013187
-0.013187
-0.013187
-0.013187
-0.013187
-0.013187
-0.013187
-0.013187
-0.013187
-0.013187
-0.013187
-0.013187
-0.013187
-0.013187
-0.013187
-0.013187
-0.013187
-0.013187
-0.013187
-0.013187
-0.013187
-0.013187
-0.013187
-0.013187
-0.013187
-0.013187
-0.013187
-0.013187
-0.013187
-0.013187
-0.013187
-0.013187
-0.013187
-0.013187
-0.013187
-0.013187
-0.013187
-0.013187
-0.013187
-0.013187
-0.013187
-0.013187
-0.013187
-0.013187
-0.013187
-0.013187
-0.013187
-0.013187
-0.013187
-0.013187
-0.013187
-0.013187
-0.013187
-0.013187
-0.013187
-0.013187
-0.013187
-0.013187
-0.013187
-0.013187
-0.013187
-0.013187
-0.013187
-0.013187
-0.013187
-0.013187
-0.013187
-0.013187
-0.013187
-0.013187
-0.013187
-0.013187
-0.013187
-0.013187
-0.013187
-0.013187
-0.013187
-0.013187
-0.013187
-0.013187
-0.013187
-0.013187
-0.013187
-0.013187
-0.013187
-0.013187
-0.013187
-0.013187
-0.013187
-0.013187
-0.013187
-0.013187
-0.013187
-0.013187
-0.013187
-0.013187
-0.013187
-0.013187
-0.013187
-0.013187
-0.013187
-0.013187
-0.013187
-0.013187
-0.013187
-0.013187
-0.013187
-0.013187
-0.013187
-0.013187
-0.013187
-0.013187
-0.013187
-0.013187
-0.013187
-0.013187
-0.013187
-0.013187
-0.013187
-0.013187
-0.013187
-0.013187
-0.013187
-0.013187
-0.013187
-0.013187
-0.013187
-0.013187
-0.013187
-0.013187
-0.013187
-0.013187
-0.013187
-0.013187
-0.013187
-0.013187
-0.013187
-0.013187
-0.013187
-0.013187
-0.013187
-0.013187
-0.013187
-0.013187
-0.013187
-0.013187
-0.013187
-0.013187
-0.013187
-0.013187
-0.013187
-0.013187
-0.013187
-0.013187
-0.013187
-0.013187
-0.013187
-0.013187
-0.013187
-0.013187
-0.013187
-0.013187
-0.013187
-0.013187
-0.013187
-0.013187
-0.013187
-0.013187
-0.013187
-0.013187
-0.013187
-0.013187
-0.013187
-0.013187
-0.013187
-0.013187
-0.013187
-0.013187
-0.013187
-0.013187
-0.013187
-0.013187
-0.013187
-0.013187
-0.013187
-0.013187
-0.013187
-0.013187
-0.013187
-0.013187
-0.013187
-0.013187
-0.013187
-0.013187
-0.013187
-0.013187
-0.013187
-0.013187
-0.013187
-0.013187
-0.013187
-0.013187
-0.013187
-0.013187
-0.013187
-0.013187
-0.013187
-0.013187
-0.013187
-0.013187
-0.013187
-0.013187
-0.013187
-0.013187
-0.013187
-0.013187
-0.013187
-0.013187
-0.013187
-0.013187
-0.013187
-0.013187
-0.013187
-0.013187
-0.013187
-0.013187
-0.013187
-0.013187
-0.013187
-0.013187
-0.013187
-0.013187
-0.013187
-0.013187
-0.013187
-0.013187
-0.013187
-0.013187
-0.013187
-0.013187
-0.013187
-0.013187
-0.013187
-0.013187
-0.013187
-0.013187
-0.013187
-0.013187
-0.013187
-0.013187
-0.013187
-0.013187
-0.013187
-0.013187
-0.013187
-0.013187
-0.013187
-0.013187
-0.013187
-0.013187
-0.013187
-0.013187
-0.013187
-0.013187
-0.013187
-0.013187
-0.013187
-0.013187
-0.013187
-0.013187
-0.013187
-0.013187
-0.013187
-0.013187
-0.013187
-0.013187
-0.013187
-0.013187
-0.013187
-0.013187
-0.013187
-0.013187
-0.013187
-0.013187
-0.013187
-0.013187
-0.013187
-0.013187
-0.013187
-0.013187
-0.013187
-0.013187
-0.013187
-0.013187
-0.013187
-0.013187
-0.013187
-0.013187
-0.013187
-0.013187
-0.013187
-0.013187
-0.013187
-0.013187
-0.013187
-0.013187
-0.013187
-0.013187
-0.013187
-0.013187
-0.013187
-0.013187
-0.013187
-0.013187
-0.013187
-0.013187
-0.013187
-0.013187
-0.013187
-0.013187
-0.013187
-0.013187
-0.013187
-0.013187
-0.013187
-0.013187
-0.013187
-0.013187
-0.013187
-0.013187
-0.013187
-0.013187
-0.013187
-0.013187
-0.013187
-0.013187
-0.013187
-0.013187
-0.013187
-0.013187
-0.013187
-0.013187
-0.013187
-0.013187
-0.013187
-0.013187
-0.013187
-0.013187
-0.013187
-0.013187
-0.013187
-0.013187
-0.013187
-0.013187
-0.013187
-0.013187
-0.013187
-0.013187
-0.013187
-0.013187
-0.013187
-0.013187
-0.013187
-0.013187
-0.013187
-0.013187
-0.013187
-0.013187
-0.013187
-0.013187
-0.013187
-0.013187
-0.013187
-0.013187
-0.013187
-0.013187
-0.013187
-0.013187
-0.013187
-0.013187
-0.013187
-0.013187
-0.013187
-0.013187
-0.013187
-0.013187
-0.013187
-0.013187
-0.013187
-0.013187
-0.013187
-0.013187
-0.013187
-0.013187
-0.013187
-0.013187
-0.013187
-0.013187
-0.013187
-0.013187
-0.013187
-0.013187
-0.013187
-0.013187
-0.013187
-0.013187
-0.013187
-0.013187
-0.013187
-0.013187
-0.013187
-0.013187
-0.013187
-0.013187
-0.013187
-0.013187
-0.013187
-0.013187
-0.013187
-0.013187
-0.013187
-0.013187
-0.013187
-0.013187
-0.013187
-0.013187
-0.013187
-0.013187
-0.013187
-0.013187
-0.013187
-0.013187
-0.013187
-0.013187
-0.013187
-0.013187
-0.013187
-0.013187
-0.013187
-0.013187
-0.013187
-0.013187
-0.013187
-0.013187
-0.013187
-0.013187
-0.013187
-0.013187
-0.013187
-0.013187
-0.013187
-0.013187
-0.013187
-0.013187
-0.013187
-0.013187
-0.013187
-0.013187
-0.013187
-0.013187
-0.013187
-0.013187
-0.013187
-0.013187
-0.013187
-0.013187
-0.013187
-0.013187
-0.013187
-0.013187
-0.013187
-0.013187
-0.013187
-0.013187
-0.013187
-0.013187
-0.013187
-0.013187
-0.013187
-0.013187
-0.013187
-0.013187
-0.013187
-0.013187
-0.013187
-0.013187
-0.013187
-0.013187
-0.013187
-0.013187
-0.013187
-0.013187
-0.013187
-0.013187
-0.013187
-0.013187
-0.013187
-0.013187
-0.013187
-0.013187
-0.013187
-0.013187
-0.013187
-0.013187
-0.013187
-0.013187
-0.013187
-0.013187
-0.013187
-0.013187
-0.013187
-0.013187
-0.013187
-0.013187
-0.013187
-0.013187
-0.013187
-0.013187
-0.013187
-0.013187
-0.013187
-0.013187
-0.013187
-0.013187
-0.013187
-0.013187
-0.013187
-0.013187
-0.013187
-0.013187
-0.013187
-0.013187
-0.013187
-0.013187
-0.013187
-0.013187
-0.013187
-0.013187
-0.013187
-0.013187
-0.013187
-0.013187
-0.013187
-0.013187
-0.013187
-0.013187
-0.013187
-0.013187
-0.013187
-0.013187
-0.013187
-0.013187
-0.013187
-0.013187
-0.013187
-0.013187
-0.013187
-0.013187
-0.013187
-0.013187
-0.013187
-0.013187
-0.013187
-0.013187
-0.013187
-0.013187
-0.013187
-0.013187
-0.013187
-0.013187
-0.013187
-0.013187
-0.013187
-0.013187
-0.013187
-0.013187
-0.013187
-0.013187
-0.013187
-0.013187
-0.013187
-0.013187
-0.013187
-0.013187
-0.013187
-0.013187
-0.013187
-0.013187
-0.013187
-0.013187
-0.013187
-0.013187
-0.013187
-0.013187
-0.013187
-0.013187
-0.013187
-0.013187
-0.013187
-0.013187
-0.013187
-0.013187
-0.013187
-0.013187
-0.013187
-0.013187
-0.013187
-0.013187
-0.013187
-0.013187
-0.013187
-0.013187
-0.013187
-0.013187
-0.013187
-0.013187
-0.013187
-0.013187
-0.013187
-0.013187
-0.013187
-0.013187
-0.013187
-0.013187
-0.013187
-0.013187
-0.013187
-0.013187
-0.013187
-0.013187
-0.013187
-0.013187
-0.013187
-0.013187
-0.013187
-0.013187
-0.013187
-0.013187
-0.013187
-0.013187
-0.013187
-0.013187
-0.013187
-0.013187
-0.013187
-0.013187
-0.013187
-0.013187
-0.013187
-0.013187
-0.013187
-0.013187
-0.013187
-0.013187
-0.013187
-0.013187
-0.013187
-0.013187
-0.013187
-0.013187
-0.013187
-0.013187
-0.013187
-0.013187
-0.013187
-0.013187
-0.013187
-0.013187
-0.013187
-0.013187
-0.013187
-0.013187
-0.013187
-0.013187
-0.013187
-0.013187
-0.013187
-0.013187
-0.013187
-0.013187
-0.013187
-0.013187
-0.013187
-0.013187
-0.013187
-0.013187
-0.013187
-0.013187
-0.013187
-0.013187
-0.013187
-0.013187
-0.013187
-0.013187
-0.013187
-0.013187
-0.013187
-0.013187
-0.013187
-0.013187
-0.013187
-0.013187
-0.013187
-0.013187
-0.013187
-0.013187
-0.013187
-0.013187
-0.013187
-0.013187
-0.013187
-0.013187
-0.013187
-0.013187
-0.013187
-0.013187
-0.013187
-0.013187
-0.013187
-0.013187
-0.013187
-0.013187
-0.013187
-0.013187
-0.013187
-0.013187
-0.013187
-0.013187
-0.013187
-0.013187
-0.013187
-0.013187
-0.013187
-0.013187
-0.013187
-0.013187
-0.013187
-0.013187
-0.013187
-0.013187
-0.013187
-0.013187
-0.013187
-0.013187
-0.013187
-0.013187
-0.013187
-0.013187
-0.013187
-0.013187
-0.013187
-0.013187
-0.013187
-0.013187
-0.013187
-0.013187
-0.013187
-0.013187
-0.013187
-0.013187
-0.013187
-0.013187
-0.013187
-0.013187
-0.013187
-0.013187
-0.013187
-0.013187
-0.013187
-0.013187
-0.013187
-0.013187
-0.013187
-0.013187
-0.013187
-0.013187
-0.013187
-0.013187
-0.013187
-0.013187
-0.013187
-0.013187
-0.013187
-0.013187
-0.013187
-0.013187
-0.013187
-0.013187
-0.013187
-0.013187
-0.013187
-0.013187
-0.013187
-0.013187
-0.013187
-0.013187
-0.013187
-0.013187
-0.013187
-0.013187
-0.013187
-0.013187
-0.013187
-0.013187
-0.013187
-0.013187
-0.013187
-0.013187
-0.013187
-0.013187
-0.013187
-0.013187
-0.013187
-0.013187
-0.013187
-0.013187
-0.013187
-0.013187
-0.013187
-0.013187
-0.013187
-0.013187
-0.013187
-0.013187
-0.013187
-0.013187
-0.013187
-0.013187
-0.013187
-0.013187
-0.013187
-0.013187
-0.013187
-0.013187
-0.013187
-0.013187
-0.013187
-0.013187
-0.013187
-0.013187
-0.013187
-0.013187
-0.013187
-0.013187
-0.013187
-0.013187
-0.013187
-0.013187
-0.013187
-0.013187
-0.013187
-0.013187
-0.013187
-0.013187
-0.013187
-0.013187
-0.013187
-0.013187
-0.013187
-0.013187
-0.013187
-0.013187
-0.013187
-0.013187
-0.013187
-0.013187
-0.013187
-0.013187
-0.013187
-0.013187
-0.013187
-0.013187
-0.013187
-0.013187
-0.013187
-0.013187
-0.013187
-0.013187
-0.013187
-0.013187
-0.013187
-0.013187
-0.013187
-0.013187
-0.013187
-0.013187
-0.013187
-0.013187
-0.013187
-0.013187
-0.013187
-0.013187
-0.013187
-0.013187
-0.013187
-0.013187
-0.013187
-0.013187
-0.013187
-0.013187
-0.013187
-0.013187
-0.013187
-0.013187
-0.013187
-0.013187
-0.013187
-0.013187
-0.013187
-0.013187
-0.013187
-0.013187
-0.013187
-0.013187
-0.013187
-0.013187
-0.013187
-0.013187
-0.013187
-0.013187
-0.013187
-0.013187
-0.013187
-0.013187
-0.013187
-0.013187
-0.013187
-0.013187
-0.013187
-0.013187
-0.013187
-0.013187
-0.013187
-0.013187
-0.013187
-0.013187
-0.013187
-0.013187
-0.013187
-0.013187
-0.013187
-0.013187
-0.013187
-0.013187
-0.013187
-0.013187
-0.013187
-0.013187
-0.013187
-0.013187
-0.013187
-0.013187
-0.013187
-0.013187
-0.013187
-0.013187
-0.013187
-0.013187
-0.013187
-0.013187
-0.013187
-0.013187
-0.013187
-0.013187
-0.013187
-0.013187
-0.013187
-0.013187
-0.013187
-0.013187
-0.013187
-0.013187
-0.013187
-0.013187
-0.013187
-0.013187
-0.013187
-0.013187
-0.013187
-0.013187
-0.013187
-0.013187
-0.013187
-0.013187
-0.013187
-0.013187
-0.013187
-0.013187
-0.013187
-0.013187
-0.013187
-0.013187
-0.013187
-0.013187
-0.013187
-0.013187
-0.013187
-0.013187
-0.013187
-0.013187
-0.013187
-0.013187
-0.013187
-0.013187
-0.013187
-0.013187
-0.013187
-0.013187
-0.013187
-0.013187
-0.013187
-0.013187
-0.013187
-0.013187
-0.013187
-0.013187
-0.013187
-0.013187
-0.013187
-0.013187
-0.013187
-0.013187
-0.013187
-0.013187
-0.013187
-0.013187
-0.013187
-0.013187
-0.013187
-0.013187
-0.013187
-0.013187
-0.013187
-0.013187
-0.013187
-0.013187
-0.013187
-0.013187
-0.013187
-0.013187
-0.013187
-0.013187
-0.013187
-0.013187
-0.013187
-0.013187
-0.013187
-0.013187
-0.013187
-0.013187
-0.013187
-0.013187
-0.013187
-0.013187
-0.013187
-0.013187
-0.013187
-0.013187
-0.013187
-0.013187
-0.013187
-0.013187
-0.013187
-0.013187
-0.013187
-0.013187
-0.013187
-0.013187
-0.013187
-0.013187
-0.013187
-0.013187
-0.013187
-0.013187
-0.013187
-0.013187
-0.013187
-0.013187
-0.013187
-0.013187
-0.013187
-0.013187
-0.013187
-0.013187
-0.013187
-0.013187
-0.013187
-0.013187
-0.013187
-0.013187
-0.013187
-0.013187
-0.013187
-0.013187
-0.013187
-0.013187
-0.013187
-0.013187
-0.013187
-0.013187
-0.013187
-0.013187
-0.013187
-0.013187
-0.013187
-0.013187
-0.013187
-0.013187
-0.013187
-0.013187
-0.013187
-0.013187
-0.013187
-0.013187
-0.013187
-0.013187
-0.013187
-0.013187
-0.013187
-0.013187
-0.013187
-0.013187
-0.013187
-0.013187
-0.013187
-0.013187
-0.013187
-0.013187
-0.013187
-0.013187
-0.013187
-0.013187
-0.013187
-0.013187
-0.013187
-0.013187
-0.013187
-0.013187
-0.013187
-0.013187
-0.013187
-0.013187
-0.013187
-0.013187
-0.013187
-0.013187
-0.013187
-0.013187
-0.013187
-0.013187
-0.013187
-0.013187
-0.013187
-0.013187
-0.013187
-0.013187
-0.013187
-0.013187
-0.013187
-0.013187
-0.013187
-0.013187
-0.013187
-0.013187
-0.013187
-0.013187
-0.013187
-0.013187
-0.013187
-0.013187
-0.013187
-0.013187
-0.013187
-0.013187
-0.013187
-0.013187
-0.013187
-0.013187
-0.013187
-0.013187
-0.013187
-0.013187
-0.013187
-0.013187
-0.013187
-0.013187
-0.013187
-0.013187
-0.013187
-0.013187
-0.013187
-0.013187
-0.013187
-0.013187
-0.013187
-0.013187
-0.013187
-0.013187
-0.013187
-0.013187
-0.013187
-0.013187
-0.013187
-0.013187
-0.013187
-0.013187
-0.013187
-0.013187
-0.013187
-0.013187
-0.013187
-0.013187
-0.013187
-0.013187
-0.013187
-0.013187
-0.013187
-0.013187
-0.013187
-0.013187
-0.013187
-0.013187
-0.013187
-0.013187
-0.013187
-0.013187
-0.013187
-0.013187
-0.013187
-0.013187
-0.013187
-0.013187
-0.013187
-0.013187
-0.013187
-0.013187
-0.013187
-0.013187
-0.013187
-0.013187
-0.013187
-0.013187
-0.013187
-0.013187
-0.013187
-0.013187
-0.013187
-0.013187
-0.013187
-0.013187
-0.013187
-0.013187
-0.013187
-0.013187
-0.013187
-0.013187
-0.013187
-0.013187
-0.013187
-0.013187
-0.013187
-0.013187
-0.013187
-0.013187
-0.013187
-0.013187
-0.013187
-0.013187
-0.013187
-0.013187
-0.013187
-0.013187
-0.013187
-0.013187
-0.013187
-0.013187
-0.013187
-0.013187
-0.013187
-0.013187
-0.013187
-0.013187
-0.013187
-0.013187
-0.013187
-0.013187
-0.013187
-0.013187
-0.013187
-0.013187
-0.013187
-0.013187
-0.013187
-0.013187
-0.013187
-0.013187
-0.013187
-0.013187
-0.013187
-0.013187
-0.013187
-0.013187
-0.013187
-0.013187
-0.013187
-0.013187
-0.013187
-0.013187
-0.013187
-0.013187
-0.013187
-0.013187
-0.013187
-0.013187
-0.013187
-0.013187
-0.013187
-0.013187
-0.013187
-0.013187
-0.013187
-0.013187
-0.013187
-0.013187
-0.013187
-0.013187
-0.013187
-0.013187
-0.013187
-0.013187
-0.013187
-0.013187
-0.013187
-0.013187
-0.013187
-0.013187
-0.013187
-0.013187
-0.013187
-0.013187
-0.013187
-0.013187
-0.013187
-0.013187
-0.013187
-0.013187
-0.013187
-0.013187
-0.013187
-0.013187
-0.013187
-0.013187
-0.013187
-0.013187
-0.013187
-0.013187
-0.013187
-0.013187
-0.013187
-0.013187
-0.013187
-0.013187
-0.013187
-0.013187
-0.013187
-0.013187
-0.013187
-0.013187
-0.013187
-0.013187
-0.013187
-0.013187
-0.013187
-0.013187
-0.013187
-0.013187
-0.013187
-0.013187
-0.013187
-0.013187
-0.013187
-0.013187
-0.013187
-0.013187
-0.013187
-0.013187
-0.013187
-0.013187
-0.013187
-0.013187
-0.013187
-0.013187
-0.013187
-0.013187
-0.013187
-0.013187
-0.013187
-0.013187
-0.013187
-0.013187
-0.013187
-0.013187
-0.013187
-0.013187
-0.013187
-0.013187
-0.013187
-0.013187
-0.013187
-0.013187
-0.013187
-0.013187
-0.013187
-0.013187
-0.013187
-0.013187
-0.013187
-0.013187
-0.013187
-0.013187
-0.013187
-0.013187
-0.013187
-0.013187
-0.013187
-0.013187
-0.013187
-0.013187
-0.013187
-0.013187
-0.013187
-0.013187
-0.013187
-0.013187
-0.013187
-0.013187
-0.013187
-0.013187
-0.013187
-0.013187
-0.013187
-0.013187
-0.013187
-0.013187
-0.013187
-0.013187
-0.013187
-0.013187
-0.013187
-0.013187
-0.013187
-0.013187
-0.013187
-0.013187
-0.013187
-0.013187
-0.013187
-0.013187
-0.013187
-0.013187
-0.013187
-0.013187
-0.013187
-0.013187
-0.013187
-0.013187
-0.013187
-0.013187
-0.013187
-0.013187
-0.013187
-0.013187
-0.013187
-0.013187
-0.013187
-0.013187
-0.013187
-0.013187
-0.013187
-0.013187
-0.013187
-0.013187
-0.013187
-0.013187
-0.013187
-0.013187
-0.013187
-0.013187
-0.013187
-0.013187
-0.013187
-0.013187
-0.013187
-0.013187
-0.013187
-0.013187
-0.013187
-0.013187
-0.013187
-0.013187
-0.013187
-0.013187
-0.013187
-0.013187
-0.013187
-0.013187
-0.013187
-0.013187
-0.013187
-0.013187
-0.013187
-0.013187
-0.013187
-0.013187
-0.013187
-0.013187
-0.013187
-0.013187
-0.013187
-0.013187
-0.013187
-0.013187
-0.013187
-0.013187
-0.013187
-0.013187
-0.013187
-0.013187
-0.013187
-0.013187
-0.013187
-0.013187
-0.013187
-0.013187
-0.013187
-0.013187
-0.013187
-0.013187
-0.013187
-0.013187
-0.013187
-0.013187
-0.013187
-0.013187
-0.013187
-0.013187
-0.013187
-0.013187
-0.013187
-0.013187
-0.013187
-0.013187
-0.013187
-0.013187
-0.013187
-0.013187
-0.013187
-0.013187
-0.013187
-0.013187
-0.013187
-0.013187
-0.013187
-0.013187
-0.013187
-0.013187
-0.013187
-0.013187
-0.013187
-0.013187
-0.013187
-0.013187
-0.013187
-0.013187
-0.013187
-0.013187
-0.013187
-0.013187
-0.013187
-0.013187
-0.013187
-0.013187
-0.013187
-0.013187
-0.013187
-0.013187
-0.013187
-0.013187
-0.013187
-0.013187
-0.013187
-0.013187
-0.013187
-0.013187
-0.013187
-0.013187
-0.013187
-0.013187
-0.013187
-0.013187
-0.013187
-0.013187
-0.013187
-0.013187
-0.013187
-0.013187
-0.013187
-0.013187
-0.013187
-0.013187
-0.013187
-0.013187
-0.013187
-0.013187
-0.013187
-0.013187
-0.013187
-0.013187
-0.013187
-0.013187
-0.013187
-0.013187
-0.013187
-0.013187
-0.013187
-0.013187
-0.013187
-0.013187
-0.013187
-0.013187
-0.013187
-0.013187
-0.013187
-0.013187
-0.013187
-0.013187
-0.013187
-0.013187
-0.013187
-0.013187
-0.013187
-0.013187
-0.013187
-0.013187
-0.013187
-0.013187
-0.013187
-0.013187
-0.013187
-0.013187
-0.013187
-0.013187
-0.013187
-0.013187
-0.013187
-0.013187
-0.013187
-0.013187
-0.013187
-0.013187
-0.013187
-0.013187
-0.013187
-0.013187
-0.013187
-0.013187
-0.013187
-0.013187
-0.013187
-0.013187
-0.013187
-0.013187
-0.013187
-0.013187
-0.013187
-0.013187
-0.013187
-0.013187
-0.013187
-0.013187
-0.013187
-0.013187
-0.013187
-0.013187
-0.013187
-0.013187
-0.013187
-0.013187
-0.013187
-0.013187
-0.013187
-0.013187
-0.013187
-0.013187
-0.013187
-0.013187
-0.013187
-0.013187
-0.013187
-0.013187
-0.013187
-0.013187
-0.013187
-0.013187
-0.013187
-0.013187
-0.013187
-0.013187
-0.013187
-0.013187
-0.013187
-0.013187
-0.013187
-0.013187
-0.013187
-0.013187
-0.013187
-0.013187
-0.013187
-0.013187
-0.013187
-0.013187
-0.013187
-0.013187
-0.013187
-0.013187
-0.013187
-0.013187
-0.013187
-0.013187
-0.013187
-0.013187
-0.013187
-0.013187
-0.013187
-0.013187
-0.013187
-0.013187
-0.013187
-0.013187
-0.013187
-0.013187
-0.013187
-0.013187
-0.013187
-0.013187
-0.013187
-0.013187
-0.013187
-0.013187
-0.013187
-0.013187
-0.013187
-0.013187
-0.013187
-0.013187
-0.013187
-0.013187
-0.013187
-0.013187
-0.013187
-0.013187
-0.013187
-0.013187
-0.013187
-0.013187
-0.013187
-0.013187
-0.013187
-0.013187
-0.013187
-0.013187
-0.013187
-0.013187
-0.013187
-0.013187
-0.013187
-0.013187
-0.013187
-0.013187
-0.013187
-0.013187
-0.013187
-0.013187
-0.013187
-0.013187
-0.013187
-0.013187
-0.013187
-0.013187
-0.013187
-0.013187
-0.013187
-0.013187
-0.013187
-0.013187
-0.013187
-0.013187
-0.013187
-0.013187
-0.013187
-0.013187
-0.013187
-0.013187
-0.013187
-0.013187
-0.013187
-0.013187
-0.013187
-0.013187
-0.013187
-0.013187
-0.013187
-0.013187
-0.013187
-0.013187
-0.013187
-0.013187
-0.013187
-0.013187
-0.013187
-0.013187
-0.013187
-0.013187
-0.013187
-0.013187
-0.013187
-0.013187
-0.013187
-0.013187
-0.013187
-0.013187
-0.013187
-0.013187
-0.013187
-0.013187
-0.013187
-0.013187
-0.013187
-0.013187
-0.013187
-0.013187
-0.013187
-0.013187
-0.013187
-0.013187
-0.013187
-0.013187
-0.013187
-0.013187
-0.013187
-0.013187
-0.013187
-0.013187
-0.013187
-0.013187
-0.013187
-0.013187
-0.013187
-0.013187
-0.013187
-0.013187
-0.013187
-0.013187
-0.013187
-0.013187
-0.013187
-0.013187
-0.013187
-0.013187
-0.013187
-0.013187
-0.013187
-0.013187
-0.013187
-0.013187
-0.013187
-0.013187
-0.013187
-0.013187
-0.013187
-0.013187
-0.013187
-0.013187
-0.013187
-0.013187
-0.013187
-0.013187
-0.013187
-0.013187
-0.013187
-0.013187
-0.013187
-0.013187
-0.013187
-0.013187
-0.013187
-0.013187
-0.013187
-0.013187
-0.013187
-0.013187
-0.013187
-0.013187
-0.013187
-0.013187
-0.013187
-0.013187
-0.013187
-0.013187
-0.013187
-0.013187
-0.013187
-0.013187
-0.013187
-0.013187
-0.013187
-0.013187
-0.013187
-0.013187
-0.013187
-0.013187
-0.013187
-0.013187
-0.013187
-0.013187
-0.013187
-0.013187
-0.013187
-0.013187
-0.013187
-0.013187
-0.013187
-0.013187
-0.013187
-0.013187
-0.013187
-0.013187
-0.013187
-0.013187
-0.013187
-0.013187
-0.013187
-0.013187
-0.013187
-0.013187
-0.013187
-0.013187
-0.013187
-0.013187
-0.013187
-0.013187
-0.013187
-0.013187
-0.013187
-0.013187
-0.013187
-0.013187
-0.013187
-0.013187
-0.013187
-0.013187
-0.013187
-0.013187
-0.013187
-0.013187
-0.013187
-0.013187
-0.013187
-0.013187
-0.013187
-0.013187
-0.013187
-0.013187
-0.013187
-0.013187
-0.013187
-0.013187
-0.013187
-0.013187
-0.013187
-0.013187
-0.013187
-0.013187
-0.013187
-0.013187
-0.013187
-0.013187
-0.013187
-0.013187
-0.013187
-0.013187
-0.013187
-0.013187
-0.013187
-0.013187
-0.013187
-0.013187
-0.013187
-0.013187
-0.013187
-0.013187
