0
0
0
0.184089
0.149972
0.174849
0.19475
0.165609
0.172716
0.201858
0.226024
0.237396
0.227446
0.247347
0.253744
0.255876
0.255876
0.263695
0.255876
0.250901
0.256303
0.258009
0.255165
0.260141
0.253033
0.253744
0.255165
0.250901
0.252322
0.25019
0.25019
0.251612
0.25019
0.255165
0.255165
0.250901
0.249479
0.249479
0.248769
0.251612
0.25019
0.251612
0.250901
0.257298
0.256587
0.252322
0.255165
0.255876
0.253744
0.254455
0.25019
0.255023
0.256587
0.253744
0.249479
0.252322
0.251612
0.255165
0.251612
0.249479
0.252322
0.255876
0.249479
0.251612
0.255165
0.254455
0.251612
0.255876
0.254455
0.251612
0.252322
0.247347
0.258009
0.253033
0.258009
0.251612
0.245215
0.255876
0.25019
0.255876
0.258009
0.250901
0.249906
0.25019
0.250901
0.255876
0.253033
0.252322
0.25019
0.253744
0.251612
0.249479
0.248769
0.248769
0.249479
0.245215
0.251612
0.253033
0.249479
0.252322
0.255165
0.25019
0.249479
0.250901
0.250901
0.25019
0.250901
-0.000710767
0
0
0.00142153
-0.00355384
0
0.0021323
0.00142153
-0.00284307
-0.0021323
0.000710767
0.000852921
-0.000710767
0
0.0042646
-0.00142153
0.0021323
0.00284307
0.00284307
0.00142153
0.0021323
0.00284307
-0.00142153
-0.00142153
0
0.0021323
0.00142153
-0.00142153
0.00142153
0.0021323
0.00142153
0
0.000710767
0.0021323
-0.00639691
0.00142153
0.0021323
0.00142153
-0.000710767
0.000710767
0.000710767
0.0021323
0.0021323
0
0.0021323
0
-0.00142153
0.000710767
-0.00142153
-0.00142153
0
0.000710767
-0.00142153
0
0.000710767
0.0021323
0
-0.0021323
-0.000710767
-0.00142153
-0.000710767
0.000710767
0.00142153
0
-0.00142153
-0.000710767
0
-0.0042646
-0.0021323
-0.000710767
0
0
0.000710767
0.0021323
0.00142153
0
0.0021323
0
0
0
0.0959536
0.144286
0.140732
0.128649
0.102351
0.125806
0.162055
0.189775
0.204701
0.218206
0.235975
0.237396
0.252322
0.25019
0.260141
0.258009
0.25943
0.258009
0.260141
0.258009
0.256587
0.249479
0.249479
0.253744
0.255876
0.252322
0.255876
0.257298
0.250901
0.258009
0.253744
0.253033
0.251612
0.251612
0.253033
0.255165
0.253744
0.254455
0.252322
0.252322
0.253744
0.252322
0.250901
0.253744
0.251612
0.251612
0.253744
0.255876
0.252322
0.254455
0.253744
0.252322
0.252322
0.246636
0.252322
0.248769
0.253318
0.250901
0.252322
0.251612
0.253744
0.249479
0.252322
0.253744
0.253033
0.253033
0.250901
0.258009
0.253033
0.251612
0.258009
0.251612
0.252322
0.249479
0.244504
0.25019
0.253744
0.245215
0.251612
0.251612
0.253744
0.249479
0.250901
0.254455
0.248769
0.245215
0.257298
0.258719
0.255165
0.248769
0.253744
0.25545
0.250901
0.250901
0.255876
0.253033
0.245926
0.249479
0.252322
0.255165
0.249479
0.25019
0.253744
0.252322
0.253744
0.251612
0.251612
0.25019
0.246636
0.248769
0.256587
0.250901
0.25019
0.252322
0.25019
0.249479
0.249479
0.251612
0.251612
0.25019
0.249479
0.245926
0.250901
0.251612
0.249479
0.251612
0.248769
0.253744
0.250901
0.246636
0.250901
0.253744
0.248769
0.25019
0.249479
0.248769
0.253744
0.248058
0.251612
0.258009
0.246636
0.250901
0.245926
0.251612
0.249479
0.249479
0.251612
0.25019
0.249479
0.249479
0.251612
0.25019
0.251612
0.253744
0.255876
0.25019
0.25019
0.245926
0.251612
0.249479
0.249479
0.252465
0.253033
0.250901
0.251612
0.251612
0.251612
0.252322
0.247347
0.251612
0.254455
0.250901
0.255876
0.255876
0.252891
0.25019
0.248058
0.248058
0.249479
0.250759
0.248769
0.249479
0.252322
0.25019
0.248769
0.249479
0.249479
0.248769
0.248058
0.247347
0.250901
0.249479
0.249479
0.247347
0.249479
0.258009
0.253033
0.249479
0.255165
0.253744
0.247347
0.246636
0
-0.000710767
0
0
0
0
0
0
0
0
0
0
0
0
0
0
0
0
0
0
0
0
0
0
0
0
0
0
0
0
0
0
0
0
0
0
0
0
0
0
0
0
0
0
0
0
0
0
0
0
0
0
0
0
0
0
0
0
0
0
0
0
0
0
0
0
0
0
0
0
0
0
0
0
0
0
0
0
0
0
0
0
0
0
0
0
0
0
0
0
0
0
0
0
0
