0
0
0
-5.31946e-06
-3.04126e-05
-9.40737e-05
-0.000176748
-0.000254345
-0.000350345
-0.000459566
-0.000563191
-0.000646828
-0.000718105
-0.00080856
-0.000922361
-0.00102051
-0.00110237
-0.00115559
-0.00113316
-0.00102102
-0.000860027
-0.000651135
-0.000374943
-0.000189903
1.52788e-05
0.0002685
0.000589465
0.000843324
0.00103555
0.00125202
0.0014346
0.00157937
0.00169342
0.00178889
0.00186566
0.00190561
0.0019322
0.00194568
0.00192382
0.00186562
0.00176447
0.00166329
0.00156336
0.00145541
0.0013496
0.00123981
0.00112015
0.00100617
0.000909245
0.000815063
0.000738495
0.000627798
0.000605747
0.000565452
0.000564525
0.00058786
0.000611166
0.000636409
0.000639775
0.000626198
0.000602439
0.000543002
0.000497023
0.000462946
0.000460605
0.000484759
0.000494069
0.00048961
0.000458974
0.000398542
0.000327755
0.000299753
0.00030019
0.000309643
0.000311139
0.000284177
0.00021406
9.85992e-05
-1.04817e-06
-0.000104564
-0.00015965
-0.000197624
-0.000209101
-0.000208022
-0.000203739
-0.000208864
-0.000205208
-0.000176082
-0.000133128
-6.97753e-05
1.77773e-05
0.000100138
0.000174839
0.000231149
0.000252486
0.000232544
0.000168442
8.28418e-05
1.66312e-05
-8.49341e-06
4.36743e-06
7.34251e-05
0.000183832
0.00030056
0.000437773
0.000542531
0.000623425
0.00062541
0.00062541
0.00062541
0.000624092
0.000623413
0.000623413
0.000633809
0.000642741
0.000618554
0.000595455
0.000604785
0.000615373
0.00060362
0.00060362
0.000690431
0.000657842
0.000713817
0.000789704
0.000872927
0.000909348
0.000985416
0.00112023
0.0010977
0.0010436
0.0010436
0.00112063
0.00118117
0.00111548
0.00118574
0.00129737
0.00137317
0.00137317
0.00141414
0.00153438
0.00116944
0.00125478
0.00138412
0.001472
0.00142647
0.00147376
0.00153189
0.00165436
0.00180752
0.00180752
0.00199936
0.00199936
0.00188918
0.00194548
0.00180814
0.00169626
0.00169626
0.00175744
0.00163606
0.00163606
0.00169855
0.0018867
0.0018867
0.00170043
0.00164013
0.00149241
0.00142726
0.0014933
0.00162878
0.00162878
0.00149425
0.00142832
0.00142832
0.000972526
0.000774681
0.000704204
0.000704204
0.000704204
0.00077722
0.000981955
0.00112295
0.00112295
0.00136938
0.00136938
0.00136938
0.00136938
0.0105492
0.0251723
0.0393194
0.052152
0.0621026
0.0753032
0.091252
0.110635
0.131505
0.153101
0.176175
0.199491
0.224229
0.249106
0.274894
0.300511
0.32759
0.353138
0.378734
0.404128
0.430187
0.454043
0.478299
0.502959
0.53176
0.556224
0.578183
0.603013
0.632494
0.657486
0.679488
0.707158
0.736721
0.76168
0.782142
0.807183
0.84143
0.865767
0.885873
0.911177
0.941758
0.966109
0.98676
1.01203
1.04369
1.06707
1.08806
1.11372
1.14375
1.1688
1.19074
1.21498
1.24562
1.27052
1.29189
1.31647
1.34531
1.37002
1.39139
1.41791
1.44461
1.46906
1.49021
1.51599
1.5446
1.57343
1.59473
1.62387
1.64961
1.67728
1.69905
1.72729
1.75626
1.78142
1.80883
1.82897
1.85765
1.88149
1.91083
1.93184
1.96123
1.9812
2.00992
2.03121
2.06007
2.08056
2.11121
2.1336
2.16258
2.18494
2.22022
2.25481
2.2646
2.28451
2.31424
2.33581
2.36441
2.38622
2.41679
2.43814
2.46731
2.48811
2.51778
2.53833
2.5681
2.58977
2.61826
2.63912
2.66677
2.68768
2.71853
2.73887
2.76855
2.79045
2.8194
2.84091
2.8655
2.89051
2.92127
2.94199
2.96652
2.98781
3.01689
3.0376
3.06652
3.08685
3.1161
3.13697
3.16547
3.19122
3.21597
3.23691
3.26693
3.3078
3.31748
3.33873
3.36943
3.38883
3.4191
3.44129
3.46919
3.4903
3.51826
3.53943
3.56842
3.59022
3.61992
3.64204
3.67011
3.69575
3.7246
3.74977
3.77959
3.80121
3.82699
3.85669
3.88222
3.91063
3.93202
3.96155
3.98249
4.01171
4.0527
4.06332
4.09338
4.11454
4.14388
4.1654
4.19273
4.21677
4.24539
4.26604
4.29574
4.3172
4.34589
4.3664
4.39415
4.41886
4.45153
4.48637
4.49723
4.51907
4.54796
4.58908
4.59897
4.6373
4.64756
4.66837
4.69611
4.71658
4.74508
4.76636
4.79598
4.81545
4.84476
4.86594
4.89682
4.91835
4.94783
4.9688
4.99786
5.01785
5.01785
5.01778
5.01778
5.01778
5.01778
5.01778
5.01778
5.01778
5.01778
5.01778
5.01778
5.01778
5.01778
5.01778
5.01778
5.01778
5.01778
5.01778
5.01778
5.01778
5.01778
5.01778
5.01778
5.01778
5.01778
5.01778
5.01778
5.01778
5.01778
5.01778
5.01778
5.01778
5.01778
5.01778
5.01778
5.01778
5.01778
5.01778
5.01778
5.01778
5.01778
5.01778
5.01778
5.01778
5.01778
5.01778
5.01778
5.01778
5.01778
5.01778
5.01778
5.01778
5.01778
5.01778
5.01778
5.01778
5.01778
5.01778
5.01778
5.01778
5.01778
5.01778
5.01778
5.01778
5.01778
5.01778
5.01778
5.01778
5.01778
5.01778
5.01778
5.01778
5.01778
5.01778
5.01778
5.01778
5.01778
5.01778
5.01778
5.01778
5.01778
5.01778
5.01778
5.01778
5.01778
5.01778
5.01778
5.01778
5.01778
5.01778
5.01778
5.01778
5.01778
5.01778
5.01778
