0
0
0
0.0193726
0.0341667
0.051753
0.0716585
0.0875276
0.104319
0.123344
0.145496
0.169359
0.19243
0.216872
0.242908
0.268852
0.293547
0.31958
0.344629
0.369652
0.394736
0.420324
0.45074
0.471683
0.493453
0.517973
0.54788
0.573047
0.593412
0.618592
0.64276
0.666407
0.691475
0.71666
0.742588
0.767101
0.791441
0.816305
0.841195
0.862403
0.886933
0.911041
0.934817
0.959629
0.985923
1.01098
1.03514
1.06087
1.08782
1.11324
1.13429
1.17765
1.18823
1.21512
1.23673
1.26227
1.2872
1.31684
1.33761
1.36156
1.3866
1.41664
1.43795
1.46184
1.48731
1.51657
1.55158
1.56234
1.58791
1.61192
1.63921
1.66422
1.689
1.71346
1.73818
1.76352
1.78788
1.81227
1.83297
1.8623
1.8834
1.90788
1.94748
1.95772
1.98321
2.00697
2.03165
2.05673
2.08152
2.10282
2.12773
2.15223
2.17671
2.20186
2.2265
2.25034
2.27596
2.30055
2.32545
2.35023
2.37502
2.39976
2.42401
2.44574
2.47106
2.49515
2.51995
2.51945
2.51945
2.51945
2.51959
2.51924
2.51924
2.51946
2.51959
2.51931
2.5191
2.51917
2.51924
2.51917
2.51917
2.51957
2.51943
2.51964
2.5199
2.52017
2.52028
2.5205
2.52085
2.5208
2.52067
2.52067
2.52083
2.52095
2.52083
2.52095
2.52115
2.52127
2.52127
2.52133
2.5215
2.521
2.52112
2.52128
2.52138
2.52133
2.52138
2.52144
2.52157
2.52171
2.52171
2.52188
2.52188
2.52179
2.52184
2.52174
2.52166
2.52166
2.5217
2.52162
2.52162
2.52166
2.52176
2.52176
2.52167
2.52164
2.52158
2.52155
2.52158
2.52162
2.52162
2.52158
2.52156
2.52156
2.52145
2.52141
2.5214
2.5214
2.5214
2.52141
2.52143
2.52144
2.52144
2.52146
2.52146
2.52146
2.52146
2.52185
2.52246
2.523
2.52343
2.52374
2.52414
2.52461
2.52518
2.5258
2.52643
2.52706
2.52767
2.52827
2.52886
2.52948
2.53012
2.53083
2.53153
2.53228
2.53303
2.53376
2.53439
2.53501
2.53566
2.53645
2.53713
2.53777
2.53853
2.53943
2.54019
2.54083
2.54158
2.54239
2.54311
2.54374
2.54451
2.54553
2.54622
2.54679
2.5475
2.54834
2.54901
2.54957
2.55027
2.55118
2.55186
2.55248
2.55323
2.55407
2.55477
2.55539
2.5561
2.55697
2.55765
2.55821
2.55879
2.55946
2.56006
2.56059
2.56127
2.56198
2.56265
2.56324
2.56395
2.56469
2.56542
2.56594
2.56669
2.56738
2.56818
2.56885
2.56973
2.57059
2.57125
2.57192
2.57241
2.57315
2.57381
2.57468
2.57533
2.5762
2.57676
2.57752
2.57804
2.57869
2.57916
2.57985
2.58036
2.58103
2.58157
2.5824
2.58316
2.58337
2.58384
2.58458
2.58514
2.58588
2.58645
2.58723
2.58776
2.58846
2.58895
2.5897
2.59024
2.59106
2.59168
2.59251
2.59311
2.5939
2.59448
2.59533
2.5959
2.59676
2.59743
2.59834
2.59901
2.59972
2.60042
2.60126
2.60181
2.60247
2.60307
2.60394
2.60456
2.60542
2.60602
2.60685
2.60742
2.60818
2.6089
2.60962
2.61025
2.61112
2.61226
2.61252
2.61309
2.61392
2.61444
2.61529
2.61593
2.61676
2.61741
2.61826
2.61888
2.61963
2.62015
2.62087
2.62142
2.62216
2.62286
2.62367
2.62438
2.62516
2.62567
2.62624
2.62691
2.62748
2.62813
2.62864
2.62933
2.62982
2.63049
2.6314
2.63164
2.63233
2.63284
2.63351
2.63397
2.63455
2.63507
2.63573
2.63622
2.63696
2.63751
2.63828
2.63882
2.63953
2.64016
2.641
2.6419
2.64219
2.64281
2.64367
2.6449
2.6452
2.64628
2.64656
2.64713
2.64792
2.64854
2.64945
2.65013
2.65109
2.65171
2.65261
2.65325
2.65418
2.65482
2.65571
2.65634
2.65721
2.6578
2.6578
2.6578
2.6578
2.6578
2.6578
2.6578
2.6578
2.6578
2.6578
2.6578
2.6578
2.6578
2.6578
2.6578
2.6578
2.6578
2.6578
2.6578
2.6578
2.6578
2.6578
2.6578
2.6578
2.6578
2.6578
2.6578
2.6578
2.6578
2.6578
2.6578
2.6578
2.6578
2.6578
2.6578
2.6578
2.6578
2.6578
2.6578
2.6578
2.6578
2.6578
2.6578
2.6578
2.6578
2.6578
2.6578
2.6578
2.6578
2.6578
2.6578
2.6578
2.6578
2.6578
2.6578
2.6578
2.6578
2.6578
2.6578
2.6578
2.6578
2.6578
2.6578
2.6578
2.6578
2.6578
2.6578
2.6578
2.6578
2.6578
2.6578
2.6578
2.6578
2.6578
2.6578
2.6578
2.6578
2.6578
2.6578
2.6578
2.6578
2.6578
2.6578
2.6578
2.6578
2.6578
2.6578
2.6578
2.6578
2.6578
2.6578
2.6578
2.6578
2.6578
2.6578
2.6578
