0
0
-0.00122173
-0.00296706
-0.0256563
-0.01309
0.00244346
-0.0179769
0.000698132
-0.00122173
0.0228638
0.0010472
0.00715585
-0.0197222
0.00593412
0.00558505
0.00383972
0.0219911
0.0378736
0.0347321
0.00418879
0.0310669
-0.010472
0.00942478
0.00488692
0.0143117
-0.00488692
-0.00715585
-0.00715585
-0.0109956
-0.0101229
-0.0200713
-0.0125664
-0.00261799
-0.0137881
-0.0129154
0.00191986
-0.0129154
-0.0155334
-0.0258309
-0.00593412
0.00453786
-0.00471239
0.0015708
0.00488692
-0.0122173
0.000698132
0.00977384
0.00645772
-0.00907571
0.0123918
0.00663225
-0.00471239
0.0129154
0.0178024
0.00366519
-0.00331613
0.00139626
-0.018675
0.000872665
-0.00855211
-0.0102974
0.00994838
0.00645772
0.0205949
-0.00191986
-0.00645772
-0.0109956
-0.0109956
-0.016057
0.0127409
0.0155334
0.00733038
0.000349066
-0.00715585
-0.0155334
-0.0207694
-0.0172788
0.0179769
0.00942478
0.00925025
0.0139626
0.00733038
-0.00907571
0.00488692
-0.0136136
0.0204204
0.000349066
0.0111701
0.0164061
-0.00296706
-0.000174533
-0.00610865
-0.0101229
-0.0174533
-0.0172788
-0.0162316
-0.00314159
0.0195477
0.0136136
0.0178024
0.0284489
0.00733038
0.0106465
-0.00820305
-0.0136136
-0.00872665
-0.0193732
0
0.00907571
0.0198968
0.21293
0.246091
0.238237
0.182911
0.192161
0.235619
0.219213
0.228115
0.217293
0.242252
0.219388
0.219737
0.224973
0.193557
0.214501
0.207345
0.208218
0.219388
0.207171
0.228464
0.236318
0.219911
0.205076
0.219911
0.204727
0.215199
0.195302
0.226195
0.224449
0.184307
0.21485
0.212232
0.221831
0.214152
0.21677
0.232129
0.206996
0.204204
0.221308
0.219562
0.209265
0.192161
0.230034
0.213628
0.209265
0.228115
0.217293
0.223926
0.208043
0.22218
0.194255
0.203331
0.197746
0.208916
0.204902
0.217468
0.202633
0.209614
0.206996
0.2056
0.215548
0.205251
0.208218
0.217119
0.210138
0.208567
0.223228
0.208392
0.196
0.18134
0.201236
0.189368
0.194604
0
0
0.000174533
-0.000523599
0.0195477
0.0624828
0.0258309
0.0118682
0.0164061
-0.000698132
-0.00663225
0.00331613
0.0127409
0.0191986
0.0120428
0.0188496
-0.00523599
-0.00558505
-0.00959931
-0.0113446
-0.0155334
-0.0171042
0.00680678
0.018326
0.0197222
-0.00122173
-0.0167552
-0.0010472
-0.00628319
-0.0263545
-0.00942478
0.00610865
0.00558505
0.0198968
0.015708
-0.0146608
-0.0204204
-0.00575959
-0.000872665
0.0129154
0.00663225
0.00383972
0.00261799
0.00453786
-0.00261799
0.00296706
-0.00663225
-0.0132645
0.00296706
-0.00349066
0.0122173
0.00541052
-0.00314159
-0.0132645
-0.000349066
0.0125664
0.00715585
0.0230383
0.0251327
-0.0151844
-0.000872665
-0.00750492
-0.0141372
-0.00244346
-0.00977384
-0.00558505
0.0137881
0.0101229
0.00959931
-0.00226893
-0.016057
-0.00925025
-0.026529
-0.0123918
0.00453786
0.0240855
0.0376991
-0.00226893
0.00174533
-0.0216421
-0.0185005
-0.0171042
-0.00436332
0.0232129
0.01309
0.0153589
0.0305433
0.00314159
-0.00174533
0.0020944
0.0020944
-0.0137881
-0.00366519
0.00820305
0.0151844
-0.0185005
-0.0375246
-0.00680678
-0.00383972
-0.00331613
0.00314159
0.00698132
0.00872665
0.0106465
-0.0144862
-0.0129154
-0.0122173
-0.0127409
-0.00506145
-0.00488692
0.00959931
0.00296706
0.00890118
-0.00279253
-0.00645772
-0.00977384
-0.0190241
-0.0101229
0.0300197
0.0151844
0.00680678
0.00418879
0.00925025
-0.00750492
-0.0286234
-0.00680678
0.00314159
0.00366519
0.00366519
0.016057
0.00872665
-0.00366519
-0.0115192
-0.0172788
0
0.0141372
0.00663225
0.00558505
0.00488692
-0.00523599
0.000349066
-0.0137881
0.00261799
-0.0188496
0.00366519
-0.00331613
0.0403171
0.0258309
0.00942478
-0.00925025
-0.00471239
-0.0167552
-0.0120428
0.00279253
-0.000349066
0.0272271
0.0308923
-0.00383972
0.0015708
0.000349066
-0.0122173
-0.00279253
0.00698132
-0.00383972
0.010821
-0.000523599
-0.0143117
-0.00698132
-0.00261799
0.0188496
0.00471239
0.00471239
-0.0230383
0.000174533
-0.0164061
-0.0109956
-0.00558505
-0.00994838
0.0193732
-0.00122173
0.00383972
-0.00401426
-0.0015708
-0.0235619
-0.0267035
-0.00610865
0.00244346
0.0116937
0.0120428
0.00942478
-0.0020944
-0.0216421
-0.0221657
-0.00436332
0.00296706
-0.0132645
0.0354302
-0.00122173
0.00663225
0.00296706
-0.00698132
0.00488692
-0.00174533
-0.0010472
0.00593412
0.00366519
-0.0523599
0
0.0151844
-0.0146608
0
0
0
0
0
0
0
0
0
0
0
0
0
0
0
0
0
0
0
0
0
0
0
0
0
0
0
0
0
0
0
0
0
0
0
0
0
0
0
0
0
0
0
0
0
0
0
0
0
0
0
0
0
0
0
0
0
0
0
0
0
0
0
0
0
0
0
0
0
0
0
0
0
0
0
0
0
0
0
0
0
-0.018326
0
0
0
0
0
0
0
0
