0
0
0
0
0
0
0
0
0
0
0
0
0
0
0
0
0
0
0
0
0
0
0
0
0
0
0
0
0
0
0
0
0
0
0
0
0
0
0
0
0
0
0
0
0
0
0
0
0
0
0
0
0
0
0
0
0
0
0
0
0
0
0
0
0
0
0
0
0
0
0
0
0
0
0
0
0
0
0
0
0
0
0
0
0
0
0
0
0
0
0
0
0
0
0
0
0
0
0
0
0
0
0
0
0
0
0
0.140532
0.140532
0.140532
0.140532
0.140532
0.159779
0.180055
0.198394
0.218105
0.238249
0.258399
0.274891
0.294316
0.314461
0.33342
0.352905
0.373348
0.392628
0.412407
0.428719
0.450164
0.476738
0.485199
0.504772
0.524859
0.541694
0.560777
0.580662
0.601102
0.621941
0.642426
0.662487
0.683145
0.702762
0.722077
0.741843
0.761279
0.780583
0.800099
0.819872
0.843569
0.859862
0.879852
0.899118
0.92314
0.942604
0.962563
0.982605
1.00662
1.02586
1.0455
1.06593
1.08592
1.10494
1.12504
1.145
1.16467
1.18404
1.20267
1.22528
1.24504
1.2649
1.28513
1.30488
1.32469
1.34398
1.36305
1.38505
1.40404
1.42426
1.44403
1.46363
1.48435
1.50368
1.5236
1.54299
1.54299
1.54299
1.54299
1.54299
1.54299
1.54299
1.54299
1.54299
1.54299
1.54299
1.54299
1.54299
1.54299
1.54299
1.54299
1.54299
1.54299
1.54299
1.54299
1.54299
1.54299
1.54299
1.54299
1.54299
1.54299
1.54299
1.54299
1.54299
1.54299
1.54299
1.54299
1.54299
1.54299
1.54299
1.54299
1.54299
1.54299
1.54299
1.54299
1.54299
1.54299
1.54299
1.54299
1.54299
1.54299
1.54299
1.54299
1.54299
1.54299
1.54299
1.54299
1.54299
1.54299
1.54299
1.54299
1.54299
1.54299
1.54299
1.54299
1.54299
1.54299
1.54299
1.54299
1.54299
1.54299
1.54299
1.54299
1.54299
1.54299
1.54299
1.54299
1.54299
1.54299
1.54299
1.54299
1.54299
1.54299
1.54299
1.54299
1.54299
1.54299
1.54299
1.54299
1.54299
1.54299
1.54299
1.54299
1.54299
1.54299
1.54299
1.54299
1.54299
1.54299
1.54299
1.54299
1.54299
1.54299
1.54299
1.54299
1.54299
1.54299
1.54299
1.54299
1.54299
1.54299
1.54299
1.54299
1.54299
1.54299
1.54299
1.54299
1.54299
1.54299
1.54299
1.54299
1.54299
1.54299
1.54299
1.54299
1.54299
1.54299
1.54299
1.54299
1.54299
1.54299
1.54299
1.54299
1.54299
1.54299
1.54299
1.54299
1.54299
1.54299
1.54299
1.54299
1.54299
1.54299
1.54299
1.54299
1.54299
1.54299
1.54299
1.54299
1.54299
1.54299
1.54299
1.54299
1.54299
1.54299
1.54299
1.54299
1.54299
1.54299
1.54299
1.54299
1.54299
1.54299
1.54299
1.54299
1.54299
1.54299
1.54299
1.54299
1.54299
1.54299
1.54299
1.54299
1.54299
1.54299
1.54299
1.54299
1.54299
1.54299
1.54299
1.54299
1.54299
1.54299
1.54299
1.54299
1.54299
1.54299
1.54299
1.54299
1.54299
1.54299
1.54299
1.54299
1.54299
1.54299
1.54299
1.54299
1.54299
1.54299
1.54299
1.54299
1.54299
1.54299
1.54299
1.54299
1.54299
1.54299
1.54299
1.54299
1.54299
1.54299
1.54299
1.54299
1.54299
1.54299
1.54299
1.54299
1.54299
1.54299
1.54299
1.54299
1.54299
1.54299
1.54299
1.54299
1.54299
1.54299
1.54299
1.54299
1.54299
1.54299
1.54299
1.54299
1.54299
1.54299
1.54299
1.54299
1.54299
1.54299
1.54299
1.54299
1.54299
1.54299
1.54299
1.54299
1.54299
1.54299
1.54299
1.54299
1.54299
1.54299
1.54299
1.54299
1.54299
1.54299
1.54299
1.54299
1.54299
1.54299
1.54299
1.54299
1.54299
1.54299
1.54299
1.54299
1.54299
1.54299
1.54299
1.54299
1.54299
1.54299
1.54299
1.54299
1.54299
1.54299
1.54299
1.54299
1.54299
1.54299
1.54299
1.54299
1.54299
1.54299
1.54299
1.54299
1.54299
1.54299
1.54299
1.54299
1.54299
1.54299
1.54299
1.54299
1.54299
1.54299
1.54299
1.54299
1.54299
1.54299
1.54299
1.54299
1.54299
1.54299
1.54299
1.54299
1.54299
1.54299
