0
0
0
0
0
0
0
0
0
0
0
0
0
0
0
0
0
0
0
0
0
0
0
0
0
0
0
0
0
0
0
0
0
0
0
0
0
0
0
0
0
0
0
0
0
0
0
0
0
0
0
0
0
0
0
0
0
0
0
0
0
0
0
0
0
0
0
0
0
0
0
0
0
0
0
0
0
0
0
0
0
0
0
0
0
0
0
0
0
0
0
0
0
0
0
0
0
0
0
0
0
0
0
0
0
0
0
0
0
0
0
0
0
0
0
0
0
0
0
0
0
0
0
0
0
0
0
0
0
0
0
0
0
0
0
0
0
0
0
0
0
0
0
0
0
0
0
0
0
0
0
0
0
0
0
0
0
0
0
0
0
0
0
0
0
0
0
0
0
0
0
0
0
0
0
0
0
0
0
0
0
0
0
0
0
0
0
0
0
0.0251395
0.0500811
0.074389
0.100623
0.125228
0.150763
0.176253
0.200997
0.225442
0.249995
0.274503
0.299358
0.324138
0.348959
0.375052
0.399806
0.424406
0.449013
0.474404
0.498308
0.522614
0.546908
0.575048
0.599287
0.620742
0.64487
0.674248
0.698465
0.720144
0.747481
0.776855
0.801655
0.821873
0.846408
0.880153
0.904064
0.923985
0.949056
0.979186
1.00331
1.02389
1.04878
1.08024
1.10348
1.12415
1.14923
1.17899
1.20359
1.22521
1.24923
1.27959
1.30482
1.326
1.3507
1.37916
1.40378
1.42495
1.4513
1.4776
1.5021
1.52306
1.54845
1.57672
1.60521
1.62643
1.65466
1.68009
1.70759
1.72869
1.75674
1.78545
1.81066
1.83868
1.8588
1.88706
1.91136
1.94052
1.9614
1.99035
2.01037
2.03898
2.0599
2.08889
2.10979
2.13956
2.16119
2.18959
2.21205
2.2468
2.28065
2.29041
2.31024
2.33929
2.3606
2.38968
2.41153
2.44181
2.46273
2.49196
2.51274
2.54197
2.56232
2.59166
2.61319
2.6415
2.66235
2.69037
2.71138
2.74145
2.76171
2.79137
2.81307
2.842
2.86355
2.8882
2.91305
2.94361
2.96431
2.98889
3.01054
3.03951
3.0601
3.08908
3.10928
3.13868
3.15924
3.18763
3.21373
3.2384
3.25903
3.2892
3.33003
3.33973
3.36109
3.39134
3.41088
3.44097
3.46247
3.49075
3.51178
3.54021
3.56124
3.59029
3.61214
3.64165
3.66374
3.69187
3.71756
3.74623
3.77138
3.80102
3.82231
3.84749
3.87717
3.90268
3.93155
3.9528
3.98239
4.00337
4.0323
4.0728
4.08338
4.11324
4.13426
4.16342
4.18473
4.21235
4.23623
4.26435
4.28492
4.31394
4.3349
4.36326
4.38376
4.41172
4.43662
4.46936
4.5041
4.515
4.53689
4.56552
4.60661
4.61654
4.65496
4.66524
4.68616
4.71411
4.7348
4.7632
4.78453
4.81422
4.8339
4.86327
4.8838
4.9143
4.93589
4.96477
4.98543
5.0148
5.0148
5.0148
5.0148
5.0148
5.0148
5.0148
5.0148
5.0148
5.0148
5.0148
5.0148
5.0148
5.0148
5.0148
5.0148
5.0148
5.0148
5.0148
5.0148
5.0148
5.0148
5.0148
5.0148
5.0148
5.0148
5.0148
5.0148
5.0148
5.0148
5.0148
5.0148
5.0148
5.0148
5.0148
5.0148
5.0148
5.0148
5.0148
5.0148
5.0148
5.0148
5.0148
5.0148
5.0148
5.0148
5.0148
5.0148
5.0148
5.0148
5.0148
5.0148
5.0148
5.0148
5.0148
5.0148
5.0148
5.0148
5.0148
5.0148
5.0148
5.0148
5.0148
5.0148
5.0148
5.0148
5.0148
5.0148
5.0148
5.0148
5.0148
5.0148
5.0148
5.0148
5.0148
5.0148
5.0148
5.0148
5.0148
5.0148
5.0148
5.0148
5.0148
5.0148
5.0148
5.0148
5.0148
5.0148
5.0148
5.0148
5.0148
5.0148
5.0148
5.0148
5.0148
5.0148
5.0148
