0
0
0
0
0.0259038
0.051903
0.0784313
0.104132
0.130163
0.155335
0.181586
0.207276
0.234525
0.259863
0.282347
0.309488
0.334789
0.360449
0.381944
0.410775
0.436038
0.462158
0.484138
0.514795
0.540533
0.565703
0.591629
0.616907
0.643034
0.664978
0.690946
0.716013
0.744854
0.764924
0.79066
0.815841
0.845584
0.865799
0.891921
0.917535
0.949654
0.970619
0.992373
1.0227
1.04807
1.07446
1.10097
1.12664
1.15222
1.17423
1.20472
1.22992
1.2544
1.27486
1.3047
1.33072
1.35753
1.38007
1.40675
1.4333
1.45838
1.48339
1.50989
1.53397
1.55875
1.58455
1.61464
1.63543
1.65739
1.6891
1.71461
1.74193
1.77931
1.79002
1.81661
1.84275
1.86961
1.89192
1.9182
1.94433
1.97033
1.99222
2.01833
2.04642
2.07282
2.09461
2.12085
2.1622
2.17291
2.19886
2.22436
2.25027
2.27785
2.30157
2.32383
2.35086
2.38333
2.41061
2.44882
2.47771
2.50761
2.5291
2.55219
2.57729
2.60328
2.62973
2.65655
2.68256
2.70785
2.73428
2.75899
2.78525
2.81141
2.83346
2.85762
2.88715
2.91332
2.93469
2.95964
2.99045
3.01685
3.03858
3.06022
3.08596
3.11153
3.13755
3.15983
3.19005
3.21503
3.24168
3.26489
3.28945
3.3158
3.34195
3.36769
3.39382
3.41911
3.44174
3.46868
3.48975
3.51545
3.54178
3.56658
3.59148
3.6181
3.64543
3.66739
3.69404
3.71945
3.74459
3.76579
3.79003
3.81465
3.84063
3.86544
3.8919
3.91917
3.94509
3.96732
3.99401
4.01606
4.04334
4.06894
4.09089
4.11604
4.14214
4.16732
4.19242
4.21823
4.246
4.26752
4.29345
4.31984
4.34659
4.36975
4.39456
4.41629
4.44592
4.46815
4.49439
4.51535
4.54095
4.566
4.59218
4.61924
4.64119
4.66805
4.69438
4.7159
4.74209
4.76708
4.79183
4.81774
4.84236
4.86826
4.89411
4.91603
4.94063
4.96823
4.99315
5.0203
5.04237
5.06887
5.09072
5.11867
5.14533
5.16786
5.1936
5.22027
5.24228
5.26886
5.30646
5.31677
5.34398
5.37006
5.39339
5.42022
5.44258
5.46964
5.49157
5.51668
5.54374
5.57034
5.59259
5.62015
5.64267
5.66958
5.69528
5.73147
5.74242
5.76809
5.79331
5.8194
5.84213
5.86796
5.89405
5.92038
5.94154
5.96855
5.99424
6.01668
6.04235
6.06796
6.09871
6.12538
6.1508
6.17609
6.20224
6.2314
6.25574
6.28073
6.30588
6.33215
6.35774
6.38359
6.40823
6.43465
6.46109
6.4861
6.51528
6.53938
6.56589
6.5903
6.61453
6.64145
6.66698
6.69383
6.71871
6.74466
6.77472
6.80078
6.82665
6.8513
6.87658
6.90671
6.93357
6.95833
6.98336
7.00888
7.03321
7.05767
7.08173
7.11077
7.1345
7.15914
7.18436
7.21361
7.23781
7.26322
7.28814
7.31553
7.33872
7.36396
7.39063
7.41688
7.44245
7.46828
7.49434
7.51993
7.54527
7.57119
7.59806
7.62292
7.64863
7.67373
7.69848
7.72603
7.75163
7.78263
7.80302
7.83493
7.86188
7.88196
7.90769
7.9385
7.96574
7.98694
8.00833
8.03769
8.06322
8.08996
8.11378
8.13882
8.16369
8.19031
8.21587
8.24156
8.26668
8.29422
8.32017
8.34121
8.36646
8.39654
8.42859
8.45585
8.46632
8.49856
8.52536
8.55112
8.57468
8.6014
8.62732
8.65193
8.67938
8.70409
8.72916
8.75651
8.78255
8.80801
8.83301
8.85948
8.88552
8.91163
8.93853
8.96118
8.99167
9.01781
9.04425
9.07132
9.0943
9.1203
9.1518
9.17941
9.2023
9.22794
9.25368
9.28056
9.30571
9.33093
9.358
9.38366
9.40957
9.43588
9.46794
9.49551
9.53224
9.56426
9.59412
9.616
9.63839
9.66495
9.69123
9.71997
9.74255
9.7714
9.79379
9.82584
9.84766
9.87455
9.89722
9.92882
9.95488
9.97941
10.0031
10.0031
10.0031
10.0031
10.0031
10.0031
10.0031
10.0031
10.0031
10.0031
10.0031
10.0031
10.0031
10.0031
10.0031
10.0031
10.0031
10.0031
10.0031
10.0031
10.0031
10.0031
10.0031
10.0031
10.0031
10.0031
10.0031
10.0031
10.0031
10.0031
10.0031
10.0031
10.0031
10.0031
