0
0.041808
0.138775
0.24401
0.342656
0.443237
0.545448
0.641272
0.738493
0.832746
0.930752
1.03127
1.13271
1.23153
1.33413
1.43553
1.53204
1.63076
1.72866
1.82839
1.92627
2.02544
2.14465
2.22516
2.3112
2.40784
2.52505
2.62536
2.70607
2.80672
2.90332
2.99731
3.0975
3.1962
3.29782
3.39552
3.49308
3.59275
3.6928
3.77709
3.87513
3.97095
4.06571
4.16214
4.26462
4.36394
4.4586
4.55915
4.66539
4.76527
4.8494
5.01946
5.06066
5.16665
5.25327
5.35449
5.45357
5.56973
5.65227
5.74829
5.8475
5.96494
6.05035
6.1453
6.24512
6.3601
6.49923
6.54127
6.64177
6.7372
6.84535
6.94646
7.0425
7.13917
7.23501
7.33569
7.43504
7.53037
7.61312
7.72775
7.80952
7.90707
8.06554
8.10646
8.20807
8.30091
8.39845
8.49784
8.59696
8.6809
8.77986
8.87809
8.9765
9.07757
9.17634
9.2736
9.3754
9.47257
9.5724
9.67058
9.76773
9.86665
9.96383
10.0505
10.1514
10.2477
10.3465
11.0492
11.1763
11.2187
11.3171
11.4147
11.511
11.6124
11.7041
11.8026
11.9033
12.0041
12.0865
12.1837
12.2844
12.3792
12.4766
12.5788
12.6752
12.7741
12.8557
12.9629
13.0958
13.1381
13.2359
13.3364
13.4206
13.516
13.6154
13.7176
13.8218
13.9242
14.0245
14.1278
14.2259
14.3225
14.4213
14.5185
14.615
14.7126
14.8114
14.9299
15.0114
15.1113
15.2077
15.3278
15.4251
15.5249
15.6251
15.7452
15.8414
15.9396
16.0417
16.1417
16.2368
16.3373
16.4371
16.5355
16.6323
16.7255
16.8385
16.9373
17.0366
17.1377
17.2365
17.3355
17.432
17.5274
17.6373
17.7323
17.8334
17.9322
18.0302
18.1338
18.2305
18.3301
18.427
18.5428
19.2454
19.4015
19.4436
19.5394
19.6408
19.7414
19.8412
19.9385
20.0435
20.1419
20.2441
20.3461
20.4451
20.543
20.6412
20.7393
20.8387
20.9379
21.0372
21.1416
21.2407
21.3391
21.4376
21.5392
21.6348
21.7321
21.8293
21.9419
22.0389
22.1248
22.2213
22.3389
22.4358
22.5225
22.6319
22.7495
22.8487
22.9296
23.0278
23.1628
23.2585
23.3382
23.4385
23.5591
23.6556
23.738
23.8376
23.9635
24.0564
24.1392
24.2395
24.3586
24.4571
24.5435
24.6397
24.7612
24.8621
24.9469
25.0457
25.1596
25.2581
25.3428
25.4483
25.5535
25.6516
25.7354
25.837
25.9501
26.0641
26.1491
26.262
26.3638
26.4738
26.5582
26.6705
26.7854
26.8863
26.9984
27.0789
27.192
27.2892
27.4059
27.4895
27.6053
27.6854
27.7999
27.8836
27.9996
28.0832
28.2024
28.2889
28.4026
28.4925
28.6315
28.767
28.806
28.8854
29.0016
29.0869
29.2032
29.2907
29.4118
29.4956
29.6125
29.6957
29.8126
29.8941
30.0115
30.0976
30.2109
30.2943
30.4065
30.4906
30.6109
30.6919
30.8106
30.8974
31.0132
31.0995
31.1981
31.2975
31.4198
31.5027
31.601
31.6877
31.8036
31.8859
32.0019
32.0828
32.2004
32.2827
32.3963
32.5007
32.5994
32.682
32.8027
32.9661
33.0049
33.0904
33.2114
33.2896
33.41
33.4961
33.6092
33.6934
33.8071
33.8913
34.0075
34.095
34.2131
34.3015
34.414
34.5168
34.6316
34.7322
34.8508
34.936
35.0367
35.1555
35.2576
35.3731
35.4581
35.5766
35.6605
35.7763
35.9383
35.9806
36.1001
36.1843
36.3009
36.3862
36.4967
36.5923
36.7048
36.7871
36.9032
36.9871
37.1006
37.1826
37.2945
37.3942
37.5252
37.6642
37.7078
37.7954
37.91
38.0744
38.1141
38.2679
38.309
38.3927
38.5046
38.5873
38.701
38.7864
38.9051
38.9839
39.1014
39.1836
39.3056
39.392
39.5076
39.5903
39.7078
39.7889
40.5082
40.597
40.7136
40.8018
40.9061
40.9903
41.1093
41.1932
41.3087
41.3914
41.5061
41.5898
41.7056
41.7921
41.9086
41.9931
42.1124
42.1956
42.3108
42.3976
42.5355
42.6233
42.7448
42.8258
42.9504
43.0316
43.1426
43.2565
43.362
43.4821
43.5657
43.7077
43.8454
43.9838
44.1091
44.2401
44.3406
44.4181
44.5272
44.6551
44.7489
44.829
44.9564
45.0554
45.1501
45.2295
45.3439
45.4587
45.5581
45.6931
45.7348
45.863
45.9597
46.073
46.1478
46.2617
46.3609
46.4715
46.5509
46.6596
46.7547
46.8675
46.9621
47.0766
47.1568
47.2682
47.3639
47.4769
47.5605
47.6697
47.7492
47.8631
47.9585
48.0698
48.1504
48.2633
48.359
48.4713
48.5485
48.671
48.7545
48.8688
48.9501
49.0625
49.1649
49.2787
49.3621
49.4727
49.5566
49.6669
49.7656
49.8804
49.9627
50.0802
50.1621
