0
0.039522
0.130611
0.236493
0.337467
0.437747
0.531187
0.648978
0.749572
0.852383
0.951732
1.0503
1.1506
1.24603
1.34321
1.44202
1.54317
1.64353
1.74528
1.84137
1.94378
2.0429
2.14544
2.24854
2.3445
2.44411
2.54333
2.64361
2.74556
2.8466
2.94693
3.05403
3.15819
3.3185
3.36094
3.46265
3.55793
3.66171
3.76377
3.86567
3.96089
4.06703
4.17221
4.25636
4.35892
4.45638
4.57194
4.65281
4.75291
4.85632
4.97427
5.05218
5.15452
5.25688
5.37205
5.45928
5.55889
5.66238
5.7798
5.86449
5.96565
6.06937
6.16784
6.26966
6.35381
6.47509
6.55788
6.67517
6.75522
6.87189
6.95416
7.07414
7.16231
7.27956
7.3629
7.48073
7.56644
7.68076
7.76474
7.87891
8.03948
8.08622
8.17267
8.2718
8.35693
8.47435
8.57504
8.6773
0
0
0
0
0
0
0
0
0
0
0
0
0
0
0
0
0
0
0
0
0
0
0
0
0
0
0
0
0
0
0
0
0
0
0
0
0
0
0
0
0
0
0
0
0
0
0
0
0
0
0
0
0
0
0
0
0
0
0
7.11102
7.20907
7.31937
7.40201
7.50873
7.60592
7.7061
7.80974
7.9113
7.99292
8.09361
8.19401
8.29275
8.44837
8.4909
8.58986
8.68713
8.77175
8.87682
8.96353
9.06202
9.16154
9.26047
9.36349
9.46292
9.55002
9.6492
9.75039
9.84878
9.93164
10.0395
10.1373
10.2982
10.3386
10.4396
10.5406
10.6383
10.7409
10.8409
10.9442
11.0472
11.1315
11.2312
11.3345
11.4322
11.5328
11.6321
11.7298
11.8328
11.9347
12.0376
12.1371
12.2399
12.3438
12.5074
12.5532
12.6365
12.7383
12.8377
12.9368
13.0388
13.1408
13.2389
13.3368
13.4379
13.5438
13.6431
13.7413
13.8424
13.9453
14.0432
14.1448
14.2455
14.3472
14.4359
14.5646
14.653
14.7561
14.8516
14.9804
15.1103
15.1532
15.2536
15.3529
15.4642
15.5552
15.6554
15.7565
15.8556
15.9558
16.0543
16.1548
16.2547
16.3562
16.4574
16.5579
16.654
16.7535
16.8571
16.9638
17.0669
17.1691
17.2749
17.3778
17.4777
17.5797
17.6781
17.7835
17.8829
17.983
18.0867
18.1855
18.2874
18.3923
18.4926
18.5979
18.6979
18.8016
18.9078
19.0089
19.1133
19.2142
19.3142
19.4253
19.5262
19.6252
19.7265
19.8301
19.9288
20.0324
20.1332
20.2327
20.3376
20.4395
20.5389
20.6396
20.7384
20.8547
20.9545
21.0535
21.1576
21.2557
21.3572
21.461
21.5627
21.6676
21.7698
21.8783
21.9786
22.0801
22.1804
22.3005
22.4021
22.5006
22.6015
22.7024
22.8064
22.904
23.0071
23.1077
23.2087
23.3145
23.4179
23.5342
23.6191
23.7211
23.8206
23.9224
24.0243
24.1241
24.2289
24.3326
24.4369
24.5399
24.6394
24.7402
24.8371
24.9388
25.0459
25.1452
25.2509
25.3384
25.4561
25.5584
25.6603
25.746
25.9248
25.9659
26.0624
26.1584
26.2542
26.3482
26.4438
26.5624
26.6594
26.7525
26.846
26.9576
27.0554
27.1538
27.2582
27.3557
27.4534
0
0
0
0
0
0
0
0
0
0
0
0
0
0
0
0
0
0
0
0
0
0
0
0
0
0
0
0
0
0
0
0
