304.896
304.911
304.788
303.809
303.653
302.454
304.415
302.167
303.98
302.964
303.347
304.065
303.134
303.222
293.063
304.091
304.268
304.282
304.433
305.954
304.93
287.858
304.668
301.51
303.374
304.33
303.983
303.622
301.558
304.716
302.495
291.395
304.72
304.952
303.639
304.462
304.526
303.848
302.593
303.521
305.468
303.457
303.67
313.771
304.917
283.554
277.833
302.246
303.149
306.322
304.897
302.349
299.48
303.676
301.614
302.46
303.827
305.266
303.844
305.02
302.354
306.094
304.392
307.075
305.779
303.379
304.552
