318.392
315.334
318.716
315.971
319.846
321.068
316.239
316.483
315.831
317.836
318.67
318.084
319.875
321.764
320.994
319.649
317.679
316.77
313.684
314.51
317.444
314.338
318.231
317.628
316.02
323.742
317.025
317.223
318.637
318.312
315.508
316.809
315.762
320.391
317.584
315.822
316.084
320.031
319.274
321.359
316.549
318.966
314.908
315.682
314.346
313.508
322.825
317.028
317.491
317.993
319.027
318.307
315.14
312.701
311.541
319.391
317.795
324.326
316.451
318.502
317.971
315.018
323.701
320.66
319.533
316.852
315.885
319.471
319.721
326.639
323.023
318.855
321.68
