310.863
312.789
312.255
312.701
315.214
313.452
312.764
312.823
313.524
308.932
312.573
307.846
310.447
311.175
312.962
317.079
319.511
321.027
328.142
333.599
347.163
345.643
349.424
345.78
349.805
355.504
359.582
347.128
347.749
347.032
342.248
348.022
341.994
342.228
342.81
338.965
339.438
340.298
339.673
334.451
335.041
335.325
331.357
337.859
336.23
335.61
335.6
339.257
339.515
340.432
343.843
343.162
347.708
354.509
346.323
343.042
342.118
339.227
337.169
339.376
352.057
337.218
336.984
338.84
349.992
345.289
338.283
345.099
339.723
340.896
348.754
334.646
336.598
337.93
334.292
331.685
323.952
331.453
326.85
312.349
323.419
327.167
318.561
318.993
321.53
324.624
332.143
327.669
328.182
332.445
333.732
337.958
337.683
331.138
333.753
330.347
332.89
327.088
326.683
324.177
326.774
327.065
322.839
336.975
340.905
336.905
340.261
342.424
339.801
342.792
339.414
344.578
347.436
349.288
350.279
356.868
353.438
356.583
354.364
350.497
349.133
354.415
347.237
348.538
349.115
350.456
347.387
352.685
353.169
345.782
348.148
352.022
347.184
341.505
346.912
341.9
337.71
338.128
341.456
339.981
331.315
333.257
332.476
337.597
339.04
336.947
339.358
336.755
341.341
340.019
355.373
341.157
345.348
340.151
341.856
342.367
339.631
341.209
339.839
339.748
344.213
332.447
342.497
344.826
342.761
344.341
342.381
346.14
343.895
344.089
341.06
342.482
342.256
340.532
341.058
341.363
341.393
341.088
336.53
337.366
334.581
335.669
336.554
333.13
333.516
329.996
329.13
328.362
331.423
332.137
330.265
330.121
331.756
334.243
333.171
337.212
333.727
330.92
331.916
330.239
329.138
322.721
322.753
318.83
320.339
320.324
321.058
310.346
322.433
322.189
321.67
324.675
318.226
325.193
327.116
330.416
330.1
331.265
334.403
334.896
335.569
335.186
335.837
330.943
335.121
331.53
334.673
330.083
332.415
336.048
336.835
337.101
340.329
344.409
337.83
339.439
339.684
340.322
335.578
344.984
347.585
348.14
334.604
338.525
341.436
341.124
339.677
345.906
347.42
347.909
344.72
343.475
345.563
348.075
343.766
346.025
346.897
347.422
350.306
351.582
356.284
350.121
352.236
348.15
351.606
349.139
357.528
353.329
361.261
364.471
361.43
355.349
358.65
362.227
361.016
360.219
361.289
361.204
362.401
362.724
364.646
363.762
364.386
360.562
359.653
357.416
356.267
356.519
354.256
354.081
348.951
351.961
359.86
362.158
345.379
347.432
346.903
347.249
348.331
349.947
355.517
359.168
365.794
375.006
437.46
404.64
-nan
419.721
70.0909
686.128
724.398
305.229
494.142
479.906
356.378
4096
-4096
558.988
-nan
-591.548
-421.731
155.627
-69.4451
-322.791
-286.912
244.569
-268.505
-197.446
-60.2005
341.384
-146.649
-125.814
-114.44
-148.517
-66.3056
-69.3045
-49.0341
-20.5126
-20.7415
1.24381
-13.6088
102.929
178.053
-752.082
108.32
-657.747
-620.726
-611.957
-539.453
-518.562
-458.029
-444.235
-412.414
36.5783
-349.054
171.851
142.884
198.607
194.289
223.847
239.49
240.518
253.922
260.065
257.12
250.874
299.619
295.212
281.91
297.924
289.221
310.203
359.779
291
290.673
301.131
284.116
309.779
316.329
386.469
308.978
295.14
301.699
298.335
339.983
331.935
310.565
289.294
316.542
298.126
330.249
323.038
337.426
266.543
336.176
320.045
321.436
341.863
330.34
335.546
276.462
335.437
328.698
334.269
335.133
214.519
340.102
227.341
340.198
337.248
340.108
418.136
371.796
-689.557
374.799
463.131
354.396
312.921
342.989
-nan
413.289
-128
-nan
-nan
-nan
-nan
-nan
-nan
-nan
-512
512
-nan
-nan
-nan
-nan
-nan
-nan
-nan
-nan
0
0
-nan
0
-1242.11
-nan
-nan
0
-16384
-8192
-nan
-4096
-4096
-nan
-2350.99
-nan
-nan
-258.312
-320.214
-708.995
-438.626
-1271.83
-777.141
-402.056
-797.136
-876.083
-65.4659
-752.356
-709.891
-675.667
-643.139
-583.929
-498.214
-467.227
-406.279
-125.016
-287.849
-112.8
-196.674
-86.2428
111.947
111.637
-28.002
151.119
30.6909
47.2318
29.2243
66.8137
67.7368
97.2561
115.526
131.414
126.014
160.215
169.553
179.762
190.072
203.375
215.017
223.869
238.577
249.401
258.698
268.649
278.433
283.011
287.358
290.208
300.888
304.755
313.32
313.689
316.156
320.787
323.249
318.49
311.39
320.26
316.95
316.82
314.572
311.785
317.671
319.286
315.669
318.079
319.548
322.373
322.22
323.878
323.403
323.961
326.295
323.747
326.492
328.143
324.903
313.775
324.181
329.995
324.638
322.833
325.143
325.01
327.977
329.451
327.594
330.046
329.017
331.118
332.142
326.033
327.022
331.929
332.499
334.215
334.913
335.923
335.65
335.067
332.218
337.18
335.856
336.347
333.865
332.908
337.117
337.08
337.403
336.719
340.514
341.093
345.858
345.319
350.911
349.917
353.996
351.974
359.424
361.642
361.928
366.411
369.459
362.336
363.618
354.718
364.211
366.673
367.99
365.985
366.054
373.43
366.146
363.584
360.722
361.137
360.588
338.298
350.814
347.614
347.313
346.223
344.088
349.57
346.044
339.45
340.155
358.371
336.854
336.028
334.095
333.143
339.938
342.428
335.765
327.02
330.624
325.317
328.728
332.279
329.346
327.817
330.543
329.154
322.968
323.837
332.455
325.416
323.143
322.618
316.928
318.421
319.611
317.382
326.423
322.119
329.778
330.427
330.98
330.281
326.926
328.71
326.161
327.987
320.815
321.339
314.179
318.899
315.192
316.018
326.303
327.497
376.829
323.138
324.328
324.586
315.488
321.08
321.175
334.271
319.043
325.669
322.228
321.747
325.144
320.798
323.844
325.911
321.638
324.51
322.791
327.362
323.18
329.751
326.471
307.203
320.973
322.476
321.983
326.856
323.474
322.868
324.425
320.477
320.934
323.985
321.847
322.964
321.057
319.491
313.76
317.731
316.392
320.963
322.639
320.629
316.927
311.385
318.44
300.305
317.091
308.09
308.123
316.18
316.467
313.709
313.105
313.796
309.965
308.929
315.346
307.17
308.343
304.993
304.858
304.449
305.066
303.669
305.66
306.389
304.564
313.053
323.636
328.197
342.921
355.682
365.639
376.118
416.159
150.704
231.407
265.818
152.461
168.958
262.638
-21.5443
-446.908
-1075.94
38.2469
245.216
338.542
30.3235
-134.415
157.047
11.4439
-159.035
-15.5918
81.9848
-14.5489
76.9506
78.184
229.33
99.9414
171.798
189.47
240.664
188.404
237.919
250.683
271.594
285.316
304.151
321.056
342.654
349.243
367.61
378.222
371.426
371.642
390.136
351.223
375.685
373.762
365.927
364.039
359.952
348.148
342.355
336.381
334.623
324.878
324.141
321.45
319.036
316.526
310.548
310.714
308.708
303.919
309.609
301.317
308.167
294.638
313.586
307.579
306.173
306.819
303.272
300.959
298.912
294.169
292.544
291.998
292.8
292.201
298.777
296.287
300.31
300.896
306.101
299.881
299.73
301.262
302.424
308.242
311.36
322.918
320.995
327.877
322.544
328.388
314.737
321.319
325.323
334.227
337.409
342.631
346.641
350.065
351.76
356.382
363.283
318.49
432.971
448.231
-nan
-nan
-nan
-nan
-nan
-nan
-nan
-nan
-nan
-nan
-nan
-nan
-nan
-nan
-nan
-nan
-nan
-nan
-nan
-nan
-nan
-nan
-nan
-nan
-nan
0
64
83.8297
89.2865
96.7846
101.802
125.228
-771.907
-1231.25
-1107.96
-787.942
-1292.32
-1132.68
-820.37
-726.336
-539.358
-473.19
-633.072
-325.026
-189.691
-138.636
3559.04
-96.5126
-96.6015
-941.899
60.9026
-813.235
-556.976
-726.432
75.0686
-513.582
-nan
140.011
184.526
208.076
226.703
245.491
266.865
276.123
287.051
298.245
300.087
301.76
300.753
297.488
299.671
299.248
300.446
296.174
296.511
298.736
294.078
306.294
302.663
304.974
307.72
319.706
319.635
322.729
320.891
322.932
322.386
306.431
324.831
326.257
324.07
323.465
320.934
324.789
321.26
324.727
321.642
321.706
321.484
319.261
318.605
319.329
315.367
316.087
318.702
318.779
316.105
315.758
316.093
315.173
319.278
316.9
315.367
317.625
316.752
315.342
319.563
313.893
316.016
318.005
317.698
316.194
319.462
