222.933
223.747
226.287
226.648
225.397
226.115
225.445
225.594
224.358
225.702
226.533
222.536
226.923
226.793
225.719
225.942
224.569
225.838
220.158
223.305
225.017
225.516
225.533
226.289
226.678
228.021
228.26
224.203
225.355
222.615
224.854
227.462
226.816
224.075
227.442
225.523
223.847
227.373
226.708
225.762
222.81
226.429
223.852
227.243
224.358
207.471
226.404
226.069
223.392
225.76
227.15
224.781
225.502
225.37
223.329
226.018
222.846
224.149
225.499
227.812
224.015
220.2
228.298
227.122
229.256
227.374
221.728
223.65
224.473
228.962
226.94
225.659
228.109
