221.706
222.583
223.09
223.624
223.289
224.481
220.8
223.014
225.235
222.056
223.484
223.338
224.198
222.593
211.019
222.592
221.465
223.917
224.14
224.939
222.818
203.733
222.875
226.148
225.851
222.965
224.176
223.485
221.854
222.438
224.403
205.412
222.554
223.452
222.936
223.964
223.862
222.382
221.938
223.163
223.481
220.006
222.596
208.124
222.324
196.038
191.411
221.988
208.368
224.356
224.155
223.3
222.818
222.041
224.728
222.481
223.538
224.985
222.381
223.012
223.417
222.786
222.818
225.629
223.996
222.934
223.736
