222.553
223.207
222.363
221.345
223.818
222.285
223.288
222.738
222.752
221.907
223.522
223.336
222.591
226.065
225.522
224.83
224.809
224.485
223.694
224.359
228.051
225.188
230.62
225.101
225.261
230.409
226.748
223.325
224.149
222.489
223.091
228.612
223.856
221.646
224.697
226.05
221.722
222.286
225.409
221.932
222.516
223.755
218.713
223.608
222.083
222.35
223.211
223.775
217.457
222.717
223.166
222.632
221.492
223.059
222.372
220.254
221.157
223.368
223.196
225.034
202.75
224.775
222.422
223.245
221.324
223.764
222.096
224.846
222.335
221.125
222.509
221.661
220.66
223.438
221.352
220.946
222.052
219.62
224.765
209.849
226.487
220.57
215.571
208.319
225.483
223.917
226.378
223.48
226.209
222.726
226.02
224.628
228.071
225.796
231.543
226.776
232.724
232.34
231.831
229.595
221.59
231.891
229.725
231.327
233.567
229.22
222.915
221.821
225.979
225.538
223.188
221.504
220.692
222.646
221.381
216.892
222.352
221.914
221.581
217.924
221.227
221.279
219.784
221.131
222.77
227.333
220.119
228.037
220.628
220.905
222.776
224.051
224.726
220.406
224.012
217.383
220.256
219.938
221.768
221.164
217.244
219.255
212.712
220.263
217.067
219.671
220.578
219.672
220.94
221.373
205.319
220.295
218.316
221.9
221.449
223.182
222.461
222.544
222.052
224.53
221.757
195.591
222.227
221.953
220.842
219.062
222.035
218.845
219.038
221.262
221.192
223.564
220.308
221.897
221.842
221.508
219.02
222.347
220.749
222.104
221.034
220.564
221.12
220.483
220.144
218.282
221.843
222.607
221.13
221.862
219.375
219.686
220.461
218.232
222.987
220.392
221.357
221.797
223.565
222.783
220.845
221.177
223.217
217.825
221.589
221.65
222.606
214.022
225.341
224.41
226.768
222.96
218.025
223.617
221.863
220.278
221.769
219.194
220.767
219.249
222.516
221.544
218.843
233.797
218.295
220.478
219.758
229.264
222.006
222.595
221.721
226.601
222.457
223.423
210.46
210.921
209.404
212.93
222.021
212.706
221.284
220.609
237.271
211.711
220.475
218.997
214.831
221.41
221.034
223.326
222.267
221.759
220.701
222.28
223.604
221.517
223.558
223.26
225.313
220.026
223.865
222.379
222.918
221.922
217.89
223.852
223.174
225.887
221.606
222.715
225.067
226.235
222.927
223.292
220.491
218.647
222.215
220.006
220.238
222.117
222.862
223.949
217.369
218.882
219.835
221.921
221.282
220.274
219.709
219.026
215.23
219.373
180.951
179.654
219.564
220.264
221.305
220.119
222.241
220.128
220.369
229.591
220.409
226.959
157.605
224.988
-nan
229.945
464.436
92.3894
37.8077
228.254
194.911
232.876
375.174
0
0
241.337
-nan
243.526
258.747
333.65
295.883
247.524
249.335
336.109
234.517
243.602
258.928
353.263
230.202
229.677
228.124
214.931
228.77
226.835
229.698
232.209
232.962
227.549
229.679
256.465
271.057
20.1478
249.049
31.5416
32.4206
28.1372
41.9209
43.3229
47.7162
53.1141
49.166
185.537
55.1434
224.603
190.092
226.195
218.468
226.023
220.806
222.234
225.467
223.733
227.263
211.475
227.24
221.575
217.765
220.545
225.783
223.967
215.103
227.9
225.788
220.591
221.767
227.778
221.741
188.557
225.115
225.888
227.534
220.886
213.995
204.186
224.636
198.186
219.491
220.133
220.174
221.134
219.298
181.634
220.581
177.591
220.959
205.618
226.121
218.885
169.11
183.398
220.013
221.733
220.606
155.3
224.096
147.476
225.479
224.048
228.413
272.178
246.356
-383.111
247.952
300.16
235.961
212.157
228.775
-nan
270.876
-64
-nan
-nan
-nan
-nan
-nan
-nan
-nan
128
128
-nan
-nan
-nan
-nan
-nan
-nan
-nan
-nan
64
64
-nan
64
333.639
-nan
-nan
0
0
256
-nan
256
256
-nan
248.181
-nan
-nan
375.481
366.345
320.244
343.242
223.997
294.345
310.048
247.277
264.435
290.203
253.622
244.797
236.182
230.228
230.791
230.767
229.821
227.718
192.976
224.749
209.74
222.078
199.765
162.173
152.088
151.13
188.003
200.458
208.283
155.164
168.469
164.441
179.015
186.923
200.746
187.849
175.998
172.873
214.986
220.179
217.525
227.177
219.558
225.448
223.525
221.892
216.568
221.617
223.407
223.304
216.695
220.249
220.299
220.132
222.118
218.356
222.025
219.692
219.924
196.521
221.412
225.344
219.76
220.461
219.964
225.194
226.614
225.474
224.762
222.63
223.038
223.769
223.1
221.177
224.769
226.377
224.398
225.68
222.737
222.259
211.81
217.547
221.545
220.519
219.247
218.847
216.246
218.862
219.209
219.979
220.797
217.841
219.399
218.027
221.151
219.573
221.682
223.436
221.421
222.006
211.016
221.339
219.393
219.145
221.797
221.743
223.121
221.119
223.862
213.39
217.908
222.61
223.318
221.446
221.315
217.232
219.881
222.977
221.567
221.236
227.051
220.505
221.639
213.254
221.288
223.203
192.601
203.641
201.345
220.877
224.759
222.488
222.629
213.114
217.779
211.862
226.416
213.179
213.316
220.201
216.254
218.573
209.299
209.917
219.991
210.009
207.336
206.738
206.027
206.957
202.63
204.361
197.079
222.256
221.912
190.076
211.266
222.146
202.448
201.418
222.734
223.802
222.317
223.07
220.377
221.181
220.914
222.342
222.838
223.817
222.579
220.185
218.041
221.685
222.355
223.599
220.743
225.177
223.329
223.64
220.882
223.47
220.266
224.933
224.369
223.912
221.24
222.579
223.687
215.273
218.702
216.593
217.168
219.359
214.365
206.998
217.897
219.362
213.327
221.688
221.748
214.156
201.134
223.016
216.876
219.977
221.909
218.701
224.108
223.156
214.697
222.055
223.667
220.484
219.011
226.239
218.798
222.829
199.876
213.914
220.224
214.143
220.212
223.791
221.797
218.714
210.094
223.592
217.87
221.715
221.244
220.417
217.164
208.792
219.93
219.378
215.064
220.584
224.589
221.072
204.336
223.053
190.455
221.554
199.818
200.775
220.907
200.744
218.244
225.032
223.636
221.864
225.885
223.625
224.766
224.373
220.142
224.608
214.693
223.667
223.281
222.63
222.973
221.715
220.714
220.902
217.078
215.942
213.954
221.305
222.619
202.823
383.925
356.319
351.432
452.85
447.007
459.962
414.901
335.196
192.694
406.349
443.097
467.265
367.866
290.116
382.139
316.29
218.716
263.438
293.872
220.524
243.901
212.317
294.011
187.374
202.849
223.732
247.861
210.637
224.065
218.504
214.748
216.172
218.757
225.106
219.13
216.316
218.676
220.751
220.537
213.173
217.005
187.342
220.925
221.232
222.029
219.214
218.607
221.058
222.533
221.639
220.699
224.025
222.722
221.887
219.599
223.821
221.593
222.599
221.279
222.573
217.135
220.233
218.739
192.178
222.817
224.379
223.074
221.649
222.739
223.147
221.229
225.126
223.119
220.194
221.45
221.908
221.605
221.155
223.537
219.607
222.26
221.744
219.036
220.817
220.437
222.98
221.693
223.562
218.956
221.565
217.971
224.648
226.449
220.909
218.561
220.914
217.118
220.714
219.853
219.098
220.926
219.64
216.083
200.865
274.086
285.923
-nan
-nan
-nan
-nan
-nan
-nan
-nan
-nan
-nan
-nan
-nan
-nan
-nan
-nan
-nan
-nan
-nan
-nan
-nan
-nan
-nan
-nan
-nan
-nan
-nan
-2048
0
414.743
420.645
426.467
432.199
438.786
370.766
311.881
299.776
329.666
220.344
233.897
264.696
263.005
279.931
277.358
199.577
286.863
309.77
308.545
1910.67
286.521
260.595
-254.538
306.024
-245.124
-156.438
-236.469
233.735
-176.521
-nan
209.436
226.531
221.251
224.799
222.727
218.721
221.41
223.231
222.136
221.041
223.706
223.525
224.767
223.966
216.242
220.751
227.326
224.279
229.004
210.666
223.695
217.719
217.957
214.953
224.94
225.494
222.789
222.572
226.459
226.095
207.846
225.201
222.477
225.816
225.582
223.506
223.007
225.652
227.839
223.997
225.425
223.968
226.389
225.105
229.125
225.002
224.848
223.858
223.967
223.484
225.486
224.14
226.016
221.496
223.379
222.912
222.947
225.616
227.839
225.903
225.003
223.118
222.157
225.77
224.214
221.349
