deltaeye=
[4.2675209e-05, 0, 0, 0, 0, 0, 0, 0, 0, 0, 0, 0, 0, 0, 0;
 0, 1.9394258e-05, 0, 0, 0, 0, 0, 0, 0, 0, 0, 0, 0, 0, 0;
 0, 0, 0.00023634089, 0, 0, 0, 0, 0, 0, 0, 0, 0, 0, 0, 0;
 0, 0, 0, 9.8388147e-05, 0, 0, 0, 0, 0, 0, 0, 0, 0, 0, 0;
 0, 0, 0, 0, 3.0278823e-05, 0, 0, 0, 0, 0, 0, 0, 0, 0, 0;
 0, 0, 0, 0, 0, 0.0017350066, 0, 0, 0, 0, 0, 0, 0, 0, 0;
 0, 0, 0, 0, 0, 0, 0.00017410435, 0, 0, 0, 0, 0, 0, 0, 0;
 0, 0, 0, 0, 0, 0, 0, 0.00028371616, 0, 0, 0, 0, 0, 0, 0;
 0, 0, 0, 0, 0, 0, 0, 0, 0.062994651, 0, 0, 0, 0, 0, 0;
 0, 0, 0, 0, 0, 0, 0, 0, 0, 0.00018901366, 0, 0, 0, 0, 0;
 0, 0, 0, 0, 0, 0, 0, 0, 0, 0, 4.2636828e-05, 0, 0, 0, 0;
 0, 0, 0, 0, 0, 0, 0, 0, 0, 0, 0, 0.011605871, 0, 0, 0;
 0, 0, 0, 0, 0, 0, 0, 0, 0, 0, 0, 0, 4.7611707e-06, 0, 0;
 0, 0, 0, 0, 0, 0, 0, 0, 0, 0, 0, 0, 0, 3.0193552e-05, 0;
 0, 0, 0, 0, 0, 0, 0, 0, 0, 0, 0, 0, 0, 0, 0.043026116]
deltaeye=
[0.001194207, 0, 0, 0, 0, 0, 0, 0, 0, 0, 0, 0, 0, 0, 0;
 0, 2.6462358e-05, 0, 0, 0, 0, 0, 0, 0, 0, 0, 0, 0, 0, 0;
 0, 0, 0.0079075992, 0, 0, 0, 0, 0, 0, 0, 0, 0, 0, 0, 0;
 0, 0, 0, 0.0014806458, 0, 0, 0, 0, 0, 0, 0, 0, 0, 0, 0;
 0, 0, 0, 0, 3.4212735e-05, 0, 0, 0, 0, 0, 0, 0, 0, 0, 0;
 0, 0, 0, 0, 0, 0.00010147539, 0, 0, 0, 0, 0, 0, 0, 0, 0;
 0, 0, 0, 0, 0, 0, 0.00034338518, 0, 0, 0, 0, 0, 0, 0, 0;
 0, 0, 0, 0, 0, 0, 0, 1.4273675e-07, 0, 0, 0, 0, 0, 0, 0;
 0, 0, 0, 0, 0, 0, 0, 0, 4.5334338e-05, 0, 0, 0, 0, 0, 0;
 0, 0, 0, 0, 0, 0, 0, 0, 0, 1.1384198e-05, 0, 0, 0, 0, 0;
 0, 0, 0, 0, 0, 0, 0, 0, 0, 0, 2.6673542e-05, 0, 0, 0, 0;
 0, 0, 0, 0, 0, 0, 0, 0, 0, 0, 0, 0.0054860353, 0, 0, 0;
 0, 0, 0, 0, 0, 0, 0, 0, 0, 0, 0, 0, 0.0009197435, 0, 0;
 0, 0, 0, 0, 0, 0, 0, 0, 0, 0, 0, 0, 0, 1.2194306e-08, 0;
 0, 0, 0, 0, 0, 0, 0, 0, 0, 0, 0, 0, 0, 0, 0.015794747]
deltaeye=
[5.4242588e-05, 0, 0, 0, 0, 0, 0, 0, 0, 0, 0, 0, 0, 0, 0;
 0, 4.4915465e-05, 0, 0, 0, 0, 0, 0, 0, 0, 0, 0, 0, 0, 0;
 0, 0, 0.0064447429, 0, 0, 0, 0, 0, 0, 0, 0, 0, 0, 0, 0;
 0, 0, 0, 0.0016421279, 0, 0, 0, 0, 0, 0, 0, 0, 0, 0, 0;
 0, 0, 0, 0, 0.00017949124, 0, 0, 0, 0, 0, 0, 0, 0, 0, 0;
 0, 0, 0, 0, 0, 2.1929441e-06, 0, 0, 0, 0, 0, 0, 0, 0, 0;
 0, 0, 0, 0, 0, 0, 0.024726294, 0, 0, 0, 0, 0, 0, 0, 0;
 0, 0, 0, 0, 0, 0, 0, 0.0019534836, 0, 0, 0, 0, 0, 0, 0;
 0, 0, 0, 0, 0, 0, 0, 0, 0.036823317, 0, 0, 0, 0, 0, 0;
 0, 0, 0, 0, 0, 0, 0, 0, 0, 0.012197082, 0, 0, 0, 0, 0;
 0, 0, 0, 0, 0, 0, 0, 0, 0, 0, 0.00015274942, 0, 0, 0, 0;
 0, 0, 0, 0, 0, 0, 0, 0, 0, 0, 0, 3.8676876e-06, 0, 0, 0;
 0, 0, 0, 0, 0, 0, 0, 0, 0, 0, 0, 0, 0.033949807, 0, 0;
 0, 0, 0, 0, 0, 0, 0, 0, 0, 0, 0, 0, 0, 0.081694789, 0;
 0, 0, 0, 0, 0, 0, 0, 0, 0, 0, 0, 0, 0, 0, 0.61571103]
deltaeye=
[0.0011513773, 0, 0, 0, 0, 0, 0, 0, 0, 0, 0, 0, 0, 0, 0;
 0, 0.0047841864, 0, 0, 0, 0, 0, 0, 0, 0, 0, 0, 0, 0, 0;
 0, 0, 0.048186917, 0, 0, 0, 0, 0, 0, 0, 0, 0, 0, 0, 0;
 0, 0, 0, 0.0030250086, 0, 0, 0, 0, 0, 0, 0, 0, 0, 0, 0;
 0, 0, 0, 0, 0.0031751781, 0, 0, 0, 0, 0, 0, 0, 0, 0, 0;
 0, 0, 0, 0, 0, 0.037229884, 0, 0, 0, 0, 0, 0, 0, 0, 0;
 0, 0, 0, 0, 0, 0, 0.010253645, 0, 0, 0, 0, 0, 0, 0, 0;
 0, 0, 0, 0, 0, 0, 0, 0.00099243037, 0, 0, 0, 0, 0, 0, 0;
 0, 0, 0, 0, 0, 0, 0, 0, 0.0035017522, 0, 0, 0, 0, 0, 0;
 0, 0, 0, 0, 0, 0, 0, 0, 0, 0.027857447, 0, 0, 0, 0, 0;
 0, 0, 0, 0, 0, 0, 0, 0, 0, 0, 0.0033306805, 0, 0, 0, 0;
 0, 0, 0, 0, 0, 0, 0, 0, 0, 0, 0, 0.037558671, 0, 0, 0;
 0, 0, 0, 0, 0, 0, 0, 0, 0, 0, 0, 0, 0.0066115116, 0, 0;
 0, 0, 0, 0, 0, 0, 0, 0, 0, 0, 0, 0, 0, 0.041802585, 0;
 0, 0, 0, 0, 0, 0, 0, 0, 0, 0, 0, 0, 0, 0, 0.15778807]
deltaeye=
[0.0018828104, 0, 0, 0, 0, 0, 0, 0, 0, 0, 0, 0, 0, 0, 0;
 0, 0.0037508407, 0, 0, 0, 0, 0, 0, 0, 0, 0, 0, 0, 0, 0;
 0, 0, 0.021139376, 0, 0, 0, 0, 0, 0, 0, 0, 0, 0, 0, 0;
 0, 0, 0, 0.0029046342, 0, 0, 0, 0, 0, 0, 0, 0, 0, 0, 0;
 0, 0, 0, 0, 0.0029373998, 0, 0, 0, 0, 0, 0, 0, 0, 0, 0;
 0, 0, 0, 0, 0, 0.01926649, 0, 0, 0, 0, 0, 0, 0, 0, 0;
 0, 0, 0, 0, 0, 0, 0.013564333, 0, 0, 0, 0, 0, 0, 0, 0;
 0, 0, 0, 0, 0, 0, 0, 0.00055924535, 0, 0, 0, 0, 0, 0, 0;
 0, 0, 0, 0, 0, 0, 0, 0, 0.0066811768, 0, 0, 0, 0, 0, 0;
 0, 0, 0, 0, 0, 0, 0, 0, 0, 0.032610942, 0, 0, 0, 0, 0;
 0, 0, 0, 0, 0, 0, 0, 0, 0, 0, 0.0024153148, 0, 0, 0, 0;
 0, 0, 0, 0, 0, 0, 0, 0, 0, 0, 0, 0.0007437531, 0, 0, 0;
 0, 0, 0, 0, 0, 0, 0, 0, 0, 0, 0, 0, 0.0079963878, 0, 0;
 0, 0, 0, 0, 0, 0, 0, 0, 0, 0, 0, 0, 0, 0.044929609, 0;
 0, 0, 0, 0, 0, 0, 0, 0, 0, 0, 0, 0, 0, 0, 0.47008491]
deltaeye=
[0.00031249155, 0, 0, 0, 0, 0, 0, 0, 0, 0, 0, 0, 0, 0, 0;
 0, 0.0062716343, 0, 0, 0, 0, 0, 0, 0, 0, 0, 0, 0, 0, 0;
 0, 0, 0.080338366, 0, 0, 0, 0, 0, 0, 0, 0, 0, 0, 0, 0;
 0, 0, 0, 0.0023344015, 0, 0, 0, 0, 0, 0, 0, 0, 0, 0, 0;
 0, 0, 0, 0, 0.0041502295, 0, 0, 0, 0, 0, 0, 0, 0, 0, 0;
 0, 0, 0, 0, 0, 0.073163025, 0, 0, 0, 0, 0, 0, 0, 0, 0;
 0, 0, 0, 0, 0, 0, 0.0099015422, 0, 0, 0, 0, 0, 0, 0, 0;
 0, 0, 0, 0, 0, 0, 0, 0.0011743215, 0, 0, 0, 0, 0, 0, 0;
 0, 0, 0, 0, 0, 0, 0, 0, 0.0092445863, 0, 0, 0, 0, 0, 0;
 0, 0, 0, 0, 0, 0, 0, 0, 0, 0.018597791, 0, 0, 0, 0, 0;
 0, 0, 0, 0, 0, 0, 0, 0, 0, 0, 0.0037042694, 0, 0, 0, 0;
 0, 0, 0, 0, 0, 0, 0, 0, 0, 0, 0, 0.052059095, 0, 0, 0;
 0, 0, 0, 0, 0, 0, 0, 0, 0, 0, 0, 0, 0.0084667206, 0, 0;
 0, 0, 0, 0, 0, 0, 0, 0, 0, 0, 0, 0, 0, 0.041597184, 0;
 0, 0, 0, 0, 0, 0, 0, 0, 0, 0, 0, 0, 0, 0, 0.3699258]
deltaeye=
[5.0188119e-05, 0, 0, 0, 0, 0, 0, 0, 0, 0, 0, 0, 0, 0, 0;
 0, 0.0068088016, 0, 0, 0, 0, 0, 0, 0, 0, 0, 0, 0, 0, 0;
 0, 0, 0.069098309, 0, 0, 0, 0, 0, 0, 0, 0, 0, 0, 0, 0;
 0, 0, 0, 0.0047155172, 0, 0, 0, 0, 0, 0, 0, 0, 0, 0, 0;
 0, 0, 0, 0, 0.0021467321, 0, 0, 0, 0, 0, 0, 0, 0, 0, 0;
 0, 0, 0, 0, 0, 0.018399887, 0, 0, 0, 0, 0, 0, 0, 0, 0;
 0, 0, 0, 0, 0, 0, 0.0065140137, 0, 0, 0, 0, 0, 0, 0, 0;
 0, 0, 0, 0, 0, 0, 0, 0.0010746787, 0, 0, 0, 0, 0, 0, 0;
 0, 0, 0, 0, 0, 0, 0, 0, 0.014808536, 0, 0, 0, 0, 0, 0;
 0, 0, 0, 0, 0, 0, 0, 0, 0, 0.031098537, 0, 0, 0, 0, 0;
 0, 0, 0, 0, 0, 0, 0, 0, 0, 0, 0.0029241266, 0, 0, 0, 0;
 0, 0, 0, 0, 0, 0, 0, 0, 0, 0, 0, 0.030897535, 0, 0, 0;
 0, 0, 0, 0, 0, 0, 0, 0, 0, 0, 0, 0, 0.0060793087, 0, 0;
 0, 0, 0, 0, 0, 0, 0, 0, 0, 0, 0, 0, 0, 0.043587424, 0;
 0, 0, 0, 0, 0, 0, 0, 0, 0, 0, 0, 0, 0, 0, 0.45681778]
deltaeye=
[0.0018469868, 0, 0, 0, 0, 0, 0, 0, 0, 0, 0, 0, 0, 0, 0;
 0, 0.0070653674, 0, 0, 0, 0, 0, 0, 0, 0, 0, 0, 0, 0, 0;
 0, 0, 0.069119245, 0, 0, 0, 0, 0, 0, 0, 0, 0, 0, 0, 0;
 0, 0, 0, 0.0010159139, 0, 0, 0, 0, 0, 0, 0, 0, 0, 0, 0;
 0, 0, 0, 0, 0.0025420999, 0, 0, 0, 0, 0, 0, 0, 0, 0, 0;
 0, 0, 0, 0, 0, 0.032369498, 0, 0, 0, 0, 0, 0, 0, 0, 0;
 0, 0, 0, 0, 0, 0, 0.011881717, 0, 0, 0, 0, 0, 0, 0, 0;
 0, 0, 0, 0, 0, 0, 0, 0.00066872413, 0, 0, 0, 0, 0, 0, 0;
 0, 0, 0, 0, 0, 0, 0, 0, 0.00081310683, 0, 0, 0, 0, 0, 0;
 0, 0, 0, 0, 0, 0, 0, 0, 0, 0.028191205, 0, 0, 0, 0, 0;
 0, 0, 0, 0, 0, 0, 0, 0, 0, 0, 0.0027798398, 0, 0, 0, 0;
 0, 0, 0, 0, 0, 0, 0, 0, 0, 0, 0, 0.031289451, 0, 0, 0;
 0, 0, 0, 0, 0, 0, 0, 0, 0, 0, 0, 0, 0.0047548958, 0, 0;
 0, 0, 0, 0, 0, 0, 0, 0, 0, 0, 0, 0, 0, 0.042821292, 0;
 0, 0, 0, 0, 0, 0, 0, 0, 0, 0, 0, 0, 0, 0, 0.47893274]
deltaeye=
[0.0018612271, 0, 0, 0, 0, 0, 0, 0, 0, 0, 0, 0, 0, 0, 0;
 0, 0.0052622035, 0, 0, 0, 0, 0, 0, 0, 0, 0, 0, 0, 0, 0;
 0, 0, 0.056855761, 0, 0, 0, 0, 0, 0, 0, 0, 0, 0, 0, 0;
 0, 0, 0, 0.0025875836, 0, 0, 0, 0, 0, 0, 0, 0, 0, 0, 0;
 0, 0, 0, 0, 0.0019052306, 0, 0, 0, 0, 0, 0, 0, 0, 0, 0;
 0, 0, 0, 0, 0, 0.020662684, 0, 0, 0, 0, 0, 0, 0, 0, 0;
 0, 0, 0, 0, 0, 0, 0.011059952, 0, 0, 0, 0, 0, 0, 0, 0;
 0, 0, 0, 0, 0, 0, 0, 0.00060594041, 0, 0, 0, 0, 0, 0, 0;
 0, 0, 0, 0, 0, 0, 0, 0, 0.0015694472, 0, 0, 0, 0, 0, 0;
 0, 0, 0, 0, 0, 0, 0, 0, 0, 0.028492115, 0, 0, 0, 0, 0;
 0, 0, 0, 0, 0, 0, 0, 0, 0, 0, 0.0026563976, 0, 0, 0, 0;
 0, 0, 0, 0, 0, 0, 0, 0, 0, 0, 0, 0.033279885, 0, 0, 0;
 0, 0, 0, 0, 0, 0, 0, 0, 0, 0, 0, 0, 0.0061877095, 0, 0;
 0, 0, 0, 0, 0, 0, 0, 0, 0, 0, 0, 0, 0, 0.042255122, 0;
 0, 0, 0, 0, 0, 0, 0, 0, 0, 0, 0, 0, 0, 0, 0.48358914]
deltaeye=
[0.0015999879, 0, 0, 0, 0, 0, 0, 0, 0, 0, 0, 0, 0, 0, 0;
 0, 0.0056514512, 0, 0, 0, 0, 0, 0, 0, 0, 0, 0, 0, 0, 0;
 0, 0, 0.066076986, 0, 0, 0, 0, 0, 0, 0, 0, 0, 0, 0, 0;
 0, 0, 0, 0.001860565, 0, 0, 0, 0, 0, 0, 0, 0, 0, 0, 0;
 0, 0, 0, 0, 0.0026788658, 0, 0, 0, 0, 0, 0, 0, 0, 0, 0;
 0, 0, 0, 0, 0, 0.041166253, 0, 0, 0, 0, 0, 0, 0, 0, 0;
 0, 0, 0, 0, 0, 0, 0.010763878, 0, 0, 0, 0, 0, 0, 0, 0;
 0, 0, 0, 0, 0, 0, 0, 0.00074377988, 0, 0, 0, 0, 0, 0, 0;
 0, 0, 0, 0, 0, 0, 0, 0, 0.0033442222, 0, 0, 0, 0, 0, 0;
 0, 0, 0, 0, 0, 0, 0, 0, 0, 0.028820612, 0, 0, 0, 0, 0;
 0, 0, 0, 0, 0, 0, 0, 0, 0, 0, 0.0029471747, 0, 0, 0, 0;
 0, 0, 0, 0, 0, 0, 0, 0, 0, 0, 0, 0.03983546, 0, 0, 0;
 0, 0, 0, 0, 0, 0, 0, 0, 0, 0, 0, 0, 0.0062474059, 0, 0;
 0, 0, 0, 0, 0, 0, 0, 0, 0, 0, 0, 0, 0, 0.038057253, 0;
 0, 0, 0, 0, 0, 0, 0, 0, 0, 0, 0, 0, 0, 0, 0.23343572]
deltaeye=
[0.0017598167, 0, 0, 0, 0, 0, 0, 0, 0, 0, 0, 0, 0, 0, 0;
 0, 0.004438384, 0, 0, 0, 0, 0, 0, 0, 0, 0, 0, 0, 0, 0;
 0, 0, 0.036425211, 0, 0, 0, 0, 0, 0, 0, 0, 0, 0, 0, 0;
 0, 0, 0, 0.0032606248, 0, 0, 0, 0, 0, 0, 0, 0, 0, 0, 0;
 0, 0, 0, 0, 0.0018931516, 0, 0, 0, 0, 0, 0, 0, 0, 0, 0;
 0, 0, 0, 0, 0, 0.012708513, 0, 0, 0, 0, 0, 0, 0, 0, 0;
 0, 0, 0, 0, 0, 0, 0.013467549, 0, 0, 0, 0, 0, 0, 0, 0;
 0, 0, 0, 0, 0, 0, 0, 0.00035587742, 0, 0, 0, 0, 0, 0, 0;
 0, 0, 0, 0, 0, 0, 0, 0, 0.0056062359, 0, 0, 0, 0, 0, 0;
 0, 0, 0, 0, 0, 0, 0, 0, 0, 0.029058143, 0, 0, 0, 0, 0;
 0, 0, 0, 0, 0, 0, 0, 0, 0, 0, 0.0027037794, 0, 0, 0, 0;
 0, 0, 0, 0, 0, 0, 0, 0, 0, 0, 0, 0.022681851, 0, 0, 0;
 0, 0, 0, 0, 0, 0, 0, 0, 0, 0, 0, 0, 0.0079192044, 0, 0;
 0, 0, 0, 0, 0, 0, 0, 0, 0, 0, 0, 0, 0, 0.042049699, 0;
 0, 0, 0, 0, 0, 0, 0, 0, 0, 0, 0, 0, 0, 0, 0.93062615]
deltaeye=
[0.0014352724, 0, 0, 0, 0, 0, 0, 0, 0, 0, 0, 0, 0, 0, 0;
 0, 0.0041025826, 0, 0, 0, 0, 0, 0, 0, 0, 0, 0, 0, 0, 0;
 0, 0, 0.10220501, 0, 0, 0, 0, 0, 0, 0, 0, 0, 0, 0, 0;
 0, 0, 0, 7.8259573, 0, 0, 0, 0, 0, 0, 0, 0, 0, 0, 0;
 0, 0, 0, 0, 2.6750555, 0, 0, 0, 0, 0, 0, 0, 0, 0, 0;
 0, 0, 0, 0, 0, 149.89706, 0, 0, 0, 0, 0, 0, 0, 0, 0;
 0, 0, 0, 0, 0, 0, 0.0052327365, 0, 0, 0, 0, 0, 0, 0, 0;
 0, 0, 0, 0, 0, 0, 0, 0.0026433817, 0, 0, 0, 0, 0, 0, 0;
 0, 0, 0, 0, 0, 0, 0, 0, 0.2085273, 0, 0, 0, 0, 0, 0;
 0, 0, 0, 0, 0, 0, 0, 0, 0, 0.01607614, 0, 0, 0, 0, 0;
 0, 0, 0, 0, 0, 0, 0, 0, 0, 0, 0.0040145554, 0, 0, 0, 0;
 0, 0, 0, 0, 0, 0, 0, 0, 0, 0, 0, 0.13953473, 0, 0, 0;
 0, 0, 0, 0, 0, 0, 0, 0, 0, 0, 0, 0, 0.017745111, 0, 0;
 0, 0, 0, 0, 0, 0, 0, 0, 0, 0, 0, 0, 0, 0.033339933, 0;
 0, 0, 0, 0, 0, 0, 0, 0, 0, 0, 0, 0, 0, 0, 0.054017451]
deltaeye=
[4.7924747, 0, 0, 0, 0, 0, 0, 0, 0, 0, 0, 0, 0, 0, 0;
 0, 0.06574022, 0, 0, 0, 0, 0, 0, 0, 0, 0, 0, 0, 0, 0;
 0, 0, 3.52967, 0, 0, 0, 0, 0, 0, 0, 0, 0, 0, 0, 0;
 0, 0, 0, 1.4323955, 0, 0, 0, 0, 0, 0, 0, 0, 0, 0, 0;
 0, 0, 0, 0, 0.034299236, 0, 0, 0, 0, 0, 0, 0, 0, 0, 0;
 0, 0, 0, 0, 0, 4.6843891, 0, 0, 0, 0, 0, 0, 0, 0, 0;
 0, 0, 0, 0, 0, 0, 0.17304677, 0, 0, 0, 0, 0, 0, 0, 0;
 0, 0, 0, 0, 0, 0, 0, 0.081675038, 0, 0, 0, 0, 0, 0, 0;
 0, 0, 0, 0, 0, 0, 0, 0, 3.6780279, 0, 0, 0, 0, 0, 0;
 0, 0, 0, 0, 0, 0, 0, 0, 0, 0.064669669, 0, 0, 0, 0, 0;
 0, 0, 0, 0, 0, 0, 0, 0, 0, 0, 0.072634727, 0, 0, 0, 0;
 0, 0, 0, 0, 0, 0, 0, 0, 0, 0, 0, 7.5947828, 0, 0, 0;
 0, 0, 0, 0, 0, 0, 0, 0, 0, 0, 0, 0, 1.8411183, 0, 0;
 0, 0, 0, 0, 0, 0, 0, 0, 0, 0, 0, 0, 0, 0.26902184, 0;
 0, 0, 0, 0, 0, 0, 0, 0, 0, 0, 0, 0, 0, 0, 10.616623]
deltaeye=
[0.0051071304, 0, 0, 0, 0, 0, 0, 0, 0, 0, 0, 0, 0, 0, 0;
 0, 0.0014328987, 0, 0, 0, 0, 0, 0, 0, 0, 0, 0, 0, 0, 0;
 0, 0, 0.033440642, 0, 0, 0, 0, 0, 0, 0, 0, 0, 0, 0, 0;
 0, 0, 0, 0.026658997, 0, 0, 0, 0, 0, 0, 0, 0, 0, 0, 0;
 0, 0, 0, 0, 0.016340312, 0, 0, 0, 0, 0, 0, 0, 0, 0, 0;
 0, 0, 0, 0, 0, 0.41951311, 0, 0, 0, 0, 0, 0, 0, 0, 0;
 0, 0, 0, 0, 0, 0, 1.5327267e-05, 0, 0, 0, 0, 0, 0, 0, 0;
 0, 0, 0, 0, 0, 0, 0, 0.00013890566, 0, 0, 0, 0, 0, 0, 0;
 0, 0, 0, 0, 0, 0, 0, 0, 9.9277429e-05, 0, 0, 0, 0, 0, 0;
 0, 0, 0, 0, 0, 0, 0, 0, 0, 0.018267715, 0, 0, 0, 0, 0;
 0, 0, 0, 0, 0, 0, 0, 0, 0, 0, 0.0016125358, 0, 0, 0, 0;
 0, 0, 0, 0, 0, 0, 0, 0, 0, 0, 0, 0.044980779, 0, 0, 0;
 0, 0, 0, 0, 0, 0, 0, 0, 0, 0, 0, 0, 0.012765687, 0, 0;
 0, 0, 0, 0, 0, 0, 0, 0, 0, 0, 0, 0, 0, 0.051333997, 0;
 0, 0, 0, 0, 0, 0, 0, 0, 0, 0, 0, 0, 0, 0, 1.0408821]
deltaeye=
[0.030864144, 0, 0, 0, 0, 0, 0, 0, 0, 0, 0, 0, 0, 0, 0;
 0, 0.0023524337, 0, 0, 0, 0, 0, 0, 0, 0, 0, 0, 0, 0, 0;
 0, 0, 0.00385164, 0, 0, 0, 0, 0, 0, 0, 0, 0, 0, 0, 0;
 0, 0, 0, 0.011148985, 0, 0, 0, 0, 0, 0, 0, 0, 0, 0, 0;
 0, 0, 0, 0, 0.015655637, 0, 0, 0, 0, 0, 0, 0, 0, 0, 0;
 0, 0, 0, 0, 0, 0.43504465, 0, 0, 0, 0, 0, 0, 0, 0, 0;
 0, 0, 0, 0, 0, 0, 2.8043791e-05, 0, 0, 0, 0, 0, 0, 0, 0;
 0, 0, 0, 0, 0, 0, 0, 6.7230314e-05, 0, 0, 0, 0, 0, 0, 0;
 0, 0, 0, 0, 0, 0, 0, 0, 3.9088877e-06, 0, 0, 0, 0, 0, 0;
 0, 0, 0, 0, 0, 0, 0, 0, 0, 0.012179025, 0, 0, 0, 0, 0;
 0, 0, 0, 0, 0, 0, 0, 0, 0, 0, 0.0024206205, 0, 0, 0, 0;
 0, 0, 0, 0, 0, 0, 0, 0, 0, 0, 0, 0.13967134, 0, 0, 0;
 0, 0, 0, 0, 0, 0, 0, 0, 0, 0, 0, 0, 0.033221472, 0, 0;
 0, 0, 0, 0, 0, 0, 0, 0, 0, 0, 0, 0, 0, 0.047678601, 0;
 0, 0, 0, 0, 0, 0, 0, 0, 0, 0, 0, 0, 0, 0, 0.55108625]
deltaeye=
[0.034550704, 0, 0, 0, 0, 0, 0, 0, 0, 0, 0, 0, 0, 0, 0;
 0, 0.0035137208, 0, 0, 0, 0, 0, 0, 0, 0, 0, 0, 0, 0, 0;
 0, 0, 0.0037824176, 0, 0, 0, 0, 0, 0, 0, 0, 0, 0, 0, 0;
 0, 0, 0, 0.00018125822, 0, 0, 0, 0, 0, 0, 0, 0, 0, 0, 0;
 0, 0, 0, 0, 0.0031941726, 0, 0, 0, 0, 0, 0, 0, 0, 0, 0;
 0, 0, 0, 0, 0, 0.013197461, 0, 0, 0, 0, 0, 0, 0, 0, 0;
 0, 0, 0, 0, 0, 0, 1.8201186e-05, 0, 0, 0, 0, 0, 0, 0, 0;
 0, 0, 0, 0, 0, 0, 0, 0.00028102534, 0, 0, 0, 0, 0, 0, 0;
 0, 0, 0, 0, 0, 0, 0, 0, 0.013756528, 0, 0, 0, 0, 0, 0;
 0, 0, 0, 0, 0, 0, 0, 0, 0, 0.0065082442, 0, 0, 0, 0, 0;
 0, 0, 0, 0, 0, 0, 0, 0, 0, 0, 0.0022319427, 0, 0, 0, 0;
 0, 0, 0, 0, 0, 0, 0, 0, 0, 0, 0, 0.1076996, 0, 0, 0;
 0, 0, 0, 0, 0, 0, 0, 0, 0, 0, 0, 0, 0.032175213, 0, 0;
 0, 0, 0, 0, 0, 0, 0, 0, 0, 0, 0, 0, 0, 0.048255309, 0;
 0, 0, 0, 0, 0, 0, 0, 0, 0, 0, 0, 0, 0, 0, 0.63501751]
deltaeye=
[0.0030605211, 0, 0, 0, 0, 0, 0, 0, 0, 0, 0, 0, 0, 0, 0;
 0, 0.0036034603, 0, 0, 0, 0, 0, 0, 0, 0, 0, 0, 0, 0, 0;
 0, 0, 0.00027643607, 0, 0, 0, 0, 0, 0, 0, 0, 0, 0, 0, 0;
 0, 0, 0, 0.0009746158, 0, 0, 0, 0, 0, 0, 0, 0, 0, 0, 0;
 0, 0, 0, 0, 0.0019051023, 0, 0, 0, 0, 0, 0, 0, 0, 0, 0;
 0, 0, 0, 0, 0, 0.001876031, 0, 0, 0, 0, 0, 0, 0, 0, 0;
 0, 0, 0, 0, 0, 0, 0.00039214196, 0, 0, 0, 0, 0, 0, 0, 0;
 0, 0, 0, 0, 0, 0, 0, 0.0012703515, 0, 0, 0, 0, 0, 0, 0;
 0, 0, 0, 0, 0, 0, 0, 0, 0.09843263, 0, 0, 0, 0, 0, 0;
 0, 0, 0, 0, 0, 0, 0, 0, 0, 0.0034801485, 0, 0, 0, 0, 0;
 0, 0, 0, 0, 0, 0, 0, 0, 0, 0, 0.0030967039, 0, 0, 0, 0;
 0, 0, 0, 0, 0, 0, 0, 0, 0, 0, 0, 0.16835454, 0, 0, 0;
 0, 0, 0, 0, 0, 0, 0, 0, 0, 0, 0, 0, 0.018470732, 0, 0;
 0, 0, 0, 0, 0, 0, 0, 0, 0, 0, 0, 0, 0, 0.039571691, 0;
 0, 0, 0, 0, 0, 0, 0, 0, 0, 0, 0, 0, 0, 0, 0.1100245]
deltaeye=
[0.00053203048, 0, 0, 0, 0, 0, 0, 0, 0, 0, 0, 0, 0, 0, 0;
 0, 0.0017367341, 0, 0, 0, 0, 0, 0, 0, 0, 0, 0, 0, 0, 0;
 0, 0, 0.02061522, 0, 0, 0, 0, 0, 0, 0, 0, 0, 0, 0, 0;
 0, 0, 0, 0.0023433378, 0, 0, 0, 0, 0, 0, 0, 0, 0, 0, 0;
 0, 0, 0, 0, 0.00036484178, 0, 0, 0, 0, 0, 0, 0, 0, 0, 0;
 0, 0, 0, 0, 0, 0.0047321664, 0, 0, 0, 0, 0, 0, 0, 0, 0;
 0, 0, 0, 0, 0, 0, 0.0051810746, 0, 0, 0, 0, 0, 0, 0, 0;
 0, 0, 0, 0, 0, 0, 0, 0.00040062406, 0, 0, 0, 0, 0, 0, 0;
 0, 0, 0, 0, 0, 0, 0, 0, 0.00075720414, 0, 0, 0, 0, 0, 0;
 0, 0, 0, 0, 0, 0, 0, 0, 0, 0.0014914564, 0, 0, 0, 0, 0;
 0, 0, 0, 0, 0, 0, 0, 0, 0, 0, 0.0025407998, 0, 0, 0, 0;
 0, 0, 0, 0, 0, 0, 0, 0, 0, 0, 0, 0.05244118, 0, 0, 0;
 0, 0, 0, 0, 0, 0, 0, 0, 0, 0, 0, 0, 0.01762218, 0, 0;
 0, 0, 0, 0, 0, 0, 0, 0, 0, 0, 0, 0, 0, 0.049305879, 0;
 0, 0, 0, 0, 0, 0, 0, 0, 0, 0, 0, 0, 0, 0, 2.2260511]
deltaeye=
[0.00069395558, 0, 0, 0, 0, 0, 0, 0, 0, 0, 0, 0, 0, 0, 0;
 0, 0.0042351228, 0, 0, 0, 0, 0, 0, 0, 0, 0, 0, 0, 0, 0;
 0, 0, 0.060153648, 0, 0, 0, 0, 0, 0, 0, 0, 0, 0, 0, 0;
 0, 0, 0, 0.010285669, 0, 0, 0, 0, 0, 0, 0, 0, 0, 0, 0;
 0, 0, 0, 0, 0.0072345291, 0, 0, 0, 0, 0, 0, 0, 0, 0, 0;
 0, 0, 0, 0, 0, 0.34582275, 0, 0, 0, 0, 0, 0, 0, 0, 0;
 0, 0, 0, 0, 0, 0, 0.0064311214, 0, 0, 0, 0, 0, 0, 0, 0;
 0, 0, 0, 0, 0, 0, 0, 0.00010722088, 0, 0, 0, 0, 0, 0, 0;
 0, 0, 0, 0, 0, 0, 0, 0, 0.075062811, 0, 0, 0, 0, 0, 0;
 0, 0, 0, 0, 0, 0, 0, 0, 0, 0.0027914792, 0, 0, 0, 0, 0;
 0, 0, 0, 0, 0, 0, 0, 0, 0, 0, 0.0046908222, 0, 0, 0, 0;
 0, 0, 0, 0, 0, 0, 0, 0, 0, 0, 0, 0.27928147, 0, 0, 0;
 0, 0, 0, 0, 0, 0, 0, 0, 0, 0, 0, 0, 0.029448532, 0, 0;
 0, 0, 0, 0, 0, 0, 0, 0, 0, 0, 0, 0, 0, 0.032641653, 0;
 0, 0, 0, 0, 0, 0, 0, 0, 0, 0, 0, 0, 0, 0, 0.11882756]
deltaeye=
[0.0020001926, 0, 0, 0, 0, 0, 0, 0, 0, 0, 0, 0, 0, 0, 0;
 0, 0.0020552909, 0, 0, 0, 0, 0, 0, 0, 0, 0, 0, 0, 0, 0;
 0, 0, 0.0001440232, 0, 0, 0, 0, 0, 0, 0, 0, 0, 0, 0, 0;
 0, 0, 0, 0.0041038166, 0, 0, 0, 0, 0, 0, 0, 0, 0, 0, 0;
 0, 0, 0, 0, 0.0031560382, 0, 0, 0, 0, 0, 0, 0, 0, 0, 0;
 0, 0, 0, 0, 0, 0.10799293, 0, 0, 0, 0, 0, 0, 0, 0, 0;
 0, 0, 0, 0, 0, 0, 0.0006350436, 0, 0, 0, 0, 0, 0, 0, 0;
 0, 0, 0, 0, 0, 0, 0, 0.00014006042, 0, 0, 0, 0, 0, 0, 0;
 0, 0, 0, 0, 0, 0, 0, 0, 0.0315965, 0, 0, 0, 0, 0, 0;
 0, 0, 0, 0, 0, 0, 0, 0, 0, 0.0058459267, 0, 0, 0, 0, 0;
 0, 0, 0, 0, 0, 0, 0, 0, 0, 0, 0.0034907106, 0, 0, 0, 0;
 0, 0, 0, 0, 0, 0, 0, 0, 0, 0, 0, 0.07182274, 0, 0, 0;
 0, 0, 0, 0, 0, 0, 0, 0, 0, 0, 0, 0, 0.030076552, 0, 0;
 0, 0, 0, 0, 0, 0, 0, 0, 0, 0, 0, 0, 0, 0.038089231, 0;
 0, 0, 0, 0, 0, 0, 0, 0, 0, 0, 0, 0, 0, 0, 0.67895055]
deltaeye=
[0.006672747, 0, 0, 0, 0, 0, 0, 0, 0, 0, 0, 0, 0, 0, 0;
 0, 0.0038484395, 0, 0, 0, 0, 0, 0, 0, 0, 0, 0, 0, 0, 0;
 0, 0, 0.010664225, 0, 0, 0, 0, 0, 0, 0, 0, 0, 0, 0, 0;
 0, 0, 0, 0.0040741516, 0, 0, 0, 0, 0, 0, 0, 0, 0, 0, 0;
 0, 0, 0, 0, 0.0017343947, 0, 0, 0, 0, 0, 0, 0, 0, 0, 0;
 0, 0, 0, 0, 0, 0.12008409, 0, 0, 0, 0, 0, 0, 0, 0, 0;
 0, 0, 0, 0, 0, 0, 7.9666999e-05, 0, 0, 0, 0, 0, 0, 0, 0;
 0, 0, 0, 0, 0, 0, 0, 0.00049247377, 0, 0, 0, 0, 0, 0, 0;
 0, 0, 0, 0, 0, 0, 0, 0, 0.071625493, 0, 0, 0, 0, 0, 0;
 0, 0, 0, 0, 0, 0, 0, 0, 0, 0.012469104, 0, 0, 0, 0, 0;
 0, 0, 0, 0, 0, 0, 0, 0, 0, 0, 0.0040918207, 0, 0, 0, 0;
 0, 0, 0, 0, 0, 0, 0, 0, 0, 0, 0, 0.08086966, 0, 0, 0;
 0, 0, 0, 0, 0, 0, 0, 0, 0, 0, 0, 0, 0.01574688, 0, 0;
 0, 0, 0, 0, 0, 0, 0, 0, 0, 0, 0, 0, 0, 0.055855017, 0;
 0, 0, 0, 0, 0, 0, 0, 0, 0, 0, 0, 0, 0, 0, 0.67458892]
deltaeye=
[0.0022616619, 0, 0, 0, 0, 0, 0, 0, 0, 0, 0, 0, 0, 0, 0;
 0, 0.0037724252, 0, 0, 0, 0, 0, 0, 0, 0, 0, 0, 0, 0, 0;
 0, 0, 0.0037149373, 0, 0, 0, 0, 0, 0, 0, 0, 0, 0, 0, 0;
 0, 0, 0, 0.015642935, 0, 0, 0, 0, 0, 0, 0, 0, 0, 0, 0;
 0, 0, 0, 0, 0.0085522635, 0, 0, 0, 0, 0, 0, 0, 0, 0, 0;
 0, 0, 0, 0, 0, 0.38594893, 0, 0, 0, 0, 0, 0, 0, 0, 0;
 0, 0, 0, 0, 0, 0, 4.9381899e-05, 0, 0, 0, 0, 0, 0, 0, 0;
 0, 0, 0, 0, 0, 0, 0, 0.0013586988, 0, 0, 0, 0, 0, 0, 0;
 0, 0, 0, 0, 0, 0, 0, 0, 0.092286959, 0, 0, 0, 0, 0, 0;
 0, 0, 0, 0, 0, 0, 0, 0, 0, 0.017749229, 0, 0, 0, 0, 0;
 0, 0, 0, 0, 0, 0, 0, 0, 0, 0, 0.0012074206, 0, 0, 0, 0;
 0, 0, 0, 0, 0, 0, 0, 0, 0, 0, 0, 0.021320324, 0, 0, 0;
 0, 0, 0, 0, 0, 0, 0, 0, 0, 0, 0, 0, 0.009736429, 0, 0;
 0, 0, 0, 0, 0, 0, 0, 0, 0, 0, 0, 0, 0, 0.050949536, 0;
 0, 0, 0, 0, 0, 0, 0, 0, 0, 0, 0, 0, 0, 0, 0.74876171]
deltaeye=
[0.011934977, 0, 0, 0, 0, 0, 0, 0, 0, 0, 0, 0, 0, 0, 0;
 0, 0.0047187461, 0, 0, 0, 0, 0, 0, 0, 0, 0, 0, 0, 0, 0;
 0, 0, 0.0050744731, 0, 0, 0, 0, 0, 0, 0, 0, 0, 0, 0, 0;
 0, 0, 0, 7.3267841, 0, 0, 0, 0, 0, 0, 0, 0, 0, 0, 0;
 0, 0, 0, 0, 2.6957994, 0, 0, 0, 0, 0, 0, 0, 0, 0, 0;
 0, 0, 0, 0, 0, 140.94405, 0, 0, 0, 0, 0, 0, 0, 0, 0;
 0, 0, 0, 0, 0, 0, 0.0090272194, 0, 0, 0, 0, 0, 0, 0, 0;
 0, 0, 0, 0, 0, 0, 0, 0.0022784763, 0, 0, 0, 0, 0, 0, 0;
 0, 0, 0, 0, 0, 0, 0, 0, 0.17309837, 0, 0, 0, 0, 0, 0;
 0, 0, 0, 0, 0, 0, 0, 0, 0, 0.024710741, 0, 0, 0, 0, 0;
 0, 0, 0, 0, 0, 0, 0, 0, 0, 0, 0.0030207816, 0, 0, 0, 0;
 0, 0, 0, 0, 0, 0, 0, 0, 0, 0, 0, 0.16472121, 0, 0, 0;
 0, 0, 0, 0, 0, 0, 0, 0, 0, 0, 0, 0, 0.0052545448, 0, 0;
 0, 0, 0, 0, 0, 0, 0, 0, 0, 0, 0, 0, 0, 0.048088051, 0;
 0, 0, 0, 0, 0, 0, 0, 0, 0, 0, 0, 0, 0, 0, 0.50975323]
deltaeye=
[4.9525919, 0, 0, 0, 0, 0, 0, 0, 0, 0, 0, 0, 0, 0, 0;
 0, 0.070029885, 0, 0, 0, 0, 0, 0, 0, 0, 0, 0, 0, 0, 0;
 0, 0, 3.8290143, 0, 0, 0, 0, 0, 0, 0, 0, 0, 0, 0, 0;
 0, 0, 0, 2.2604244, 0, 0, 0, 0, 0, 0, 0, 0, 0, 0, 0;
 0, 0, 0, 0, 1.7505667, 0, 0, 0, 0, 0, 0, 0, 0, 0, 0;
 0, 0, 0, 0, 0, 81.030617, 0, 0, 0, 0, 0, 0, 0, 0, 0;
 0, 0, 0, 0, 0, 0, 0.35059303, 0, 0, 0, 0, 0, 0, 0, 0;
 0, 0, 0, 0, 0, 0, 0, 0.067816071, 0, 0, 0, 0, 0, 0, 0;
 0, 0, 0, 0, 0, 0, 0, 0, 2.0323203, 0, 0, 0, 0, 0, 0;
 0, 0, 0, 0, 0, 0, 0, 0, 0, 0.062978841, 0, 0, 0, 0, 0;
 0, 0, 0, 0, 0, 0, 0, 0, 0, 0, 0.073073335, 0, 0, 0, 0;
 0, 0, 0, 0, 0, 0, 0, 0, 0, 0, 0, 6.1950264, 0, 0, 0;
 0, 0, 0, 0, 0, 0, 0, 0, 0, 0, 0, 0, 1.4642768, 0, 0;
 0, 0, 0, 0, 0, 0, 0, 0, 0, 0, 0, 0, 0, 0.2876026, 0;
 0, 0, 0, 0, 0, 0, 0, 0, 0, 0, 0, 0, 0, 0, 9.569108]
deltaeye=
[3.93976, 0, 0, 0, 0, 0, 0, 0, 0, 0, 0, 0, 0, 0, 0;
 0, 0.053615071, 0, 0, 0, 0, 0, 0, 0, 0, 0, 0, 0, 0, 0;
 0, 0, 3.8381128, 0, 0, 0, 0, 0, 0, 0, 0, 0, 0, 0, 0;
 0, 0, 0, 1.2730137, 0, 0, 0, 0, 0, 0, 0, 0, 0, 0, 0;
 0, 0, 0, 0, 0.069631658, 0, 0, 0, 0, 0, 0, 0, 0, 0, 0;
 0, 0, 0, 0, 0, 5.8310266, 0, 0, 0, 0, 0, 0, 0, 0, 0;
 0, 0, 0, 0, 0, 0, 0.3547754, 0, 0, 0, 0, 0, 0, 0, 0;
 0, 0, 0, 0, 0, 0, 0, 0.072545268, 0, 0, 0, 0, 0, 0, 0;
 0, 0, 0, 0, 0, 0, 0, 0, 2.7196815, 0, 0, 0, 0, 0, 0;
 0, 0, 0, 0, 0, 0, 0, 0, 0, 0.11694455, 0, 0, 0, 0, 0;
 0, 0, 0, 0, 0, 0, 0, 0, 0, 0, 0.072144635, 0, 0, 0, 0;
 0, 0, 0, 0, 0, 0, 0, 0, 0, 0, 0, 5.8901973, 0, 0, 0;
 0, 0, 0, 0, 0, 0, 0, 0, 0, 0, 0, 0, 0.75976437, 0, 0;
 0, 0, 0, 0, 0, 0, 0, 0, 0, 0, 0, 0, 0, 0.28569552, 0;
 0, 0, 0, 0, 0, 0, 0, 0, 0, 0, 0, 0, 0, 0, 9.3884621]
deltaeye=
[0.0045920485, 0, 0, 0, 0, 0, 0, 0, 0, 0, 0, 0, 0, 0, 0;
 0, 0.0043337187, 0, 0, 0, 0, 0, 0, 0, 0, 0, 0, 0, 0, 0;
 0, 0, 0.021451902, 0, 0, 0, 0, 0, 0, 0, 0, 0, 0, 0, 0;
 0, 0, 0, 0.028649829, 0, 0, 0, 0, 0, 0, 0, 0, 0, 0, 0;
 0, 0, 0, 0, 0.0039101723, 0, 0, 0, 0, 0, 0, 0, 0, 0, 0;
 0, 0, 0, 0, 0, 0.17261082, 0, 0, 0, 0, 0, 0, 0, 0, 0;
 0, 0, 0, 0, 0, 0, 0.012418665, 0, 0, 0, 0, 0, 0, 0, 0;
 0, 0, 0, 0, 0, 0, 0, 0.00079150125, 0, 0, 0, 0, 0, 0, 0;
 0, 0, 0, 0, 0, 0, 0, 0, 0.22505528, 0, 0, 0, 0, 0, 0;
 0, 0, 0, 0, 0, 0, 0, 0, 0, 0.019483613, 0, 0, 0, 0, 0;
 0, 0, 0, 0, 0, 0, 0, 0, 0, 0, 0.0020245991, 0, 0, 0, 0;
 0, 0, 0, 0, 0, 0, 0, 0, 0, 0, 0, 0.058950979, 0, 0, 0;
 0, 0, 0, 0, 0, 0, 0, 0, 0, 0, 0, 0, 1.2253307e-05, 0, 0;
 0, 0, 0, 0, 0, 0, 0, 0, 0, 0, 0, 0, 0, 0.034298949, 0;
 0, 0, 0, 0, 0, 0, 0, 0, 0, 0, 0, 0, 0, 0, 1.0399123]
deltaeye=
[0.010878359, 0, 0, 0, 0, 0, 0, 0, 0, 0, 0, 0, 0, 0, 0;
 0, 0.004312811, 0, 0, 0, 0, 0, 0, 0, 0, 0, 0, 0, 0, 0;
 0, 0, 0.0070933849, 0, 0, 0, 0, 0, 0, 0, 0, 0, 0, 0, 0;
 0, 0, 0, 0.02127973, 0, 0, 0, 0, 0, 0, 0, 0, 0, 0, 0;
 0, 0, 0, 0, 0.0030005309, 0, 0, 0, 0, 0, 0, 0, 0, 0, 0;
 0, 0, 0, 0, 0, 0.13625282, 0, 0, 0, 0, 0, 0, 0, 0, 0;
 0, 0, 0, 0, 0, 0, 0.01140121, 0, 0, 0, 0, 0, 0, 0, 0;
 0, 0, 0, 0, 0, 0, 0, 0.0006212201, 0, 0, 0, 0, 0, 0, 0;
 0, 0, 0, 0, 0, 0, 0, 0, 0.24568613, 0, 0, 0, 0, 0, 0;
 0, 0, 0, 0, 0, 0, 0, 0, 0, 0.0049671615, 0, 0, 0, 0, 0;
 0, 0, 0, 0, 0, 0, 0, 0, 0, 0, 0.002618456, 0, 0, 0, 0;
 0, 0, 0, 0, 0, 0, 0, 0, 0, 0, 0, 0.11908609, 0, 0, 0;
 0, 0, 0, 0, 0, 0, 0, 0, 0, 0, 0, 0, 0.0021102105, 0, 0;
 0, 0, 0, 0, 0, 0, 0, 0, 0, 0, 0, 0, 0, 0.027149055, 0;
 0, 0, 0, 0, 0, 0, 0, 0, 0, 0, 0, 0, 0, 0, 0.032617137]
deltaeye=
[0.0095464988, 0, 0, 0, 0, 0, 0, 0, 0, 0, 0, 0, 0, 0, 0;
 0, 0.0031649396, 0, 0, 0, 0, 0, 0, 0, 0, 0, 0, 0, 0, 0;
 0, 0, 0.048290454, 0, 0, 0, 0, 0, 0, 0, 0, 0, 0, 0, 0;
 0, 0, 0, 0.011099093, 0, 0, 0, 0, 0, 0, 0, 0, 0, 0, 0;
 0, 0, 0, 0, 0.0023500277, 0, 0, 0, 0, 0, 0, 0, 0, 0, 0;
 0, 0, 0, 0, 0, 0.031628076, 0, 0, 0, 0, 0, 0, 0, 0, 0;
 0, 0, 0, 0, 0, 0, 0.015511163, 0, 0, 0, 0, 0, 0, 0, 0;
 0, 0, 0, 0, 0, 0, 0, 0.0036803356, 0, 0, 0, 0, 0, 0, 0;
 0, 0, 0, 0, 0, 0, 0, 0, 0.28183794, 0, 0, 0, 0, 0, 0;
 0, 0, 0, 0, 0, 0, 0, 0, 0, 0.0028394107, 0, 0, 0, 0, 0;
 0, 0, 0, 0, 0, 0, 0, 0, 0, 0, 0.0033837303, 0, 0, 0, 0;
 0, 0, 0, 0, 0, 0, 0, 0, 0, 0, 0, 0.13236211, 0, 0, 0;
 0, 0, 0, 0, 0, 0, 0, 0, 0, 0, 0, 0, 0.0058530075, 0, 0;
 0, 0, 0, 0, 0, 0, 0, 0, 0, 0, 0, 0, 0, 0.034483835, 0;
 0, 0, 0, 0, 0, 0, 0, 0, 0, 0, 0, 0, 0, 0, 1.0203972]
deltaeye=
[9.1079807, 0, 0, 0, 0, 0, 0, 0, 0, 0, 0, 0;
 0, 2.630882, 0, 0, 0, 0, 0, 0, 0, 0, 0, 0;
 0, 0, 131.99522, 0, 0, 0, 0, 0, 0, 0, 0, 0;
 0, 0, 0, 0.01476098, 0, 0, 0, 0, 0, 0, 0, 0;
 0, 0, 0, 0, 0.0023203292, 0, 0, 0, 0, 0, 0, 0;
 0, 0, 0, 0, 0, 0.23639783, 0, 0, 0, 0, 0, 0;
 0, 0, 0, 0, 0, 0, 0.021990398, 0, 0, 0, 0, 0;
 0, 0, 0, 0, 0, 0, 0, 0.0019183701, 0, 0, 0, 0;
 0, 0, 0, 0, 0, 0, 0, 0, 0.086372383, 0, 0, 0;
 0, 0, 0, 0, 0, 0, 0, 0, 0, 0.00029289711, 0, 0;
 0, 0, 0, 0, 0, 0, 0, 0, 0, 0, 0.033014987, 0;
 0, 0, 0, 0, 0, 0, 0, 0, 0, 0, 0, 0.32343405]
deltaeye=
[8.1123514, 0, 0, 0, 0, 0, 0, 0, 0, 0, 0, 0;
 0, 0.11233839, 0, 0, 0, 0, 0, 0, 0, 0, 0, 0;
 0, 0, 10.404621, 0, 0, 0, 0, 0, 0, 0, 0, 0;
 0, 0, 0, 2.2883768, 0, 0, 0, 0, 0, 0, 0, 0;
 0, 0, 0, 0, 0.11922328, 0, 0, 0, 0, 0, 0, 0;
 0, 0, 0, 0, 0, 2.4721365, 0, 0, 0, 0, 0, 0;
 0, 0, 0, 0, 0, 0, 0.54606581, 0, 0, 0, 0, 0;
 0, 0, 0, 0, 0, 0, 0, 0.11510145, 0, 0, 0, 0;
 0, 0, 0, 0, 0, 0, 0, 0, 10.162037, 0, 0, 0;
 0, 0, 0, 0, 0, 0, 0, 0, 0, 3.3941019, 0, 0;
 0, 0, 0, 0, 0, 0, 0, 0, 0, 0, 0.32508039, 0;
 0, 0, 0, 0, 0, 0, 0, 0, 0, 0, 0, 12.036971]
deltaeye=
[0.011737712, 0, 0, 0, 0, 0, 0, 0, 0, 0, 0, 0;
 0, 0.0052308002, 0, 0, 0, 0, 0, 0, 0, 0, 0, 0;
 0, 0, 0.066951625, 0, 0, 0, 0, 0, 0, 0, 0, 0;
 0, 0, 0, 0.30878299, 0, 0, 0, 0, 0, 0, 0, 0;
 0, 0, 0, 0, 0.0039161053, 0, 0, 0, 0, 0, 0, 0;
 0, 0, 0, 0, 0, 0.10086804, 0, 0, 0, 0, 0, 0;
 0, 0, 0, 0, 0, 0, 0.013506108, 0, 0, 0, 0, 0;
 0, 0, 0, 0, 0, 0, 0, 0.0041933088, 0, 0, 0, 0;
 0, 0, 0, 0, 0, 0, 0, 0, 0.12209257, 0, 0, 0;
 0, 0, 0, 0, 0, 0, 0, 0, 0, 0.016890947, 0, 0;
 0, 0, 0, 0, 0, 0, 0, 0, 0, 0, 0.027924564, 0;
 0, 0, 0, 0, 0, 0, 0, 0, 0, 0, 0, 0.015914451]
deltaeye=
[0.020074045, 0, 0, 0, 0, 0, 0, 0, 0, 0, 0, 0;
 0, 0.0037410299, 0, 0, 0, 0, 0, 0, 0, 0, 0, 0;
 0, 0, 0.081838444, 0, 0, 0, 0, 0, 0, 0, 0, 0;
 0, 0, 0, 0.33203185, 0, 0, 0, 0, 0, 0, 0, 0;
 0, 0, 0, 0, 0.0055243433, 0, 0, 0, 0, 0, 0, 0;
 0, 0, 0, 0, 0, 0.22407505, 0, 0, 0, 0, 0, 0;
 0, 0, 0, 0, 0, 0, 0.021004882, 0, 0, 0, 0, 0;
 0, 0, 0, 0, 0, 0, 0, 0.0039553363, 0, 0, 0, 0;
 0, 0, 0, 0, 0, 0, 0, 0, 0.102314, 0, 0, 0;
 0, 0, 0, 0, 0, 0, 0, 0, 0, 0.060859799, 0, 0;
 0, 0, 0, 0, 0, 0, 0, 0, 0, 0, 0.030103266, 0;
 0, 0, 0, 0, 0, 0, 0, 0, 0, 0, 0, 0.0004470977]
deltaeye=
[0.037133947, 0, 0, 0, 0, 0, 0, 0, 0, 0, 0, 0;
 0, 0.0017663005, 0, 0, 0, 0, 0, 0, 0, 0, 0, 0;
 0, 0, 0.14554037, 0, 0, 0, 0, 0, 0, 0, 0, 0;
 0, 0, 0, 0.26303574, 0, 0, 0, 0, 0, 0, 0, 0;
 0, 0, 0, 0, 0.0033745354, 0, 0, 0, 0, 0, 0, 0;
 0, 0, 0, 0, 0, 0.045626733, 0, 0, 0, 0, 0, 0;
 0, 0, 0, 0, 0, 0, 0.011238964, 0, 0, 0, 0, 0;
 0, 0, 0, 0, 0, 0, 0, 0.0040659872, 0, 0, 0, 0;
 0, 0, 0, 0, 0, 0, 0, 0, 0.086309455, 0, 0, 0;
 0, 0, 0, 0, 0, 0, 0, 0, 0, 0.09021958, 0, 0;
 0, 0, 0, 0, 0, 0, 0, 0, 0, 0, 0.0185814, 0;
 0, 0, 0, 0, 0, 0, 0, 0, 0, 0, 0, 0.12923941]
deltaeye=
[0.031733949, 0, 0, 0, 0, 0, 0, 0, 0, 0, 0, 0;
 0, 0.001238508, 0, 0, 0, 0, 0, 0, 0, 0, 0, 0;
 0, 0, 0.12561837, 0, 0, 0, 0, 0, 0, 0, 0, 0;
 0, 0, 0, 0.18539034, 0, 0, 0, 0, 0, 0, 0, 0;
 0, 0, 0, 0, 0.0076690484, 0, 0, 0, 0, 0, 0, 0;
 0, 0, 0, 0, 0, 0.21930507, 0, 0, 0, 0, 0, 0;
 0, 0, 0, 0, 0, 0, 0.0035132372, 0, 0, 0, 0, 0;
 0, 0, 0, 0, 0, 0, 0, 0.006803859, 0, 0, 0, 0;
 0, 0, 0, 0, 0, 0, 0, 0, 0.049636394, 0, 0, 0;
 0, 0, 0, 0, 0, 0, 0, 0, 0, 0.0058693895, 0, 0;
 0, 0, 0, 0, 0, 0, 0, 0, 0, 0, 0.017072611, 0;
 0, 0, 0, 0, 0, 0, 0, 0, 0, 0, 0, 0.011861335]
deltaeye=
[0.16380267, 0, 0, 0, 0, 0, 0, 0, 0, 0, 0, 0;
 0, 0.0032897897, 0, 0, 0, 0, 0, 0, 0, 0, 0, 0;
 0, 0, 0.0032644286, 0, 0, 0, 0, 0, 0, 0, 0, 0;
 0, 0, 0, 0.097996883, 0, 0, 0, 0, 0, 0, 0, 0;
 0, 0, 0, 0, 0.0040847133, 0, 0, 0, 0, 0, 0, 0;
 0, 0, 0, 0, 0, 0.068751357, 0, 0, 0, 0, 0, 0;
 0, 0, 0, 0, 0, 0, 0.0035412349, 0, 0, 0, 0, 0;
 0, 0, 0, 0, 0, 0, 0, 0.0068420302, 0, 0, 0, 0;
 0, 0, 0, 0, 0, 0, 0, 0, 0.17904457, 0, 0, 0;
 0, 0, 0, 0, 0, 0, 0, 0, 0, 0.0056981901, 0, 0;
 0, 0, 0, 0, 0, 0, 0, 0, 0, 0, 0.010230524, 0;
 0, 0, 0, 0, 0, 0, 0, 0, 0, 0, 0, 0.00017741969]
deltaeye=
[0.087181762, 0, 0, 0, 0, 0, 0, 0, 0, 0, 0, 0;
 0, 0.0010914715, 0, 0, 0, 0, 0, 0, 0, 0, 0, 0;
 0, 0, 0.015324813, 0, 0, 0, 0, 0, 0, 0, 0, 0;
 0, 0, 0, 0.10009325, 0, 0, 0, 0, 0, 0, 0, 0;
 0, 0, 0, 0, 0.00075301912, 0, 0, 0, 0, 0, 0, 0;
 0, 0, 0, 0, 0, 0.15019824, 0, 0, 0, 0, 0, 0;
 0, 0, 0, 0, 0, 0, 0.012434131, 0, 0, 0, 0, 0;
 0, 0, 0, 0, 0, 0, 0, 0.00071975496, 0, 0, 0, 0;
 0, 0, 0, 0, 0, 0, 0, 0, 0.055819895, 0, 0, 0;
 0, 0, 0, 0, 0, 0, 0, 0, 0, 0.022721743, 0, 0;
 0, 0, 0, 0, 0, 0, 0, 0, 0, 0, 0.026361845, 0;
 0, 0, 0, 0, 0, 0, 0, 0, 0, 0, 0, 0.00097506429]
deltaeye=
[0.064821519, 0, 0, 0, 0, 0, 0, 0, 0, 0, 0, 0;
 0, 4.2224274e-05, 0, 0, 0, 0, 0, 0, 0, 0, 0, 0;
 0, 0, 0.18955499, 0, 0, 0, 0, 0, 0, 0, 0, 0;
 0, 0, 0, 0.087154672, 0, 0, 0, 0, 0, 0, 0, 0;
 0, 0, 0, 0, 0.00064971391, 0, 0, 0, 0, 0, 0, 0;
 0, 0, 0, 0, 0, 0.090133652, 0, 0, 0, 0, 0, 0;
 0, 0, 0, 0, 0, 0, 0.011716075, 0, 0, 0, 0, 0;
 0, 0, 0, 0, 0, 0, 0, 0.0021483738, 0, 0, 0, 0;
 0, 0, 0, 0, 0, 0, 0, 0, 0.013088174, 0, 0, 0;
 0, 0, 0, 0, 0, 0, 0, 0, 0, 0.028419642, 0, 0;
 0, 0, 0, 0, 0, 0, 0, 0, 0, 0, 0.017870383, 0;
 0, 0, 0, 0, 0, 0, 0, 0, 0, 0, 0, 0.0070540658]
deltaeye=
[0.17903186, 0, 0, 0, 0, 0, 0, 0, 0, 0, 0, 0;
 0, 0.003553913, 0, 0, 0, 0, 0, 0, 0, 0, 0, 0;
 0, 0, 0.0029140019, 0, 0, 0, 0, 0, 0, 0, 0, 0;
 0, 0, 0, 0.055231161, 0, 0, 0, 0, 0, 0, 0, 0;
 0, 0, 0, 0, 0.0019973686, 0, 0, 0, 0, 0, 0, 0;
 0, 0, 0, 0, 0, 0.097405329, 0, 0, 0, 0, 0, 0;
 0, 0, 0, 0, 0, 0, 0.0140033, 0, 0, 0, 0, 0;
 0, 0, 0, 0, 0, 0, 0, 0.0044275918, 0, 0, 0, 0;
 0, 0, 0, 0, 0, 0, 0, 0, 0.048292752, 0, 0, 0;
 0, 0, 0, 0, 0, 0, 0, 0, 0, 0.0046224068, 0, 0;
 0, 0, 0, 0, 0, 0, 0, 0, 0, 0, 0.015215688, 0;
 0, 0, 0, 0, 0, 0, 0, 0, 0, 0, 0, 0.024865095]
deltaeye=
[0.092564873, 0, 0, 0, 0, 0, 0, 0, 0, 0, 0, 0;
 0, 0.0016681468, 0, 0, 0, 0, 0, 0, 0, 0, 0, 0;
 0, 0, 0.0080295317, 0, 0, 0, 0, 0, 0, 0, 0, 0;
 0, 0, 0, 0.07168588, 0, 0, 0, 0, 0, 0, 0, 0;
 0, 0, 0, 0, 5.4795804e-05, 0, 0, 0, 0, 0, 0, 0;
 0, 0, 0, 0, 0, 0.066881023, 0, 0, 0, 0, 0, 0;
 0, 0, 0, 0, 0, 0, 0.0080011804, 0, 0, 0, 0, 0;
 0, 0, 0, 0, 0, 0, 0, 0.0030163601, 0, 0, 0, 0;
 0, 0, 0, 0, 0, 0, 0, 0, 0.015173714, 0, 0, 0;
 0, 0, 0, 0, 0, 0, 0, 0, 0, 0.017100297, 0, 0;
 0, 0, 0, 0, 0, 0, 0, 0, 0, 0, 0.017102025, 0;
 0, 0, 0, 0, 0, 0, 0, 0, 0, 0, 0, 0.064023383]
deltaeye=
[0.043799244, 0, 0, 0, 0, 0, 0, 0, 0, 0, 0, 0;
 0, 0.00018278218, 0, 0, 0, 0, 0, 0, 0, 0, 0, 0;
 0, 0, 0.077969454, 0, 0, 0, 0, 0, 0, 0, 0, 0;
 0, 0, 0, 0.046301033, 0, 0, 0, 0, 0, 0, 0, 0;
 0, 0, 0, 0, 0.00026213069, 0, 0, 0, 0, 0, 0, 0;
 0, 0, 0, 0, 0, 0.029035943, 0, 0, 0, 0, 0, 0;
 0, 0, 0, 0, 0, 0, 0.026254788, 0, 0, 0, 0, 0;
 0, 0, 0, 0, 0, 0, 0, 0.0025586116, 0, 0, 0, 0;
 0, 0, 0, 0, 0, 0, 0, 0, 0.16331442, 0, 0, 0;
 0, 0, 0, 0, 0, 0, 0, 0, 0, 0.033265516, 0, 0;
 0, 0, 0, 0, 0, 0, 0, 0, 0, 0, 0.013793744, 0;
 0, 0, 0, 0, 0, 0, 0, 0, 0, 0, 0, 0.081242181]
deltaeye=
[0.061422504, 0, 0, 0, 0, 0, 0, 0, 0, 0, 0, 0;
 0, 0.0013149292, 0, 0, 0, 0, 0, 0, 0, 0, 0, 0;
 0, 0, 7.5490607e-06, 0, 0, 0, 0, 0, 0, 0, 0, 0;
 0, 0, 0, 0.054051526, 0, 0, 0, 0, 0, 0, 0, 0;
 0, 0, 0, 0, 0.00035231124, 0, 0, 0, 0, 0, 0, 0;
 0, 0, 0, 0, 0, 0.083534583, 0, 0, 0, 0, 0, 0;
 0, 0, 0, 0, 0, 0, 0.01035379, 0, 0, 0, 0, 0;
 0, 0, 0, 0, 0, 0, 0, 0.0056131068, 0, 0, 0, 0;
 0, 0, 0, 0, 0, 0, 0, 0, 0.1683567, 0, 0, 0;
 0, 0, 0, 0, 0, 0, 0, 0, 0, 0.016902376, 0, 0;
 0, 0, 0, 0, 0, 0, 0, 0, 0, 0, 0.0085189119, 0;
 0, 0, 0, 0, 0, 0, 0, 0, 0, 0, 0, 0.096021317]
deltaeye=
[0.058564328, 0, 0, 0, 0, 0, 0, 0, 0, 0, 0, 0;
 0, 0.0011256451, 0, 0, 0, 0, 0, 0, 0, 0, 0, 0;
 0, 0, 0.001855218, 0, 0, 0, 0, 0, 0, 0, 0, 0;
 0, 0, 0, 0.068787321, 0, 0, 0, 0, 0, 0, 0, 0;
 0, 0, 0, 0, 2.231534e-05, 0, 0, 0, 0, 0, 0, 0;
 0, 0, 0, 0, 0, 0.21906418, 0, 0, 0, 0, 0, 0;
 0, 0, 0, 0, 0, 0, 0.012867556, 0, 0, 0, 0, 0;
 0, 0, 0, 0, 0, 0, 0, 0.0017414856, 0, 0, 0, 0;
 0, 0, 0, 0, 0, 0, 0, 0, 0.16549377, 0, 0, 0;
 0, 0, 0, 0, 0, 0, 0, 0, 0, 0.025615748, 0, 0;
 0, 0, 0, 0, 0, 0, 0, 0, 0, 0, 0.020208502, 0;
 0, 0, 0, 0, 0, 0, 0, 0, 0, 0, 0, 0.04976682]
deltaeye=
[0.047594216, 0, 0, 0, 0, 0, 0, 0, 0, 0, 0, 0;
 0, 0.00028469306, 0, 0, 0, 0, 0, 0, 0, 0, 0, 0;
 0, 0, 0.014329227, 0, 0, 0, 0, 0, 0, 0, 0, 0;
 0, 0, 0, 0.058538809, 0, 0, 0, 0, 0, 0, 0, 0;
 0, 0, 0, 0, 0.00023066138, 0, 0, 0, 0, 0, 0, 0;
 0, 0, 0, 0, 0, 0.019065818, 0, 0, 0, 0, 0, 0;
 0, 0, 0, 0, 0, 0, 0.005739111, 0, 0, 0, 0, 0;
 0, 0, 0, 0, 0, 0, 0, 0.0033106543, 0, 0, 0, 0;
 0, 0, 0, 0, 0, 0, 0, 0, 0.058785591, 0, 0, 0;
 0, 0, 0, 0, 0, 0, 0, 0, 0, 0.0084187547, 0, 0;
 0, 0, 0, 0, 0, 0, 0, 0, 0, 0, 0.015701583, 0;
 0, 0, 0, 0, 0, 0, 0, 0, 0, 0, 0, 0.16958918]
deltaeye=
[0.038431745, 0, 0, 0, 0, 0, 0, 0, 0, 0, 0, 0;
 0, 0.00095010729, 0, 0, 0, 0, 0, 0, 0, 0, 0, 0;
 0, 0, 1.3705901e-05, 0, 0, 0, 0, 0, 0, 0, 0, 0;
 0, 0, 0, 0.051836394, 0, 0, 0, 0, 0, 0, 0, 0;
 0, 0, 0, 0, 0.00014757489, 0, 0, 0, 0, 0, 0, 0;
 0, 0, 0, 0, 0, 0.10080667, 0, 0, 0, 0, 0, 0;
 0, 0, 0, 0, 0, 0, 0.0047610463, 0, 0, 0, 0, 0;
 0, 0, 0, 0, 0, 0, 0, 0.0019692793, 0, 0, 0, 0;
 0, 0, 0, 0, 0, 0, 0, 0, 0.07622432, 0, 0, 0;
 0, 0, 0, 0, 0, 0, 0, 0, 0, 0.02462082, 0, 0;
 0, 0, 0, 0, 0, 0, 0, 0, 0, 0, 0.010442734, 0;
 0, 0, 0, 0, 0, 0, 0, 0, 0, 0, 0, 0.036922116]
deltaeye=
[0.057982873, 0, 0, 0, 0, 0, 0, 0, 0, 0, 0, 0;
 0, 0.001527695, 0, 0, 0, 0, 0, 0, 0, 0, 0, 0;
 0, 0, 0.015820689, 0, 0, 0, 0, 0, 0, 0, 0, 0;
 0, 0, 0, 0.066946387, 0, 0, 0, 0, 0, 0, 0, 0;
 0, 0, 0, 0, 0.0013145859, 0, 0, 0, 0, 0, 0, 0;
 0, 0, 0, 0, 0, 0.21224689, 0, 0, 0, 0, 0, 0;
 0, 0, 0, 0, 0, 0, 0.0051596188, 0, 0, 0, 0, 0;
 0, 0, 0, 0, 0, 0, 0, 0.0036687087, 0, 0, 0, 0;
 0, 0, 0, 0, 0, 0, 0, 0, 0.1363396, 0, 0, 0;
 0, 0, 0, 0, 0, 0, 0, 0, 0, 0.020724246, 0, 0;
 0, 0, 0, 0, 0, 0, 0, 0, 0, 0, 0.021901734, 0;
 0, 0, 0, 0, 0, 0, 0, 0, 0, 0, 0, 0.27066457]
deltaeye=
[0.065799668, 0, 0, 0, 0, 0, 0, 0, 0, 0, 0, 0;
 0, 0.0049132151, 0, 0, 0, 0, 0, 0, 0, 0, 0, 0;
 0, 0, 0.077605605, 0, 0, 0, 0, 0, 0, 0, 0, 0;
 0, 0, 0, 0.077922247, 0, 0, 0, 0, 0, 0, 0, 0;
 0, 0, 0, 0, 0.00021712667, 0, 0, 0, 0, 0, 0, 0;
 0, 0, 0, 0, 0, 0.11855223, 0, 0, 0, 0, 0, 0;
 0, 0, 0, 0, 0, 0, 7.8806814e-05, 0, 0, 0, 0, 0;
 0, 0, 0, 0, 0, 0, 0, 0.0011697504, 0, 0, 0, 0;
 0, 0, 0, 0, 0, 0, 0, 0, 0.069663107, 0, 0, 0;
 0, 0, 0, 0, 0, 0, 0, 0, 0, 0.00092289771, 0, 0;
 0, 0, 0, 0, 0, 0, 0, 0, 0, 0, 0.020767879, 0;
 0, 0, 0, 0, 0, 0, 0, 0, 0, 0, 0, 0.40779367]
deltaeye=
[0.037006851, 0, 0, 0, 0, 0, 0, 0, 0, 0, 0, 0;
 0, 0.0061867596, 0, 0, 0, 0, 0, 0, 0, 0, 0, 0;
 0, 0, 0.089378573, 0, 0, 0, 0, 0, 0, 0, 0, 0;
 0, 0, 0, 0.1076169, 0, 0, 0, 0, 0, 0, 0, 0;
 0, 0, 0, 0, 0.0021107851, 0, 0, 0, 0, 0, 0, 0;
 0, 0, 0, 0, 0, 0.39643261, 0, 0, 0, 0, 0, 0;
 0, 0, 0, 0, 0, 0, 0.00013388069, 0, 0, 0, 0, 0;
 0, 0, 0, 0, 0, 0, 0, 0.0021978491, 0, 0, 0, 0;
 0, 0, 0, 0, 0, 0, 0, 0, 0.076843537, 0, 0, 0;
 0, 0, 0, 0, 0, 0, 0, 0, 0, 0.024514033, 0, 0;
 0, 0, 0, 0, 0, 0, 0, 0, 0, 0, 0.017211698, 0;
 0, 0, 0, 0, 0, 0, 0, 0, 0, 0, 0, 0.25130782]
deltaeye=
[0.061180659, 0, 0, 0, 0, 0, 0, 0, 0, 0, 0, 0;
 0, 0.002207157, 0, 0, 0, 0, 0, 0, 0, 0, 0, 0;
 0, 0, 0.035873521, 0, 0, 0, 0, 0, 0, 0, 0, 0;
 0, 0, 0, 0.067563079, 0, 0, 0, 0, 0, 0, 0, 0;
 0, 0, 0, 0, 4.8039881e-05, 0, 0, 0, 0, 0, 0, 0;
 0, 0, 0, 0, 0, 0.1320212, 0, 0, 0, 0, 0, 0;
 0, 0, 0, 0, 0, 0, 4.5837855e-06, 0, 0, 0, 0, 0;
 0, 0, 0, 0, 0, 0, 0, 0.0013650118, 0, 0, 0, 0;
 0, 0, 0, 0, 0, 0, 0, 0, 0.013614455, 0, 0, 0;
 0, 0, 0, 0, 0, 0, 0, 0, 0, 0.005507933, 0, 0;
 0, 0, 0, 0, 0, 0, 0, 0, 0, 0, 0.018376369, 0;
 0, 0, 0, 0, 0, 0, 0, 0, 0, 0, 0, 0.24268164]
deltaeye=
[0.043453388, 0, 0, 0, 0, 0, 0, 0, 0, 0, 0, 0;
 0, 0.0040804679, 0, 0, 0, 0, 0, 0, 0, 0, 0, 0;
 0, 0, 0.066136748, 0, 0, 0, 0, 0, 0, 0, 0, 0;
 0, 0, 0, 0.090654947, 0, 0, 0, 0, 0, 0, 0, 0;
 0, 0, 0, 0, 0.00078046776, 0, 0, 0, 0, 0, 0, 0;
 0, 0, 0, 0, 0, 0.20126756, 0, 0, 0, 0, 0, 0;
 0, 0, 0, 0, 0, 0, 0.00072071434, 0, 0, 0, 0, 0;
 0, 0, 0, 0, 0, 0, 0, 0.006270587, 0, 0, 0, 0;
 0, 0, 0, 0, 0, 0, 0, 0, 0.26759434, 0, 0, 0;
 0, 0, 0, 0, 0, 0, 0, 0, 0, 0.0067329993, 0, 0;
 0, 0, 0, 0, 0, 0, 0, 0, 0, 0, 0.014682718, 0;
 0, 0, 0, 0, 0, 0, 0, 0, 0, 0, 0, 0.29674104]
deltaeye=
[0.027499519, 0, 0, 0, 0, 0, 0, 0, 0, 0, 0, 0;
 0, 0.0020544326, 0, 0, 0, 0, 0, 0, 0, 0, 0, 0;
 0, 0, 0.016653623, 0, 0, 0, 0, 0, 0, 0, 0, 0;
 0, 0, 0, 0.088339612, 0, 0, 0, 0, 0, 0, 0, 0;
 0, 0, 0, 0, 0.00091519346, 0, 0, 0, 0, 0, 0, 0;
 0, 0, 0, 0, 0, 0.22466516, 0, 0, 0, 0, 0, 0;
 0, 0, 0, 0, 0, 0, 0.0014715397, 0, 0, 0, 0, 0;
 0, 0, 0, 0, 0, 0, 0, 0.0019548906, 0, 0, 0, 0;
 0, 0, 0, 0, 0, 0, 0, 0, 0.18210103, 0, 0, 0;
 0, 0, 0, 0, 0, 0, 0, 0, 0, 0.011567192, 0, 0;
 0, 0, 0, 0, 0, 0, 0, 0, 0, 0, 0.017789247, 0;
 0, 0, 0, 0, 0, 0, 0, 0, 0, 0, 0, 0.51654828]
deltaeye=
[0.017265996, 0, 0, 0, 0, 0, 0, 0, 0, 0, 0, 0;
 0, 4.7960715e-05, 0, 0, 0, 0, 0, 0, 0, 0, 0, 0;
 0, 0, 0.00012377407, 0, 0, 0, 0, 0, 0, 0, 0, 0;
 0, 0, 0, 0.098975003, 0, 0, 0, 0, 0, 0, 0, 0;
 0, 0, 0, 0, 0.00086534419, 0, 0, 0, 0, 0, 0, 0;
 0, 0, 0, 0, 0, 0.38876101, 0, 0, 0, 0, 0, 0;
 0, 0, 0, 0, 0, 0, 2.2085376e-05, 0, 0, 0, 0, 0;
 0, 0, 0, 0, 0, 0, 0, 0.0012534255, 0, 0, 0, 0;
 0, 0, 0, 0, 0, 0, 0, 0, 0.032035332, 0, 0, 0;
 0, 0, 0, 0, 0, 0, 0, 0, 0, 0.0062372931, 0, 0;
 0, 0, 0, 0, 0, 0, 0, 0, 0, 0, 0.01682239, 0;
 0, 0, 0, 0, 0, 0, 0, 0, 0, 0, 0, 0.64701587]
deltaeye=
[0.056000065, 0, 0, 0, 0, 0, 0, 0, 0, 0, 0, 0;
 0, 0.00028984452, 0, 0, 0, 0, 0, 0, 0, 0, 0, 0;
 0, 0, 0.023130491, 0, 0, 0, 0, 0, 0, 0, 0, 0;
 0, 0, 0, 0.059877403, 0, 0, 0, 0, 0, 0, 0, 0;
 0, 0, 0, 0, 0.00042457075, 0, 0, 0, 0, 0, 0, 0;
 0, 0, 0, 0, 0, 0.34835389, 0, 0, 0, 0, 0, 0;
 0, 0, 0, 0, 0, 0, 0.0041587725, 0, 0, 0, 0, 0;
 0, 0, 0, 0, 0, 0, 0, 0.0046632821, 0, 0, 0, 0;
 0, 0, 0, 0, 0, 0, 0, 0, 0.21451019, 0, 0, 0;
 0, 0, 0, 0, 0, 0, 0, 0, 0, 0.0032999734, 0, 0;
 0, 0, 0, 0, 0, 0, 0, 0, 0, 0, 0.013115977, 0;
 0, 0, 0, 0, 0, 0, 0, 0, 0, 0, 0, 0.66401243]
deltaeye=
[0.08056394, 0, 0, 0, 0, 0, 0, 0, 0, 0, 0, 0;
 0, 0.0044413647, 0, 0, 0, 0, 0, 0, 0, 0, 0, 0;
 0, 0, 0.14567044, 0, 0, 0, 0, 0, 0, 0, 0, 0;
 0, 0, 0, 0.039972544, 0, 0, 0, 0, 0, 0, 0, 0;
 0, 0, 0, 0, 6.544614e-05, 0, 0, 0, 0, 0, 0, 0;
 0, 0, 0, 0, 0, 0.10681431, 0, 0, 0, 0, 0, 0;
 0, 0, 0, 0, 0, 0, 0.0060163643, 0, 0, 0, 0, 0;
 0, 0, 0, 0, 0, 0, 0, 0.0099926135, 0, 0, 0, 0;
 0, 0, 0, 0, 0, 0, 0, 0, 0.60742486, 0, 0, 0;
 0, 0, 0, 0, 0, 0, 0, 0, 0, 0.0032417143, 0, 0;
 0, 0, 0, 0, 0, 0, 0, 0, 0, 0, 0.01132927, 0;
 0, 0, 0, 0, 0, 0, 0, 0, 0, 0, 0, 0.52039224]
deltaeye=
[0.005820768, 0, 0, 0, 0, 0, 0, 0, 0, 0, 0, 0;
 0, 0.0011263901, 0, 0, 0, 0, 0, 0, 0, 0, 0, 0;
 0, 0, 0.045895748, 0, 0, 0, 0, 0, 0, 0, 0, 0;
 0, 0, 0, 0.14188735, 0, 0, 0, 0, 0, 0, 0, 0;
 0, 0, 0, 0, 0.00026782486, 0, 0, 0, 0, 0, 0, 0;
 0, 0, 0, 0, 0, 0.59358567, 0, 0, 0, 0, 0, 0;
 0, 0, 0, 0, 0, 0, 4.8019516e-05, 0, 0, 0, 0, 0;
 0, 0, 0, 0, 0, 0, 0, 0.0030555744, 0, 0, 0, 0;
 0, 0, 0, 0, 0, 0, 0, 0, 0.30681112, 0, 0, 0;
 0, 0, 0, 0, 0, 0, 0, 0, 0, 0.02539001, 0, 0;
 0, 0, 0, 0, 0, 0, 0, 0, 0, 0, 0.013897011, 0;
 0, 0, 0, 0, 0, 0, 0, 0, 0, 0, 0, 0.50313276]
deltaeye=
[0.047215786, 0, 0, 0, 0, 0, 0, 0, 0, 0, 0, 0;
 0, 0.0013915304, 0, 0, 0, 0, 0, 0, 0, 0, 0, 0;
 0, 0, 0.034807872, 0, 0, 0, 0, 0, 0, 0, 0, 0;
 0, 0, 0, 0.072892092, 0, 0, 0, 0, 0, 0, 0, 0;
 0, 0, 0, 0, 1.0615551e-07, 0, 0, 0, 0, 0, 0, 0;
 0, 0, 0, 0, 0, 0.081270471, 0, 0, 0, 0, 0, 0;
 0, 0, 0, 0, 0, 0, 0.00088881887, 0, 0, 0, 0, 0;
 0, 0, 0, 0, 0, 0, 0, 0.0049231402, 0, 0, 0, 0;
 0, 0, 0, 0, 0, 0, 0, 0, 0.28772789, 0, 0, 0;
 0, 0, 0, 0, 0, 0, 0, 0, 0, 0.0036384943, 0, 0;
 0, 0, 0, 0, 0, 0, 0, 0, 0, 0, 0.011970116, 0;
 0, 0, 0, 0, 0, 0, 0, 0, 0, 0, 0, 0.54830176]
deltaeye=
[0.018107893, 0, 0, 0, 0, 0, 0, 0, 0, 0, 0, 0;
 0, 0.0013980535, 0, 0, 0, 0, 0, 0, 0, 0, 0, 0;
 0, 0, 0.056699552, 0, 0, 0, 0, 0, 0, 0, 0, 0;
 0, 0, 0, 0.10872402, 0, 0, 0, 0, 0, 0, 0, 0;
 0, 0, 0, 0, 5.8438305e-05, 0, 0, 0, 0, 0, 0, 0;
 0, 0, 0, 0, 0, 0.17428373, 0, 0, 0, 0, 0, 0;
 0, 0, 0, 0, 0, 0, 0.0014031238, 0, 0, 0, 0, 0;
 0, 0, 0, 0, 0, 0, 0, 0.0052037053, 0, 0, 0, 0;
 0, 0, 0, 0, 0, 0, 0, 0, 0.71294397, 0, 0, 0;
 0, 0, 0, 0, 0, 0, 0, 0, 0, 0.007664918, 0, 0;
 0, 0, 0, 0, 0, 0, 0, 0, 0, 0, 0.011830492, 0;
 0, 0, 0, 0, 0, 0, 0, 0, 0, 0, 0, 0.65133387]
deltaeye=
[0.004360754, 0, 0, 0, 0, 0, 0, 0, 0, 0, 0, 0;
 0, 1.8935492e-06, 0, 0, 0, 0, 0, 0, 0, 0, 0, 0;
 0, 0, 0.0030896317, 0, 0, 0, 0, 0, 0, 0, 0, 0;
 0, 0, 0, 0.10907987, 0, 0, 0, 0, 0, 0, 0, 0;
 0, 0, 0, 0, 7.7788522e-05, 0, 0, 0, 0, 0, 0, 0;
 0, 0, 0, 0, 0, 0.18309429, 0, 0, 0, 0, 0, 0;
 0, 0, 0, 0, 0, 0, 0.0049307141, 0, 0, 0, 0, 0;
 0, 0, 0, 0, 0, 0, 0, 0.006317181, 0, 0, 0, 0;
 0, 0, 0, 0, 0, 0, 0, 0, 0.5451405, 0, 0, 0;
 0, 0, 0, 0, 0, 0, 0, 0, 0, 0.020348124, 0, 0;
 0, 0, 0, 0, 0, 0, 0, 0, 0, 0, 0.010300624, 0;
 0, 0, 0, 0, 0, 0, 0, 0, 0, 0, 0, 0.6250875]
deltaeye=
[0.02489795, 0, 0, 0, 0, 0, 0, 0, 0, 0, 0, 0;
 0, 0.00052111555, 0, 0, 0, 0, 0, 0, 0, 0, 0, 0;
 0, 0, 0.037872639, 0, 0, 0, 0, 0, 0, 0, 0, 0;
 0, 0, 0, 0.092609175, 0, 0, 0, 0, 0, 0, 0, 0;
 0, 0, 0, 0, 0.0010476772, 0, 0, 0, 0, 0, 0, 0;
 0, 0, 0, 0, 0, 0.088833615, 0, 0, 0, 0, 0, 0;
 0, 0, 0, 0, 0, 0, 0.00015866219, 0, 0, 0, 0, 0;
 0, 0, 0, 0, 0, 0, 0, 0.0025954614, 0, 0, 0, 0;
 0, 0, 0, 0, 0, 0, 0, 0, 0.32116547, 0, 0, 0;
 0, 0, 0, 0, 0, 0, 0, 0, 0, 0.0030344652, 0, 0;
 0, 0, 0, 0, 0, 0, 0, 0, 0, 0, 0.010621392, 0;
 0, 0, 0, 0, 0, 0, 0, 0, 0, 0, 0, 1.2028319]
deltaeye=
[0.010532075, 0, 0, 0, 0, 0, 0, 0, 0, 0, 0, 0;
 0, 9.1218232e-07, 0, 0, 0, 0, 0, 0, 0, 0, 0, 0;
 0, 0, 0.097454652, 0, 0, 0, 0, 0, 0, 0, 0, 0;
 0, 0, 0, 0.088775247, 0, 0, 0, 0, 0, 0, 0, 0;
 0, 0, 0, 0, 0.00087439513, 0, 0, 0, 0, 0, 0, 0;
 0, 0, 0, 0, 0, 0.19377066, 0, 0, 0, 0, 0, 0;
 0, 0, 0, 0, 0, 0, 0.00010584943, 0, 0, 0, 0, 0;
 0, 0, 0, 0, 0, 0, 0, 0.00016629575, 0, 0, 0, 0;
 0, 0, 0, 0, 0, 0, 0, 0, 0.31543657, 0, 0, 0;
 0, 0, 0, 0, 0, 0, 0, 0, 0, 0.019913631, 0, 0;
 0, 0, 0, 0, 0, 0, 0, 0, 0, 0, 0.018781023, 0;
 0, 0, 0, 0, 0, 0, 0, 0, 0, 0, 0, 1.6254957]
deltaeye=
[0.0085086934, 0, 0, 0, 0, 0, 0, 0, 0, 0, 0, 0;
 0, 0.00097406557, 0, 0, 0, 0, 0, 0, 0, 0, 0, 0;
 0, 0, 0.15578957, 0, 0, 0, 0, 0, 0, 0, 0, 0;
 0, 0, 0, 0.098990209, 0, 0, 0, 0, 0, 0, 0, 0;
 0, 0, 0, 0, 2.0286266e-06, 0, 0, 0, 0, 0, 0, 0;
 0, 0, 0, 0, 0, 0.33971262, 0, 0, 0, 0, 0, 0;
 0, 0, 0, 0, 0, 0, 3.8788377e-05, 0, 0, 0, 0, 0;
 0, 0, 0, 0, 0, 0, 0, 0.0018233445, 0, 0, 0, 0;
 0, 0, 0, 0, 0, 0, 0, 0, 0.60346204, 0, 0, 0;
 0, 0, 0, 0, 0, 0, 0, 0, 0, 0.0096533895, 0, 0;
 0, 0, 0, 0, 0, 0, 0, 0, 0, 0, 0.018671503, 0;
 0, 0, 0, 0, 0, 0, 0, 0, 0, 0, 0, 1.2075799]
deltaeye=
[0.0079046385, 0, 0, 0, 0, 0, 0, 0, 0, 0, 0, 0;
 0, 0.00023722, 0, 0, 0, 0, 0, 0, 0, 0, 0, 0;
 0, 0, 0.10214198, 0, 0, 0, 0, 0, 0, 0, 0, 0;
 0, 0, 0, 0.0818801, 0, 0, 0, 0, 0, 0, 0, 0;
 0, 0, 0, 0, 2.7706816e-05, 0, 0, 0, 0, 0, 0, 0;
 0, 0, 0, 0, 0, 0.17707187, 0, 0, 0, 0, 0, 0;
 0, 0, 0, 0, 0, 0, 0.00088275585, 0, 0, 0, 0, 0;
 0, 0, 0, 0, 0, 0, 0, 0.0027346865, 0, 0, 0, 0;
 0, 0, 0, 0, 0, 0, 0, 0, 0.29174006, 0, 0, 0;
 0, 0, 0, 0, 0, 0, 0, 0, 0, 0.0080583235, 0, 0;
 0, 0, 0, 0, 0, 0, 0, 0, 0, 0, 0.025252793, 0;
 0, 0, 0, 0, 0, 0, 0, 0, 0, 0, 0, 1.1532047]
deltaeye=
[0.016165424, 0, 0, 0, 0, 0, 0, 0, 0, 0, 0, 0;
 0, 0.0031325328, 0, 0, 0, 0, 0, 0, 0, 0, 0, 0;
 0, 0, 0.20369321, 0, 0, 0, 0, 0, 0, 0, 0, 0;
 0, 0, 0, 0.074854195, 0, 0, 0, 0, 0, 0, 0, 0;
 0, 0, 0, 0, 4.6208977e-05, 0, 0, 0, 0, 0, 0, 0;
 0, 0, 0, 0, 0, 0.22615066, 0, 0, 0, 0, 0, 0;
 0, 0, 0, 0, 0, 0, 5.9250964e-05, 0, 0, 0, 0, 0;
 0, 0, 0, 0, 0, 0, 0, 0.0046046781, 0, 0, 0, 0;
 0, 0, 0, 0, 0, 0, 0, 0, 0.49840692, 0, 0, 0;
 0, 0, 0, 0, 0, 0, 0, 0, 0, 0.0022143715, 0, 0;
 0, 0, 0, 0, 0, 0, 0, 0, 0, 0, 0.016537692, 0;
 0, 0, 0, 0, 0, 0, 0, 0, 0, 0, 0, 0.8853898]
deltaeye=
[0.0050625261, 0, 0, 0, 0, 0, 0, 0, 0, 0, 0, 0;
 0, 0.0013659769, 0, 0, 0, 0, 0, 0, 0, 0, 0, 0;
 0, 0, 0.11794242, 0, 0, 0, 0, 0, 0, 0, 0, 0;
 0, 0, 0, 0.095993593, 0, 0, 0, 0, 0, 0, 0, 0;
 0, 0, 0, 0, 0.0009368906, 0, 0, 0, 0, 0, 0, 0;
 0, 0, 0, 0, 0, 0.33596757, 0, 0, 0, 0, 0, 0;
 0, 0, 0, 0, 0, 0, 0.0008228735, 0, 0, 0, 0, 0;
 0, 0, 0, 0, 0, 0, 0, 0.0016992653, 0, 0, 0, 0;
 0, 0, 0, 0, 0, 0, 0, 0, 0.26954338, 0, 0, 0;
 0, 0, 0, 0, 0, 0, 0, 0, 0, 0.019296251, 0, 0;
 0, 0, 0, 0, 0, 0, 0, 0, 0, 0, 0.015110722, 0;
 0, 0, 0, 0, 0, 0, 0, 0, 0, 0, 0, 0.85942996]
deltaeye=
[0.0088897776, 0, 0, 0, 0, 0, 0, 0, 0, 0, 0, 0;
 0, 0.00052015454, 0, 0, 0, 0, 0, 0, 0, 0, 0, 0;
 0, 0, 0.096187294, 0, 0, 0, 0, 0, 0, 0, 0, 0;
 0, 0, 0, 0.070507936, 0, 0, 0, 0, 0, 0, 0, 0;
 0, 0, 0, 0, 0.00034626783, 0, 0, 0, 0, 0, 0, 0;
 0, 0, 0, 0, 0, 0.10633428, 0, 0, 0, 0, 0, 0;
 0, 0, 0, 0, 0, 0, 0.0026332533, 0, 0, 0, 0, 0;
 0, 0, 0, 0, 0, 0, 0, 0.00097967766, 0, 0, 0, 0;
 0, 0, 0, 0, 0, 0, 0, 0, 0.30528826, 0, 0, 0;
 0, 0, 0, 0, 0, 0, 0, 0, 0, 0.00059853966, 0, 0;
 0, 0, 0, 0, 0, 0, 0, 0, 0, 0, 0.011548105, 0;
 0, 0, 0, 0, 0, 0, 0, 0, 0, 0, 0, 0.49237561]
deltaeye=
[0.011962812, 0, 0, 0, 0, 0, 0, 0, 0, 0, 0, 0;
 0, 0.0013840023, 0, 0, 0, 0, 0, 0, 0, 0, 0, 0;
 0, 0, 0.097241968, 0, 0, 0, 0, 0, 0, 0, 0, 0;
 0, 0, 0, 0.075667411, 0, 0, 0, 0, 0, 0, 0, 0;
 0, 0, 0, 0, 0.00058368716, 0, 0, 0, 0, 0, 0, 0;
 0, 0, 0, 0, 0, 0.22375867, 0, 0, 0, 0, 0, 0;
 0, 0, 0, 0, 0, 0, 8.7679091e-06, 0, 0, 0, 0, 0;
 0, 0, 0, 0, 0, 0, 0, 0.0037590829, 0, 0, 0, 0;
 0, 0, 0, 0, 0, 0, 0, 0, 0.31318313, 0, 0, 0;
 0, 0, 0, 0, 0, 0, 0, 0, 0, 0.0064398558, 0, 0;
 0, 0, 0, 0, 0, 0, 0, 0, 0, 0, 0.019084191, 0;
 0, 0, 0, 0, 0, 0, 0, 0, 0, 0, 0, 1.0083498]
deltaeye=
[0.01231045, 0, 0, 0, 0, 0, 0, 0, 0, 0, 0, 0;
 0, 0.0018602414, 0, 0, 0, 0, 0, 0, 0, 0, 0, 0;
 0, 0, 0.10961901, 0, 0, 0, 0, 0, 0, 0, 0, 0;
 0, 0, 0, 0.10197948, 0, 0, 0, 0, 0, 0, 0, 0;
 0, 0, 0, 0, 0.0037315011, 0, 0, 0, 0, 0, 0, 0;
 0, 0, 0, 0, 0, 0.5219534, 0, 0, 0, 0, 0, 0;
 0, 0, 0, 0, 0, 0, 0.00074450119, 0, 0, 0, 0, 0;
 0, 0, 0, 0, 0, 0, 0, 0.0015617418, 0, 0, 0, 0;
 0, 0, 0, 0, 0, 0, 0, 0, 0.22363885, 0, 0, 0;
 0, 0, 0, 0, 0, 0, 0, 0, 0, 0.004233195, 0, 0;
 0, 0, 0, 0, 0, 0, 0, 0, 0, 0, 0.018009774, 0;
 0, 0, 0, 0, 0, 0, 0, 0, 0, 0, 0, 1.1900848]
deltaeye=
[0.048636578, 0, 0, 0, 0, 0, 0, 0, 0, 0, 0, 0, 0, 0, 0;
 0, 0.0038641107, 0, 0, 0, 0, 0, 0, 0, 0, 0, 0, 0, 0, 0;
 0, 0, 0.21144991, 0, 0, 0, 0, 0, 0, 0, 0, 0, 0, 0, 0;
 0, 0, 0, 0.074534059, 0, 0, 0, 0, 0, 0, 0, 0, 0, 0, 0;
 0, 0, 0, 0, 0.002694688, 0, 0, 0, 0, 0, 0, 0, 0, 0, 0;
 0, 0, 0, 0, 0, 0.53901601, 0, 0, 0, 0, 0, 0, 0, 0, 0;
 0, 0, 0, 0, 0, 0, 0.00060092809, 0, 0, 0, 0, 0, 0, 0, 0;
 0, 0, 0, 0, 0, 0, 0, 0.0018849501, 0, 0, 0, 0, 0, 0, 0;
 0, 0, 0, 0, 0, 0, 0, 0, 0.19839898, 0, 0, 0, 0, 0, 0;
 0, 0, 0, 0, 0, 0, 0, 0, 0, 0.0039276462, 0, 0, 0, 0, 0;
 0, 0, 0, 0, 0, 0, 0, 0, 0, 0, 0.00043189741, 0, 0, 0, 0;
 0, 0, 0, 0, 0, 0, 0, 0, 0, 0, 0, 0.066723064, 0, 0, 0;
 0, 0, 0, 0, 0, 0, 0, 0, 0, 0, 0, 0, 0.00070762553, 0, 0;
 0, 0, 0, 0, 0, 0, 0, 0, 0, 0, 0, 0, 0, 0.017003374, 0;
 0, 0, 0, 0, 0, 0, 0, 0, 0, 0, 0, 0, 0, 0, 1.0493406]
deltaeye=
[0.062269542, 0, 0, 0, 0, 0, 0, 0, 0, 0, 0, 0;
 0, 0.0012199199, 0, 0, 0, 0, 0, 0, 0, 0, 0, 0;
 0, 0, 0.37800729, 0, 0, 0, 0, 0, 0, 0, 0, 0;
 0, 0, 0, 0.00066611794, 0, 0, 0, 0, 0, 0, 0, 0;
 0, 0, 0, 0, 0.0043412764, 0, 0, 0, 0, 0, 0, 0;
 0, 0, 0, 0, 0, 0.28728956, 0, 0, 0, 0, 0, 0;
 0, 0, 0, 0, 0, 0, 0.0025986889, 0, 0, 0, 0, 0;
 0, 0, 0, 0, 0, 0, 0, 6.6246183e-05, 0, 0, 0, 0;
 0, 0, 0, 0, 0, 0, 0, 0, 0.11672305, 0, 0, 0;
 0, 0, 0, 0, 0, 0, 0, 0, 0, 0.0056244312, 0, 0;
 0, 0, 0, 0, 0, 0, 0, 0, 0, 0, 0.017311886, 0;
 0, 0, 0, 0, 0, 0, 0, 0, 0, 0, 0, 1.4447993]
deltaeye=
[0.00036482929, 0, 0, 0, 0, 0, 0, 0, 0, 0, 0, 0;
 0, 0.00059062877, 0, 0, 0, 0, 0, 0, 0, 0, 0, 0;
 0, 0, 0.22696865, 0, 0, 0, 0, 0, 0, 0, 0, 0;
 0, 0, 0, 0.017239239, 0, 0, 0, 0, 0, 0, 0, 0;
 0, 0, 0, 0, 0.0025354298, 0, 0, 0, 0, 0, 0, 0;
 0, 0, 0, 0, 0, 0.31357056, 0, 0, 0, 0, 0, 0;
 0, 0, 0, 0, 0, 0, 0.0015732908, 0, 0, 0, 0, 0;
 0, 0, 0, 0, 0, 0, 0, 2.7102938e-06, 0, 0, 0, 0;
 0, 0, 0, 0, 0, 0, 0, 0, 0.045837298, 0, 0, 0;
 0, 0, 0, 0, 0, 0, 0, 0, 0, 0.0014326299, 0, 0;
 0, 0, 0, 0, 0, 0, 0, 0, 0, 0, 0.011892823, 0;
 0, 0, 0, 0, 0, 0, 0, 0, 0, 0, 0, 0.80214363]
deltaeye=
[0.003116711, 0, 0, 0, 0, 0, 0, 0, 0, 0, 0, 0;
 0, 0.0012494065, 0, 0, 0, 0, 0, 0, 0, 0, 0, 0;
 0, 0, 0.38053417, 0, 0, 0, 0, 0, 0, 0, 0, 0;
 0, 0, 0, 0.0096969754, 0, 0, 0, 0, 0, 0, 0, 0;
 0, 0, 0, 0, 0.0040483638, 0, 0, 0, 0, 0, 0, 0;
 0, 0, 0, 0, 0, 0.27417877, 0, 0, 0, 0, 0, 0;
 0, 0, 0, 0, 0, 0, 0.0040303017, 0, 0, 0, 0, 0;
 0, 0, 0, 0, 0, 0, 0, 0.00012198632, 0, 0, 0, 0;
 0, 0, 0, 0, 0, 0, 0, 0, 0.14304133, 0, 0, 0;
 0, 0, 0, 0, 0, 0, 0, 0, 0, 0.00050725578, 0, 0;
 0, 0, 0, 0, 0, 0, 0, 0, 0, 0, 0.010367664, 0;
 0, 0, 0, 0, 0, 0, 0, 0, 0, 0, 0, 0.98597836]
deltaeye=
[1.3265958e-06, 0, 0, 0, 0, 0, 0, 0, 0, 0, 0, 0;
 0, 0.00077104755, 0, 0, 0, 0, 0, 0, 0, 0, 0, 0;
 0, 0, 0.30543834, 0, 0, 0, 0, 0, 0, 0, 0, 0;
 0, 0, 0, 0.025139824, 0, 0, 0, 0, 0, 0, 0, 0;
 0, 0, 0, 0, 0.0043085557, 0, 0, 0, 0, 0, 0, 0;
 0, 0, 0, 0, 0, 0.46264383, 0, 0, 0, 0, 0, 0;
 0, 0, 0, 0, 0, 0, 0.0090907011, 0, 0, 0, 0, 0;
 0, 0, 0, 0, 0, 0, 0, 3.5776968e-05, 0, 0, 0, 0;
 0, 0, 0, 0, 0, 0, 0, 0, 0.22129707, 0, 0, 0;
 0, 0, 0, 0, 0, 0, 0, 0, 0, 0.0029977057, 0, 0;
 0, 0, 0, 0, 0, 0, 0, 0, 0, 0, 0.0096467445, 0;
 0, 0, 0, 0, 0, 0, 0, 0, 0, 0, 0, 1.2584335]
deltaeye=
[0.00036178017, 0, 0, 0, 0, 0, 0, 0, 0, 0, 0, 0;
 0, 0.00014762646, 0, 0, 0, 0, 0, 0, 0, 0, 0, 0;
 0, 0, 0.21059088, 0, 0, 0, 0, 0, 0, 0, 0, 0;
 0, 0, 0, 0.0095235137, 0, 0, 0, 0, 0, 0, 0, 0;
 0, 0, 0, 0, 0.0027527532, 0, 0, 0, 0, 0, 0, 0;
 0, 0, 0, 0, 0, 0.41987351, 0, 0, 0, 0, 0, 0;
 0, 0, 0, 0, 0, 0, 0.012211833, 0, 0, 0, 0, 0;
 0, 0, 0, 0, 0, 0, 0, 0.00019518536, 0, 0, 0, 0;
 0, 0, 0, 0, 0, 0, 0, 0, 0.32619521, 0, 0, 0;
 0, 0, 0, 0, 0, 0, 0, 0, 0, 0.0065237205, 0, 0;
 0, 0, 0, 0, 0, 0, 0, 0, 0, 0, 0.025531998, 0;
 0, 0, 0, 0, 0, 0, 0, 0, 0, 0, 0, 3.2725334]
deltaeye=
[0.002378219, 0, 0, 0, 0, 0, 0, 0, 0, 0, 0, 0;
 0, 0.00022722334, 0, 0, 0, 0, 0, 0, 0, 0, 0, 0;
 0, 0, 0.1987132, 0, 0, 0, 0, 0, 0, 0, 0, 0;
 0, 0, 0, 0.018447036, 0, 0, 0, 0, 0, 0, 0, 0;
 0, 0, 0, 0, 0.0061328746, 0, 0, 0, 0, 0, 0, 0;
 0, 0, 0, 0, 0, 0.87572628, 0, 0, 0, 0, 0, 0;
 0, 0, 0, 0, 0, 0, 0.0038738782, 0, 0, 0, 0, 0;
 0, 0, 0, 0, 0, 0, 0, 5.0338565e-07, 0, 0, 0, 0;
 0, 0, 0, 0, 0, 0, 0, 0, 0.13230321, 0, 0, 0;
 0, 0, 0, 0, 0, 0, 0, 0, 0, 0.0063219303, 0, 0;
 0, 0, 0, 0, 0, 0, 0, 0, 0, 0, 0.0067265918, 0;
 0, 0, 0, 0, 0, 0, 0, 0, 0, 0, 0, 0.14946833]
deltaeye=
[0.019490404, 0, 0, 0, 0, 0, 0, 0, 0, 0, 0, 0;
 0, 6.1880433e-05, 0, 0, 0, 0, 0, 0, 0, 0, 0, 0;
 0, 0, 0.10909864, 0, 0, 0, 0, 0, 0, 0, 0, 0;
 0, 0, 0, 0.0026496293, 0, 0, 0, 0, 0, 0, 0, 0;
 0, 0, 0, 0, 0.0048276177, 0, 0, 0, 0, 0, 0, 0;
 0, 0, 0, 0, 0, 0.4811005, 0, 0, 0, 0, 0, 0;
 0, 0, 0, 0, 0, 0, 0.0038824785, 0, 0, 0, 0, 0;
 0, 0, 0, 0, 0, 0, 0, 7.1697526e-05, 0, 0, 0, 0;
 0, 0, 0, 0, 0, 0, 0, 0, 0.29043525, 0, 0, 0;
 0, 0, 0, 0, 0, 0, 0, 0, 0, 1.1021973e-05, 0, 0;
 0, 0, 0, 0, 0, 0, 0, 0, 0, 0, 0.024854336, 0;
 0, 0, 0, 0, 0, 0, 0, 0, 0, 0, 0, 2.5660183]
deltaeye=
[1.8800773e-05, 0, 0, 0, 0, 0, 0, 0, 0, 0, 0, 0;
 0, 0.00025400452, 0, 0, 0, 0, 0, 0, 0, 0, 0, 0;
 0, 0, 0.1258156, 0, 0, 0, 0, 0, 0, 0, 0, 0;
 0, 0, 0, 0.010484017, 0, 0, 0, 0, 0, 0, 0, 0;
 0, 0, 0, 0, 0.0069324947, 0, 0, 0, 0, 0, 0, 0;
 0, 0, 0, 0, 0, 0.74342197, 0, 0, 0, 0, 0, 0;
 0, 0, 0, 0, 0, 0, 0.0031721985, 0, 0, 0, 0, 0;
 0, 0, 0, 0, 0, 0, 0, 0.00033175803, 0, 0, 0, 0;
 0, 0, 0, 0, 0, 0, 0, 0, 0.27786577, 0, 0, 0;
 0, 0, 0, 0, 0, 0, 0, 0, 0, 0.00075594243, 0, 0;
 0, 0, 0, 0, 0, 0, 0, 0, 0, 0, 0.013815905, 0;
 0, 0, 0, 0, 0, 0, 0, 0, 0, 0, 0, 1.5287042]
deltaeye=
[0.015056114, 0, 0, 0, 0, 0, 0, 0, 0, 0, 0, 0;
 0, 0.00060191291, 0, 0, 0, 0, 0, 0, 0, 0, 0, 0;
 0, 0, 0.46413013, 0, 0, 0, 0, 0, 0, 0, 0, 0;
 0, 0, 0, 0.01421176, 0, 0, 0, 0, 0, 0, 0, 0;
 0, 0, 0, 0, 0.005325506, 0, 0, 0, 0, 0, 0, 0;
 0, 0, 0, 0, 0, 0.9999513, 0, 0, 0, 0, 0, 0;
 0, 0, 0, 0, 0, 0, 0.0018044001, 0, 0, 0, 0, 0;
 0, 0, 0, 0, 0, 0, 0, 3.889927e-05, 0, 0, 0, 0;
 0, 0, 0, 0, 0, 0, 0, 0, 0.17343648, 0, 0, 0;
 0, 0, 0, 0, 0, 0, 0, 0, 0, 0.00043316031, 0, 0;
 0, 0, 0, 0, 0, 0, 0, 0, 0, 0, 0.01891252, 0;
 0, 0, 0, 0, 0, 0, 0, 0, 0, 0, 0, 1.0654814]
deltaeye=
[0.011459744, 0, 0, 0, 0, 0, 0, 0, 0, 0, 0, 0;
 0, 0.00028216481, 0, 0, 0, 0, 0, 0, 0, 0, 0, 0;
 0, 0, 0.32163486, 0, 0, 0, 0, 0, 0, 0, 0, 0;
 0, 0, 0, 0.012774403, 0, 0, 0, 0, 0, 0, 0, 0;
 0, 0, 0, 0, 0.0053477096, 0, 0, 0, 0, 0, 0, 0;
 0, 0, 0, 0, 0, 0.71353948, 0, 0, 0, 0, 0, 0;
 0, 0, 0, 0, 0, 0, 0.0039796424, 0, 0, 0, 0, 0;
 0, 0, 0, 0, 0, 0, 0, 0.00021996693, 0, 0, 0, 0;
 0, 0, 0, 0, 0, 0, 0, 0, 0.66448492, 0, 0, 0;
 0, 0, 0, 0, 0, 0, 0, 0, 0, 4.0229861e-06, 0, 0;
 0, 0, 0, 0, 0, 0, 0, 0, 0, 0, 0.027711472, 0;
 0, 0, 0, 0, 0, 0, 0, 0, 0, 0, 0, 1.6935767]
deltaeye=
[0.0012120306, 0, 0, 0, 0, 0, 0, 0, 0, 0, 0, 0;
 0, 0.0007619909, 0, 0, 0, 0, 0, 0, 0, 0, 0, 0;
 0, 0, 0.17839316, 0, 0, 0, 0, 0, 0, 0, 0, 0;
 0, 0, 0, 0.022713132, 0, 0, 0, 0, 0, 0, 0, 0;
 0, 0, 0, 0, 0.011043066, 0, 0, 0, 0, 0, 0, 0;
 0, 0, 0, 0, 0, 0.66667324, 0, 0, 0, 0, 0, 0;
 0, 0, 0, 0, 0, 0, 0.0029867052, 0, 0, 0, 0, 0;
 0, 0, 0, 0, 0, 0, 0, 0.00027179849, 0, 0, 0, 0;
 0, 0, 0, 0, 0, 0, 0, 0, 0.11958864, 0, 0, 0;
 0, 0, 0, 0, 0, 0, 0, 0, 0, 0.0010510085, 0, 0;
 0, 0, 0, 0, 0, 0, 0, 0, 0, 0, 0.013817805, 0;
 0, 0, 0, 0, 0, 0, 0, 0, 0, 0, 0, 0.50765944]
deltaeye=
[0.014443018, 0, 0, 0, 0, 0, 0, 0, 0, 0, 0, 0;
 0, 0.0008119808, 0, 0, 0, 0, 0, 0, 0, 0, 0, 0;
 0, 0, 0.19963518, 0, 0, 0, 0, 0, 0, 0, 0, 0;
 0, 0, 0, 0.0083765872, 0, 0, 0, 0, 0, 0, 0, 0;
 0, 0, 0, 0, 0.0016910526, 0, 0, 0, 0, 0, 0, 0;
 0, 0, 0, 0, 0, 0.44665775, 0, 0, 0, 0, 0, 0;
 0, 0, 0, 0, 0, 0, 0.0030705167, 0, 0, 0, 0, 0;
 0, 0, 0, 0, 0, 0, 0, 9.7361073e-05, 0, 0, 0, 0;
 0, 0, 0, 0, 0, 0, 0, 0, 0.13498612, 0, 0, 0;
 0, 0, 0, 0, 0, 0, 0, 0, 0, 0.00062770583, 0, 0;
 0, 0, 0, 0, 0, 0, 0, 0, 0, 0, 0.017481606, 0;
 0, 0, 0, 0, 0, 0, 0, 0, 0, 0, 0, 1.2132175]
deltaeye=
[0.001240347, 0, 0, 0, 0, 0, 0, 0, 0, 0, 0, 0;
 0, 0.0010789854, 0, 0, 0, 0, 0, 0, 0, 0, 0, 0;
 0, 0, 0.13521747, 0, 0, 0, 0, 0, 0, 0, 0, 0;
 0, 0, 0, 0.01380712, 0, 0, 0, 0, 0, 0, 0, 0;
 0, 0, 0, 0, 0.0041943234, 0, 0, 0, 0, 0, 0, 0;
 0, 0, 0, 0, 0, 0.42492673, 0, 0, 0, 0, 0, 0;
 0, 0, 0, 0, 0, 0, 0.0027238647, 0, 0, 0, 0, 0;
 0, 0, 0, 0, 0, 0, 0, 8.7708999e-05, 0, 0, 0, 0;
 0, 0, 0, 0, 0, 0, 0, 0, 0.21879289, 0, 0, 0;
 0, 0, 0, 0, 0, 0, 0, 0, 0, 7.3399606e-06, 0, 0;
 0, 0, 0, 0, 0, 0, 0, 0, 0, 0, 0.010070254, 0;
 0, 0, 0, 0, 0, 0, 0, 0, 0, 0, 0, 0.76635146]
deltaeye=
[0.0012409334, 0, 0, 0, 0, 0, 0, 0, 0, 0, 0, 0;
 0, 0.00018042845, 0, 0, 0, 0, 0, 0, 0, 0, 0, 0;
 0, 0, 0.10246693, 0, 0, 0, 0, 0, 0, 0, 0, 0;
 0, 0, 0, 0.012716317, 0, 0, 0, 0, 0, 0, 0, 0;
 0, 0, 0, 0, 0.0046182573, 0, 0, 0, 0, 0, 0, 0;
 0, 0, 0, 0, 0, 0.49913368, 0, 0, 0, 0, 0, 0;
 0, 0, 0, 0, 0, 0, 0.0050200843, 0, 0, 0, 0, 0;
 0, 0, 0, 0, 0, 0, 0, 7.474797e-07, 0, 0, 0, 0;
 0, 0, 0, 0, 0, 0, 0, 0, 0.17809433, 0, 0, 0;
 0, 0, 0, 0, 0, 0, 0, 0, 0, 0.0011505465, 0, 0;
 0, 0, 0, 0, 0, 0, 0, 0, 0, 0, 0.007202825, 0;
 0, 0, 0, 0, 0, 0, 0, 0, 0, 0, 0, 0.52512437]
deltaeye=
[0.0029863485, 0, 0, 0, 0, 0, 0, 0, 0, 0, 0, 0;
 0, 3.2601401e-05, 0, 0, 0, 0, 0, 0, 0, 0, 0, 0;
 0, 0, 0.051940579, 0, 0, 0, 0, 0, 0, 0, 0, 0;
 0, 0, 0, 0.0010686084, 0, 0, 0, 0, 0, 0, 0, 0;
 0, 0, 0, 0, 0.0021803062, 0, 0, 0, 0, 0, 0, 0;
 0, 0, 0, 0, 0, 0.24815845, 0, 0, 0, 0, 0, 0;
 0, 0, 0, 0, 0, 0, 0.001244409, 0, 0, 0, 0, 0;
 0, 0, 0, 0, 0, 0, 0, 0.00021417107, 0, 0, 0, 0;
 0, 0, 0, 0, 0, 0, 0, 0, 0.2118392, 0, 0, 0;
 0, 0, 0, 0, 0, 0, 0, 0, 0, 0.00048824822, 0, 0;
 0, 0, 0, 0, 0, 0, 0, 0, 0, 0, 0.0060467264, 0;
 0, 0, 0, 0, 0, 0, 0, 0, 0, 0, 0, 0.57818282]
deltaeye=
[0.0023070206, 0, 0, 0, 0, 0, 0, 0, 0, 0, 0, 0;
 0, 0.0002040641, 0, 0, 0, 0, 0, 0, 0, 0, 0, 0;
 0, 0, 0.0049594105, 0, 0, 0, 0, 0, 0, 0, 0, 0;
 0, 0, 0, 0.0015855515, 0, 0, 0, 0, 0, 0, 0, 0;
 0, 0, 0, 0, 0.0014903471, 0, 0, 0, 0, 0, 0, 0;
 0, 0, 0, 0, 0, 0.26490176, 0, 0, 0, 0, 0, 0;
 0, 0, 0, 0, 0, 0, 0.00057215808, 0, 0, 0, 0, 0;
 0, 0, 0, 0, 0, 0, 0, 0.00062150089, 0, 0, 0, 0;
 0, 0, 0, 0, 0, 0, 0, 0, 0.19895311, 0, 0, 0;
 0, 0, 0, 0, 0, 0, 0, 0, 0, 4.1594464e-07, 0, 0;
 0, 0, 0, 0, 0, 0, 0, 0, 0, 0, 0.0046082013, 0;
 0, 0, 0, 0, 0, 0, 0, 0, 0, 0, 0, 0.51195967]
deltaeye=
[0.0019979158, 0, 0, 0, 0, 0, 0, 0, 0, 0, 0, 0;
 0, 9.6291004e-08, 0, 0, 0, 0, 0, 0, 0, 0, 0, 0;
 0, 0, 0.1133952, 0, 0, 0, 0, 0, 0, 0, 0, 0;
 0, 0, 0, 0.0090536047, 0, 0, 0, 0, 0, 0, 0, 0;
 0, 0, 0, 0, 0.0127414, 0, 0, 0, 0, 0, 0, 0;
 0, 0, 0, 0, 0, 0.73533273, 0, 0, 0, 0, 0, 0;
 0, 0, 0, 0, 0, 0, 2.7387256e-07, 0, 0, 0, 0, 0;
 0, 0, 0, 0, 0, 0, 0, 0.00021319513, 0, 0, 0, 0;
 0, 0, 0, 0, 0, 0, 0, 0, 0.030506719, 0, 0, 0;
 0, 0, 0, 0, 0, 0, 0, 0, 0, 0.00014939091, 0, 0;
 0, 0, 0, 0, 0, 0, 0, 0, 0, 0, 0.0048853825, 0;
 0, 0, 0, 0, 0, 0, 0, 0, 0, 0, 0, 0.91053432]
deltaeye=
[0.014088034, 0, 0, 0, 0, 0, 0, 0, 0, 0, 0, 0;
 0, 8.92151e-05, 0, 0, 0, 0, 0, 0, 0, 0, 0, 0;
 0, 0, 0.17022704, 0, 0, 0, 0, 0, 0, 0, 0, 0;
 0, 0, 0, 0.0010787066, 0, 0, 0, 0, 0, 0, 0, 0;
 0, 0, 0, 0, 0.0031895617, 0, 0, 0, 0, 0, 0, 0;
 0, 0, 0, 0, 0, 0.5198366, 0, 0, 0, 0, 0, 0;
 0, 0, 0, 0, 0, 0, 1.9878888e-05, 0, 0, 0, 0, 0;
 0, 0, 0, 0, 0, 0, 0, 0.0001324754, 0, 0, 0, 0;
 0, 0, 0, 0, 0, 0, 0, 0, 0.15408662, 0, 0, 0;
 0, 0, 0, 0, 0, 0, 0, 0, 0, 0.0026556235, 0, 0;
 0, 0, 0, 0, 0, 0, 0, 0, 0, 0, 0.007030847, 0;
 0, 0, 0, 0, 0, 0, 0, 0, 0, 0, 0, 1.1437219]
deltaeye=
[0.0025080594, 0, 0, 0, 0, 0, 0, 0, 0, 0, 0, 0;
 0, 1.5634321e-08, 0, 0, 0, 0, 0, 0, 0, 0, 0, 0;
 0, 0, 0.37062985, 0, 0, 0, 0, 0, 0, 0, 0, 0;
 0, 0, 0, 0.020410327, 0, 0, 0, 0, 0, 0, 0, 0;
 0, 0, 0, 0, 0.0048338803, 0, 0, 0, 0, 0, 0, 0;
 0, 0, 0, 0, 0, 1.032771, 0, 0, 0, 0, 0, 0;
 0, 0, 0, 0, 0, 0, 0.00045077072, 0, 0, 0, 0, 0;
 0, 0, 0, 0, 0, 0, 0, 0.00026494486, 0, 0, 0, 0;
 0, 0, 0, 0, 0, 0, 0, 0, 0.20836274, 0, 0, 0;
 0, 0, 0, 0, 0, 0, 0, 0, 0, 0.001439332, 0, 0;
 0, 0, 0, 0, 0, 0, 0, 0, 0, 0, 0.010632709, 0;
 0, 0, 0, 0, 0, 0, 0, 0, 0, 0, 0, 1.0553099]
deltaeye=
[0.003957903, 0, 0, 0, 0, 0, 0, 0, 0, 0, 0, 0;
 0, 2.4250154e-05, 0, 0, 0, 0, 0, 0, 0, 0, 0, 0;
 0, 0, 0.27397028, 0, 0, 0, 0, 0, 0, 0, 0, 0;
 0, 0, 0, 0.010053243, 0, 0, 0, 0, 0, 0, 0, 0;
 0, 0, 0, 0, 0.0026380131, 0, 0, 0, 0, 0, 0, 0;
 0, 0, 0, 0, 0, 0.69200677, 0, 0, 0, 0, 0, 0;
 0, 0, 0, 0, 0, 0, 0.0024298248, 0, 0, 0, 0, 0;
 0, 0, 0, 0, 0, 0, 0, 0.0011667152, 0, 0, 0, 0;
 0, 0, 0, 0, 0, 0, 0, 0, 0.039032612, 0, 0, 0;
 0, 0, 0, 0, 0, 0, 0, 0, 0, 0.0036016968, 0, 0;
 0, 0, 0, 0, 0, 0, 0, 0, 0, 0, 0.0051798057, 0;
 0, 0, 0, 0, 0, 0, 0, 0, 0, 0, 0, 0.73225647]
deltaeye=
[0.0028780566, 0, 0, 0, 0, 0, 0, 0, 0, 0, 0, 0;
 0, 5.2987612e-05, 0, 0, 0, 0, 0, 0, 0, 0, 0, 0;
 0, 0, 0.085089967, 0, 0, 0, 0, 0, 0, 0, 0, 0;
 0, 0, 0, 0.0045924904, 0, 0, 0, 0, 0, 0, 0, 0;
 0, 0, 0, 0, 0.0030182071, 0, 0, 0, 0, 0, 0, 0;
 0, 0, 0, 0, 0, 0.5618524, 0, 0, 0, 0, 0, 0;
 0, 0, 0, 0, 0, 0, 5.3101739e-05, 0, 0, 0, 0, 0;
 0, 0, 0, 0, 0, 0, 0, 1.9467032e-06, 0, 0, 0, 0;
 0, 0, 0, 0, 0, 0, 0, 0, 0.096434504, 0, 0, 0;
 0, 0, 0, 0, 0, 0, 0, 0, 0, 0.003271502, 0, 0;
 0, 0, 0, 0, 0, 0, 0, 0, 0, 0, 0.010704398, 0;
 0, 0, 0, 0, 0, 0, 0, 0, 0, 0, 0, 1.3879271]
deltaeye=
[0.0028981981, 0, 0, 0, 0, 0, 0, 0, 0, 0, 0, 0;
 0, 0.00012870743, 0, 0, 0, 0, 0, 0, 0, 0, 0, 0;
 0, 0, 0.19623762, 0, 0, 0, 0, 0, 0, 0, 0, 0;
 0, 0, 0, 0.005798771, 0, 0, 0, 0, 0, 0, 0, 0;
 0, 0, 0, 0, 0.0049104011, 0, 0, 0, 0, 0, 0, 0;
 0, 0, 0, 0, 0, 0.77643758, 0, 0, 0, 0, 0, 0;
 0, 0, 0, 0, 0, 0, 0.0010188922, 0, 0, 0, 0, 0;
 0, 0, 0, 0, 0, 0, 0, 0.00012223344, 0, 0, 0, 0;
 0, 0, 0, 0, 0, 0, 0, 0, 0.12731619, 0, 0, 0;
 0, 0, 0, 0, 0, 0, 0, 0, 0, 0.00064801116, 0, 0;
 0, 0, 0, 0, 0, 0, 0, 0, 0, 0, 0.0092062205, 0;
 0, 0, 0, 0, 0, 0, 0, 0, 0, 0, 0, 1.8804758]
deltaeye=
[0.0044861441, 0, 0, 0, 0, 0, 0, 0, 0, 0, 0, 0;
 0, 5.4302713e-05, 0, 0, 0, 0, 0, 0, 0, 0, 0, 0;
 0, 0, 0.50001973, 0, 0, 0, 0, 0, 0, 0, 0, 0;
 0, 0, 0, 0.0090388246, 0, 0, 0, 0, 0, 0, 0, 0;
 0, 0, 0, 0, 0.003547085, 0, 0, 0, 0, 0, 0, 0;
 0, 0, 0, 0, 0, 1.2067621, 0, 0, 0, 0, 0, 0;
 0, 0, 0, 0, 0, 0, 0.0018997767, 0, 0, 0, 0, 0;
 0, 0, 0, 0, 0, 0, 0, 0.0002238038, 0, 0, 0, 0;
 0, 0, 0, 0, 0, 0, 0, 0, 0.21417765, 0, 0, 0;
 0, 0, 0, 0, 0, 0, 0, 0, 0, 0.0015448544, 0, 0;
 0, 0, 0, 0, 0, 0, 0, 0, 0, 0, 0.013239424, 0;
 0, 0, 0, 0, 0, 0, 0, 0, 0, 0, 0, 1.6963377]
deltaeye=
[0.006147047, 0, 0, 0, 0, 0, 0, 0, 0, 0, 0, 0;
 0, 0.00028131544, 0, 0, 0, 0, 0, 0, 0, 0, 0, 0;
 0, 0, 0.37379435, 0, 0, 0, 0, 0, 0, 0, 0, 0;
 0, 0, 0, 0.0005447641, 0, 0, 0, 0, 0, 0, 0, 0;
 0, 0, 0, 0, 0.0016325637, 0, 0, 0, 0, 0, 0, 0;
 0, 0, 0, 0, 0, 0.55413055, 0, 0, 0, 0, 0, 0;
 0, 0, 0, 0, 0, 0, 0.0015338132, 0, 0, 0, 0, 0;
 0, 0, 0, 0, 0, 0, 0, 0.00081738539, 0, 0, 0, 0;
 0, 0, 0, 0, 0, 0, 0, 0, 0.047190815, 0, 0, 0;
 0, 0, 0, 0, 0, 0, 0, 0, 0, 0.0016608944, 0, 0;
 0, 0, 0, 0, 0, 0, 0, 0, 0, 0, 0.015156327, 0;
 0, 0, 0, 0, 0, 0, 0, 0, 0, 0, 0, 1.5699472]
deltaeye=
[0.0002227501, 0, 0, 0, 0, 0, 0, 0, 0, 0, 0, 0;
 0, 0.00068877934, 0, 0, 0, 0, 0, 0, 0, 0, 0, 0;
 0, 0, 0.36953753, 0, 0, 0, 0, 0, 0, 0, 0, 0;
 0, 0, 0, 0.019495189, 0, 0, 0, 0, 0, 0, 0, 0;
 0, 0, 0, 0, 0.012474646, 0, 0, 0, 0, 0, 0, 0;
 0, 0, 0, 0, 0, 1.4691712, 0, 0, 0, 0, 0, 0;
 0, 0, 0, 0, 0, 0, 0.0018202859, 0, 0, 0, 0, 0;
 0, 0, 0, 0, 0, 0, 0, 8.0204067e-05, 0, 0, 0, 0;
 0, 0, 0, 0, 0, 0, 0, 0, 0.090680212, 0, 0, 0;
 0, 0, 0, 0, 0, 0, 0, 0, 0, 0.0003192671, 0, 0;
 0, 0, 0, 0, 0, 0, 0, 0, 0, 0, 0.0085987914, 0;
 0, 0, 0, 0, 0, 0, 0, 0, 0, 0, 0, 1.4030448]
deltaeye=
[0.01511582, 0, 0, 0, 0, 0, 0, 0, 0, 0, 0, 0;
 0, 6.1731644e-06, 0, 0, 0, 0, 0, 0, 0, 0, 0, 0;
 0, 0, 0.28250873, 0, 0, 0, 0, 0, 0, 0, 0, 0;
 0, 0, 0, 0.0003432642, 0, 0, 0, 0, 0, 0, 0, 0;
 0, 0, 0, 0, 0.0088842073, 0, 0, 0, 0, 0, 0, 0;
 0, 0, 0, 0, 0, 1.0543952, 0, 0, 0, 0, 0, 0;
 0, 0, 0, 0, 0, 0, 1.2773543e-05, 0, 0, 0, 0, 0;
 0, 0, 0, 0, 0, 0, 0, 3.901032e-05, 0, 0, 0, 0;
 0, 0, 0, 0, 0, 0, 0, 0, 0.20879692, 0, 0, 0;
 0, 0, 0, 0, 0, 0, 0, 0, 0, 0.0019381896, 0, 0;
 0, 0, 0, 0, 0, 0, 0, 0, 0, 0, 0.011322252, 0;
 0, 0, 0, 0, 0, 0, 0, 0, 0, 0, 0, 2.0547924]
deltaeye=
[0.0077189617, 0, 0, 0, 0, 0, 0, 0, 0, 0, 0, 0;
 0, 0.00016986585, 0, 0, 0, 0, 0, 0, 0, 0, 0, 0;
 0, 0, 0.33794299, 0, 0, 0, 0, 0, 0, 0, 0, 0;
 0, 0, 0, 0.0015191576, 0, 0, 0, 0, 0, 0, 0, 0;
 0, 0, 0, 0, 0.0066287378, 0, 0, 0, 0, 0, 0, 0;
 0, 0, 0, 0, 0, 1.1117687, 0, 0, 0, 0, 0, 0;
 0, 0, 0, 0, 0, 0, 0.00012933783, 0, 0, 0, 0, 0;
 0, 0, 0, 0, 0, 0, 0, 1.8103126e-05, 0, 0, 0, 0;
 0, 0, 0, 0, 0, 0, 0, 0, 0.14796662, 0, 0, 0;
 0, 0, 0, 0, 0, 0, 0, 0, 0, 0.00036632895, 0, 0;
 0, 0, 0, 0, 0, 0, 0, 0, 0, 0, 0.011886538, 0;
 0, 0, 0, 0, 0, 0, 0, 0, 0, 0, 0, 2.9485917]
deltaeye=
[0.011867131, 0, 0, 0, 0, 0, 0, 0, 0, 0, 0, 0;
 0, 0.00047208832, 0, 0, 0, 0, 0, 0, 0, 0, 0, 0;
 0, 0, 0.61390078, 0, 0, 0, 0, 0, 0, 0, 0, 0;
 0, 0, 0, 0.001767467, 0, 0, 0, 0, 0, 0, 0, 0;
 0, 0, 0, 0, 0.0089324908, 0, 0, 0, 0, 0, 0, 0;
 0, 0, 0, 0, 0, 1.4256006, 0, 0, 0, 0, 0, 0;
 0, 0, 0, 0, 0, 0, 0.0027113899, 0, 0, 0, 0, 0;
 0, 0, 0, 0, 0, 0, 0, 2.9427987e-05, 0, 0, 0, 0;
 0, 0, 0, 0, 0, 0, 0, 0, 0.41495648, 0, 0, 0;
 0, 0, 0, 0, 0, 0, 0, 0, 0, 0.0014204505, 0, 0;
 0, 0, 0, 0, 0, 0, 0, 0, 0, 0, 0.0063812784, 0;
 0, 0, 0, 0, 0, 0, 0, 0, 0, 0, 0, 1.5255444]
deltaeye=
[0.0059635313, 0, 0, 0, 0, 0, 0, 0, 0, 0, 0, 0;
 0, 0.00018146046, 0, 0, 0, 0, 0, 0, 0, 0, 0, 0;
 0, 0, 0.36478671, 0, 0, 0, 0, 0, 0, 0, 0, 0;
 0, 0, 0, 0.00094452052, 0, 0, 0, 0, 0, 0, 0, 0;
 0, 0, 0, 0, 0.0033601753, 0, 0, 0, 0, 0, 0, 0;
 0, 0, 0, 0, 0, 0.84543699, 0, 0, 0, 0, 0, 0;
 0, 0, 0, 0, 0, 0, 0.00063860265, 0, 0, 0, 0, 0;
 0, 0, 0, 0, 0, 0, 0, 2.5569311e-06, 0, 0, 0, 0;
 0, 0, 0, 0, 0, 0, 0, 0, 0.14403775, 0, 0, 0;
 0, 0, 0, 0, 0, 0, 0, 0, 0, 1.2426124e-06, 0, 0;
 0, 0, 0, 0, 0, 0, 0, 0, 0, 0, 0.0081559345, 0;
 0, 0, 0, 0, 0, 0, 0, 0, 0, 0, 0, 2.5034935]
deltaeye=
[9.4883741e-05, 0, 0, 0, 0, 0, 0, 0, 0, 0, 0, 0;
 0, 0.0003446386, 0, 0, 0, 0, 0, 0, 0, 0, 0, 0;
 0, 0, 0.37515604, 0, 0, 0, 0, 0, 0, 0, 0, 0;
 0, 0, 0, 0.0024482212, 0, 0, 0, 0, 0, 0, 0, 0;
 0, 0, 0, 0, 0.0030782644, 0, 0, 0, 0, 0, 0, 0;
 0, 0, 0, 0, 0, 1.1196172, 0, 0, 0, 0, 0, 0;
 0, 0, 0, 0, 0, 0, 0.0012973727, 0, 0, 0, 0, 0;
 0, 0, 0, 0, 0, 0, 0, 2.1061905e-05, 0, 0, 0, 0;
 0, 0, 0, 0, 0, 0, 0, 0, 0.37319258, 0, 0, 0;
 0, 0, 0, 0, 0, 0, 0, 0, 0, 0.002425743, 0, 0;
 0, 0, 0, 0, 0, 0, 0, 0, 0, 0, 0.01661884, 0;
 0, 0, 0, 0, 0, 0, 0, 0, 0, 0, 0, 3.2314498]
deltaeye=
[0.0028474883, 0, 0, 0, 0, 0, 0, 0, 0, 0, 0, 0;
 0, 0.00019155808, 0, 0, 0, 0, 0, 0, 0, 0, 0, 0;
 0, 0, 0.58355725, 0, 0, 0, 0, 0, 0, 0, 0, 0;
 0, 0, 0, 0.010133862, 0, 0, 0, 0, 0, 0, 0, 0;
 0, 0, 0, 0, 0.0097391354, 0, 0, 0, 0, 0, 0, 0;
 0, 0, 0, 0, 0, 1.7320451, 0, 0, 0, 0, 0, 0;
 0, 0, 0, 0, 0, 0, 0.00041275754, 0, 0, 0, 0, 0;
 0, 0, 0, 0, 0, 0, 0, 5.1773156e-07, 0, 0, 0, 0;
 0, 0, 0, 0, 0, 0, 0, 0, 0.24377519, 0, 0, 0;
 0, 0, 0, 0, 0, 0, 0, 0, 0, 0.0045243381, 0, 0;
 0, 0, 0, 0, 0, 0, 0, 0, 0, 0, 0.012952836, 0;
 0, 0, 0, 0, 0, 0, 0, 0, 0, 0, 0, 4.2350254]
deltaeye=
[0.008304107, 0, 0, 0, 0, 0, 0, 0, 0, 0, 0, 0;
 0, 1.8541212e-05, 0, 0, 0, 0, 0, 0, 0, 0, 0, 0;
 0, 0, 0.64011639, 0, 0, 0, 0, 0, 0, 0, 0, 0;
 0, 0, 0, 0.0038439448, 0, 0, 0, 0, 0, 0, 0, 0;
 0, 0, 0, 0, 0.004527105, 0, 0, 0, 0, 0, 0, 0;
 0, 0, 0, 0, 0, 1.6582146, 0, 0, 0, 0, 0, 0;
 0, 0, 0, 0, 0, 0, 0.0043775858, 0, 0, 0, 0, 0;
 0, 0, 0, 0, 0, 0, 0, 0.0003236997, 0, 0, 0, 0;
 0, 0, 0, 0, 0, 0, 0, 0, 0.830935, 0, 0, 0;
 0, 0, 0, 0, 0, 0, 0, 0, 0, 0.0018979379, 0, 0;
 0, 0, 0, 0, 0, 0, 0, 0, 0, 0, 0.016679058, 0;
 0, 0, 0, 0, 0, 0, 0, 0, 0, 0, 0, 3.1779258]
deltaeye=
[0.00047048659, 0, 0, 0, 0, 0, 0, 0, 0, 0, 0, 0;
 0, 1.3652771e-05, 0, 0, 0, 0, 0, 0, 0, 0, 0, 0;
 0, 0, 0.38920978, 0, 0, 0, 0, 0, 0, 0, 0, 0;
 0, 0, 0, 0.0099772485, 0, 0, 0, 0, 0, 0, 0, 0;
 0, 0, 0, 0, 0.0076757688, 0, 0, 0, 0, 0, 0, 0;
 0, 0, 0, 0, 0, 1.3897415, 0, 0, 0, 0, 0, 0;
 0, 0, 0, 0, 0, 0, 0.0020348434, 0, 0, 0, 0, 0;
 0, 0, 0, 0, 0, 0, 0, 2.6736025e-06, 0, 0, 0, 0;
 0, 0, 0, 0, 0, 0, 0, 0, 0.35676512, 0, 0, 0;
 0, 0, 0, 0, 0, 0, 0, 0, 0, 0.0051939129, 0, 0;
 0, 0, 0, 0, 0, 0, 0, 0, 0, 0, 0.012618926, 0;
 0, 0, 0, 0, 0, 0, 0, 0, 0, 0, 0, 3.7927599]
deltaeye=
[0.0016271467, 0, 0, 0, 0, 0, 0, 0, 0, 0, 0, 0;
 0, 0.00036283038, 0, 0, 0, 0, 0, 0, 0, 0, 0, 0;
 0, 0, 0.33136171, 0, 0, 0, 0, 0, 0, 0, 0, 0;
 0, 0, 0, 0.0045787399, 0, 0, 0, 0, 0, 0, 0, 0;
 0, 0, 0, 0, 0.0041042557, 0, 0, 0, 0, 0, 0, 0;
 0, 0, 0, 0, 0, 1.149098, 0, 0, 0, 0, 0, 0;
 0, 0, 0, 0, 0, 0, 0.0015365122, 0, 0, 0, 0, 0;
 0, 0, 0, 0, 0, 0, 0, 4.4710032e-05, 0, 0, 0, 0;
 0, 0, 0, 0, 0, 0, 0, 0, 0.41649055, 0, 0, 0;
 0, 0, 0, 0, 0, 0, 0, 0, 0, 0.00043025031, 0, 0;
 0, 0, 0, 0, 0, 0, 0, 0, 0, 0, 0.018586261, 0;
 0, 0, 0, 0, 0, 0, 0, 0, 0, 0, 0, 3.7393441]
deltaeye=
[0.0014120162, 0, 0, 0, 0, 0, 0, 0, 0, 0, 0, 0;
 0, 0.00038075072, 0, 0, 0, 0, 0, 0, 0, 0, 0, 0;
 0, 0, 0.52617246, 0, 0, 0, 0, 0, 0, 0, 0, 0;
 0, 0, 0, 0.00089207268, 0, 0, 0, 0, 0, 0, 0, 0;
 0, 0, 0, 0, 0.0028466173, 0, 0, 0, 0, 0, 0, 0;
 0, 0, 0, 0, 0, 1.1627406, 0, 0, 0, 0, 0, 0;
 0, 0, 0, 0, 0, 0, 0.0010758564, 0, 0, 0, 0, 0;
 0, 0, 0, 0, 0, 0, 0, 2.3366103e-05, 0, 0, 0, 0;
 0, 0, 0, 0, 0, 0, 0, 0, 0.48279035, 0, 0, 0;
 0, 0, 0, 0, 0, 0, 0, 0, 0, 0.0033047914, 0, 0;
 0, 0, 0, 0, 0, 0, 0, 0, 0, 0, 0.0096299816, 0;
 0, 0, 0, 0, 0, 0, 0, 0, 0, 0, 0, 3.105092]
deltaeye=
[0.00029931375, 0, 0, 0, 0, 0, 0, 0, 0, 0, 0, 0;
 0, 0.00027001987, 0, 0, 0, 0, 0, 0, 0, 0, 0, 0;
 0, 0, 0.51610261, 0, 0, 0, 0, 0, 0, 0, 0, 0;
 0, 0, 0, 0.0098744677, 0, 0, 0, 0, 0, 0, 0, 0;
 0, 0, 0, 0, 0.0026441705, 0, 0, 0, 0, 0, 0, 0;
 0, 0, 0, 0, 0, 1.3432831, 0, 0, 0, 0, 0, 0;
 0, 0, 0, 0, 0, 0, 4.5066561e-05, 0, 0, 0, 0, 0;
 0, 0, 0, 0, 0, 0, 0, 0.00024914747, 0, 0, 0, 0;
 0, 0, 0, 0, 0, 0, 0, 0, 0.25301933, 0, 0, 0;
 0, 0, 0, 0, 0, 0, 0, 0, 0, 0.0036902747, 0, 0;
 0, 0, 0, 0, 0, 0, 0, 0, 0, 0, 0.018293472, 0;
 0, 0, 0, 0, 0, 0, 0, 0, 0, 0, 0, 4.300293]
deltaeye=
[3.0874546e-07, 0, 0, 0, 0, 0, 0, 0, 0, 0, 0, 0;
 0, 0.00027392321, 0, 0, 0, 0, 0, 0, 0, 0, 0, 0;
 0, 0, 0.76606572, 0, 0, 0, 0, 0, 0, 0, 0, 0;
 0, 0, 0, 0.0074168788, 0, 0, 0, 0, 0, 0, 0, 0;
 0, 0, 0, 0, 0.0042633843, 0, 0, 0, 0, 0, 0, 0;
 0, 0, 0, 0, 0, 1.6973072, 0, 0, 0, 0, 0, 0;
 0, 0, 0, 0, 0, 0, 0.0016307966, 0, 0, 0, 0, 0;
 0, 0, 0, 0, 0, 0, 0, 2.5421492e-05, 0, 0, 0, 0;
 0, 0, 0, 0, 0, 0, 0, 0, 0.50907469, 0, 0, 0;
 0, 0, 0, 0, 0, 0, 0, 0, 0, 5.2486344e-06, 0, 0;
 0, 0, 0, 0, 0, 0, 0, 0, 0, 0, 0.016431835, 0;
 0, 0, 0, 0, 0, 0, 0, 0, 0, 0, 0, 3.1196613]
deltaeye=
[3.1560383e-05, 0, 0, 0, 0, 0, 0, 0, 0, 0, 0, 0;
 0, 0.00033254043, 0, 0, 0, 0, 0, 0, 0, 0, 0, 0;
 0, 0, 0.49192584, 0, 0, 0, 0, 0, 0, 0, 0, 0;
 0, 0, 0, 0.0031050029, 0, 0, 0, 0, 0, 0, 0, 0;
 0, 0, 0, 0, 0.0054188743, 0, 0, 0, 0, 0, 0, 0;
 0, 0, 0, 0, 0, 1.2219785, 0, 0, 0, 0, 0, 0;
 0, 0, 0, 0, 0, 0, 0.00086533459, 0, 0, 0, 0, 0;
 0, 0, 0, 0, 0, 0, 0, 0.0028118182, 0, 0, 0, 0;
 0, 0, 0, 0, 0, 0, 0, 0, 0.69413316, 0, 0, 0;
 0, 0, 0, 0, 0, 0, 0, 0, 0, 0.0016433089, 0, 0;
 0, 0, 0, 0, 0, 0, 0, 0, 0, 0, 0.012302735, 0;
 0, 0, 0, 0, 0, 0, 0, 0, 0, 0, 0, 3.6946158]
deltaeye=
[0.002206513, 0, 0, 0, 0, 0, 0, 0, 0, 0, 0, 0;
 0, 7.9903684e-06, 0, 0, 0, 0, 0, 0, 0, 0, 0, 0;
 0, 0, 0.42158365, 0, 0, 0, 0, 0, 0, 0, 0, 0;
 0, 0, 0, 0.0088735931, 0, 0, 0, 0, 0, 0, 0, 0;
 0, 0, 0, 0, 0.0040074117, 0, 0, 0, 0, 0, 0, 0;
 0, 0, 0, 0, 0, 1.4144462, 0, 0, 0, 0, 0, 0;
 0, 0, 0, 0, 0, 0, 3.7278427e-05, 0, 0, 0, 0, 0;
 0, 0, 0, 0, 0, 0, 0, 5.1154861e-05, 0, 0, 0, 0;
 0, 0, 0, 0, 0, 0, 0, 0, 0.26172283, 0, 0, 0;
 0, 0, 0, 0, 0, 0, 0, 0, 0, 0.0049700039, 0, 0;
 0, 0, 0, 0, 0, 0, 0, 0, 0, 0, 0.017812615, 0;
 0, 0, 0, 0, 0, 0, 0, 0, 0, 0, 0, 5.5258188]
deltaeye=
[0.0023579316, 0, 0, 0, 0, 0, 0, 0, 0, 0, 0, 0;
 0, 0.00099750725, 0, 0, 0, 0, 0, 0, 0, 0, 0, 0;
 0, 0, 0.84864956, 0, 0, 0, 0, 0, 0, 0, 0, 0;
 0, 0, 0, 0.00013553271, 0, 0, 0, 0, 0, 0, 0, 0;
 0, 0, 0, 0, 0.0034504372, 0, 0, 0, 0, 0, 0, 0;
 0, 0, 0, 0, 0, 1.4698914, 0, 0, 0, 0, 0, 0;
 0, 0, 0, 0, 0, 0, 1.3360129e-06, 0, 0, 0, 0, 0;
 0, 0, 0, 0, 0, 0, 0, 0.00031359479, 0, 0, 0, 0;
 0, 0, 0, 0, 0, 0, 0, 0, 0.52580786, 0, 0, 0;
 0, 0, 0, 0, 0, 0, 0, 0, 0, 0.0015445463, 0, 0;
 0, 0, 0, 0, 0, 0, 0, 0, 0, 0, 0.018909715, 0;
 0, 0, 0, 0, 0, 0, 0, 0, 0, 0, 0, 4.4298306]
deltaeye=
[0.0073687378, 0, 0, 0, 0, 0, 0, 0, 0, 0, 0, 0;
 0, 0.00042723544, 0, 0, 0, 0, 0, 0, 0, 0, 0, 0;
 0, 0, 0.64889646, 0, 0, 0, 0, 0, 0, 0, 0, 0;
 0, 0, 0, 0.0055173212, 0, 0, 0, 0, 0, 0, 0, 0;
 0, 0, 0, 0, 0.0055199647, 0, 0, 0, 0, 0, 0, 0;
 0, 0, 0, 0, 0, 1.6024522, 0, 0, 0, 0, 0, 0;
 0, 0, 0, 0, 0, 0, 0.00014966835, 0, 0, 0, 0, 0;
 0, 0, 0, 0, 0, 0, 0, 0.0018912343, 0, 0, 0, 0;
 0, 0, 0, 0, 0, 0, 0, 0, 0.49989784, 0, 0, 0;
 0, 0, 0, 0, 0, 0, 0, 0, 0, 0.0014912484, 0, 0;
 0, 0, 0, 0, 0, 0, 0, 0, 0, 0, 0.0056263348, 0;
 0, 0, 0, 0, 0, 0, 0, 0, 0, 0, 0, 3.6713138]
deltaeye=
[8.7231158e-05, 0, 0, 0, 0, 0, 0, 0, 0, 0, 0, 0;
 0, 9.8129254e-05, 0, 0, 0, 0, 0, 0, 0, 0, 0, 0;
 0, 0, 0.74908268, 0, 0, 0, 0, 0, 0, 0, 0, 0;
 0, 0, 0, 0.0050237165, 0, 0, 0, 0, 0, 0, 0, 0;
 0, 0, 0, 0, 0.0048648901, 0, 0, 0, 0, 0, 0, 0;
 0, 0, 0, 0, 0, 1.7389764, 0, 0, 0, 0, 0, 0;
 0, 0, 0, 0, 0, 0, 0.00019559149, 0, 0, 0, 0, 0;
 0, 0, 0, 0, 0, 0, 0, 0.0004706849, 0, 0, 0, 0;
 0, 0, 0, 0, 0, 0, 0, 0, 0.47778571, 0, 0, 0;
 0, 0, 0, 0, 0, 0, 0, 0, 0, 0.0017338543, 0, 0;
 0, 0, 0, 0, 0, 0, 0, 0, 0, 0, 0.01091658, 0;
 0, 0, 0, 0, 0, 0, 0, 0, 0, 0, 0, 5.6680274]
deltaeye=
[0.00013226131, 0, 0, 0, 0, 0, 0, 0, 0, 0, 0, 0;
 0, 6.5021617e-05, 0, 0, 0, 0, 0, 0, 0, 0, 0, 0;
 0, 0, 0.7917043, 0, 0, 0, 0, 0, 0, 0, 0, 0;
 0, 0, 0, 0.0014992456, 0, 0, 0, 0, 0, 0, 0, 0;
 0, 0, 0, 0, 0.0023559029, 0, 0, 0, 0, 0, 0, 0;
 0, 0, 0, 0, 0, 1.7119477, 0, 0, 0, 0, 0, 0;
 0, 0, 0, 0, 0, 0, 0.00066334871, 0, 0, 0, 0, 0;
 0, 0, 0, 0, 0, 0, 0, 0.00081613514, 0, 0, 0, 0;
 0, 0, 0, 0, 0, 0, 0, 0, 0.74712187, 0, 0, 0;
 0, 0, 0, 0, 0, 0, 0, 0, 0, 0.0026523357, 0, 0;
 0, 0, 0, 0, 0, 0, 0, 0, 0, 0, 0.010711813, 0;
 0, 0, 0, 0, 0, 0, 0, 0, 0, 0, 0, 3.6112204]
deltaeye=
[6.9925612e-05, 0, 0, 0, 0, 0, 0, 0, 0, 0, 0, 0;
 0, 0.00012000049, 0, 0, 0, 0, 0, 0, 0, 0, 0, 0;
 0, 0, 0.71346778, 0, 0, 0, 0, 0, 0, 0, 0, 0;
 0, 0, 0, 0.00067563931, 0, 0, 0, 0, 0, 0, 0, 0;
 0, 0, 0, 0, 0.0016107926, 0, 0, 0, 0, 0, 0, 0;
 0, 0, 0, 0, 0, 1.3110518, 0, 0, 0, 0, 0, 0;
 0, 0, 0, 0, 0, 0, 0.0012646329, 0, 0, 0, 0, 0;
 0, 0, 0, 0, 0, 0, 0, 0.0002032581, 0, 0, 0, 0;
 0, 0, 0, 0, 0, 0, 0, 0, 0.64866817, 0, 0, 0;
 0, 0, 0, 0, 0, 0, 0, 0, 0, 0.0065705422, 0, 0;
 0, 0, 0, 0, 0, 0, 0, 0, 0, 0, 0.014734951, 0;
 0, 0, 0, 0, 0, 0, 0, 0, 0, 0, 0, 4.3011055]
deltaeye=
[0.003883231, 0, 0, 0, 0, 0, 0, 0, 0;
 0, 0.0023393098, 0, 0, 0, 0, 0, 0, 0;
 0, 0, 1.4891428, 0, 0, 0, 0, 0, 0;
 0, 0, 0, 0.0010959955, 0, 0, 0, 0, 0;
 0, 0, 0, 0, 0.0001253481, 0, 0, 0, 0;
 0, 0, 0, 0, 0, 0.45255941, 0, 0, 0;
 0, 0, 0, 0, 0, 0, 0.010642171, 0, 0;
 0, 0, 0, 0, 0, 0, 0, 0.0055086552, 0;
 0, 0, 0, 0, 0, 0, 0, 0, 2.8516126]
deltaeye=
[0.01651312, 0, 0, 0, 0, 0, 0, 0, 0;
 0, 0.0021683408, 0, 0, 0, 0, 0, 0, 0;
 0, 0, 1.5757039, 0, 0, 0, 0, 0, 0;
 0, 0, 0, 4.933832e-05, 0, 0, 0, 0, 0;
 0, 0, 0, 0, 0.00029123572, 0, 0, 0, 0;
 0, 0, 0, 0, 0, 0.89558828, 0, 0, 0;
 0, 0, 0, 0, 0, 0, 0.005019743, 0, 0;
 0, 0, 0, 0, 0, 0, 0, 0.0056941863, 0;
 0, 0, 0, 0, 0, 0, 0, 0, 1.7557307]
deltaeye=
[0.0090631749, 0, 0, 0, 0, 0, 0, 0, 0;
 0, 0.0015063583, 0, 0, 0, 0, 0, 0, 0;
 0, 0, 1.2330829, 0, 0, 0, 0, 0, 0;
 0, 0, 0, 0.00046127682, 0, 0, 0, 0, 0;
 0, 0, 0, 0, 0.00010616539, 0, 0, 0, 0;
 0, 0, 0, 0, 0, 0.54968345, 0, 0, 0;
 0, 0, 0, 0, 0, 0, 0.00019798669, 0, 0;
 0, 0, 0, 0, 0, 0, 0, 0.013524668, 0;
 0, 0, 0, 0, 0, 0, 0, 0, 3.3439784]
deltaeye=
[0.0072183772, 0, 0, 0, 0, 0, 0, 0, 0;
 0, 0.0040978789, 0, 0, 0, 0, 0, 0, 0;
 0, 0, 1.7889112, 0, 0, 0, 0, 0, 0;
 0, 0, 0, 0.00095237279, 0, 0, 0, 0, 0;
 0, 0, 0, 0, 0.0011017853, 0, 0, 0, 0;
 0, 0, 0, 0, 0, 0.90174824, 0, 0, 0;
 0, 0, 0, 0, 0, 0, 0.0027804554, 0, 0;
 0, 0, 0, 0, 0, 0, 0, 0.0054975026, 0;
 0, 0, 0, 0, 0, 0, 0, 0, 2.3086579]
deltaeye=
[0.0015253224, 0, 0, 0, 0, 0, 0, 0, 0;
 0, 0.00514872, 0, 0, 0, 0, 0, 0, 0;
 0, 0, 1.853721, 0, 0, 0, 0, 0, 0;
 0, 0, 0, 0.00011416517, 0, 0, 0, 0, 0;
 0, 0, 0, 0, 0.00011249349, 0, 0, 0, 0;
 0, 0, 0, 0, 0, 0.91409409, 0, 0, 0;
 0, 0, 0, 0, 0, 0, 0.00079470995, 0, 0;
 0, 0, 