2.84683
2.84681
2.85704
2.89148
2.89148
2.89038
2.89387
2.93554
2.98131
2.99215
2.99431
3.03109
3.03278
3.04915
3.054
3.08865
3.09316
3.10348
3.13199
3.17841
3.21127
3.21425
3.23459
3.26681
3.26686
3.27318
3.26494
3.2626
3.25889
3.25929
3.25995
3.26072
3.42972
3.57399
3.54982
3.54379
3.55107
3.55247
3.55535
3.55916
3.55483
3.6214
3.59831
3.59713
3.59422
3.59224
3.58927
3.63498
3.62306
3.65492
3.63987
3.62892
3.63362
3.62726
3.63059
3.61871
3.61828
3.61671
3.66811
3.65241
3.64681
3.65333
3.64098
3.68249
3.66804
3.66313
3.69362
3.679
3.69394
3.68979
3.69521
3.68638
3.67831
3.67929
3.66813
3.67157
3.66816
3.67075
3.68905
3.69342
3.69656
3.68953
3.68952
3.68885
3.68348
3.68985
3.6833
3.68253
3.67318
3.68932
3.67
3.69887
3.68088
3.68582
3.6766
3.69968
3.68219
3.67889
3.67096
3.67406
3.66689
3.6954
3.67799
3.67869
3.69158
3.6676
3.67425
3.67331
3.67419
3.67018
3.66245
3.6818
3.67535
3.66552
3.66512
3.66459
3.68228
3.66709
3.68607
3.6889
3.6779
3.67744
3.67115
3.67866
3.66561
3.66321
3.66649
3.66152
3.6584
3.65074
3.65656
3.67891
3.66224
3.67122
3.68067
3.66743
3.66189
3.66944
3.67951
3.68449
3.67262
3.68352
3.66702
3.68216
3.66414
3.68138
3.66627
3.67477
3.66035
3.6667
3.65865
3.65652
3.6569
3.65032
3.66306
3.64656
3.65055
3.66041
3.65132
3.64968
3.65922
3.646
3.64198
3.65688
3.65496
3.65347
3.65847
3.65136
3.64845
3.64485
3.65274
3.65935
3.66388
3.65166
3.65183
3.64775
3.6458
3.65964
3.64462
3.63745
3.63932
3.64459
3.66084
3.63998
3.65102
3.64041
3.63368
3.6334
3.63025
3.62651
3.62771
3.62249
3.62795
3.6202
3.63011
3.62072
3.64042
3.61295
3.62269
3.612
3.63642
3.61979
3.61998
3.61094
3.61588
3.61997
3.63095
3.6174
3.62028
3.6104
3.62495
3.62088
3.60642
3.61361
3.62211
3.60997
3.61351
3.60651
3.60085
3.60312
3.61293
3.60213
3.59867
3.59929
3.59557
