2.85933
2.83432
2.83432
2.84683
2.85933
2.84683
2.84683
2.83432
2.84683
2.85933
2.84683
2.85933
2.84683
2.85933
2.85933
2.84683
2.85933
2.87181
2.85933
2.84683
2.84683
2.84683
2.84683
2.85933
2.84683
2.84683
2.85933
2.84683
2.84683
2.84683
2.84683
2.84683
2.84683
2.85933
2.85933
2.84683
2.85933
2.84683
2.85933
2.84683
2.85933
2.84683
2.84683
2.85933
2.84683
2.87181
2.84683
2.85933
2.87181
2.85933
2.84683
2.85933
2.84683
2.85933
2.85933
2.84683
2.85933
2.85933
2.84683
2.84683
2.87181
2.85933
2.85933
2.87181
2.85933
2.84683
2.84683
2.85933
2.85933
2.85933
2.85933
2.83432
2.84683
2.85933
2.84683
2.84683
2.85933
2.85933
2.84683
2.85933
2.85933
2.85933
2.85933
2.84683
2.84683
2.85933
2.84683
2.84683
2.85933
2.87181
2.85933
2.85933
2.84683
2.84683
2.85933
2.85933
2.84683
2.84683
2.84683
2.84683
2.83432
2.84683
2.84683
2.85933
2.84683
2.84683
2.85933
2.84683
2.85933
2.85933
2.83432
2.84683
2.84683
2.84683
2.85933
2.84683
2.84683
2.84683
2.84683
2.87181
2.84683
2.84683
2.85933
2.85933
2.84683
2.85933
2.85933
2.85933
2.84683
2.84683
2.85933
2.84683
2.84683
2.84683
2.84683
2.85933
2.84683
2.83432
2.83432
2.84683
2.85933
2.84683
2.84683
2.84683
2.85933
2.85933
2.84683
2.84683
2.84683
2.85933
2.84683
2.84683
2.84683
2.85933
2.85933
2.84683
2.83432
2.85933
2.84683
2.83432
2.84683
2.84683
2.87181
2.84683
2.87181
2.84683
2.85933
2.84683
2.84683
2.84683
2.85933
2.84683
2.83432
2.85933
2.85933
2.85933
2.84683
2.84683
2.85933
2.84683
2.85933
2.85933
2.84683
2.85933
2.85933
2.84683
2.85933
2.85933
2.84683
2.85933
2.84683
2.84683
2.84683
2.84683
2.85933
2.84683
2.85933
2.85933
2.84683
2.84683
2.84683
2.85933
2.85933
2.85933
2.84683
2.84683
2.83432
2.84683
2.84683
2.85933
2.85933
2.85933
2.84683
2.84683
2.84683
2.84683
2.85933
2.85933
2.85933
2.87181
