2.84683
2.84487
2.84628
2.84502
2.90996
2.94607
2.96808
2.95505
2.96492
2.96556
2.96799
2.96886
3.05881
3.05212
3.08071
3.07081
3.06967
3.07098
3.07475
3.07258
3.07908
3.07436
3.07459
3.07584
3.0737
3.06985
3.11051
3.10663
3.10419
3.10319
3.11034
3.11156
3.15722
3.14577
3.14669
3.14763
3.14694
3.19858
3.19133
3.18946
3.18203
3.18257
3.1878
3.18692
3.18656
3.18525
3.1863
3.18743
3.18124
3.24023
3.23084
3.22756
3.2294
3.26384
3.28371
3.27392
3.26632
3.26321
3.27014
3.26943
3.26723
3.30178
3.28033
3.28122
3.28256
3.27824
3.28196
3.27587
3.27772
3.27719
3.27759
3.2727
3.26817
3.30238
3.28751
3.30925
3.29622
3.29363
3.28691
3.29069
3.29191
3.27936
3.28791
3.28495
3.28005
3.28052
3.27947
3.31657
3.30156
3.29132
3.29555
3.29706
3.29403
3.29012
3.29023
3.28629
3.31951
3.30103
3.31122
3.30238
3.30341
3.30478
3.30066
3.30016
3.31788
3.30441
3.30058
3.31896
3.30941
3.30535
3.30594
3.30254
3.29919
3.30077
3.30168
3.29478
3.29474
3.29577
3.30829
3.31332
3.304
3.30548
3.29772
3.30236
3.30172
3.3022
3.29258
3.2919
3.30401
3.29613
3.29286
3.29886
3.29255
3.3139
3.30052
3.31671
3.29893
3.30002
3.2986
3.29731
3.29687
3.29601
3.31241
3.30056
3.30966
3.30146
3.30078
3.31276
3.30314
3.30223
3.30123
3.30293
3.29555
3.29338
3.29875
3.29505
3.28949
3.29387
3.29183
3.2936
3.2872
3.28372
3.28815
3.29414
3.28762
3.28509
3.29496
3.30386
3.28985
3.30472
3.28841
3.28443
3.28678
3.28613
3.28705
3.28199
3.28591
3.30748
3.28722
3.28195
3.29137
3.2942
3.30807
3.29022
3.28809
3.29244
3.30064
3.29823
3.2928
3.28862
3.30374
3.30847
3.30918
3.30429
3.2929
3.29081
3.28919
3.29091
3.29385
3.28822
3.29554
3.28466
3.30026
3.29567
3.28961
3.2858
3.28637
3.28803
3.28792
3.29669
3.29173
3.29676
3.2867
3.28704
3.28391
3.2794
3.2787
3.29494
3.3063
3.28878
