0
0
0
0
0
0.0427606
-0.0352557
-0.00767945
0.0225147
0
-0.0123918
0.00802851
0
0
0
0
0
-0.0010472
0.00575959
-0.0162316
-0.0331613
0.0228638
0.0139626
0.0162316
-0.0228638
0.00174533
-0.00453786
0.00855211
-0.00994838
0.0136136
0.021293
-0.000174533
0.000523599
-0.0321141
-0.0155334
-0.0165806
0.0155334
-0.0431096
-0.0167552
0.00453786
-0.0106465
0.000523599
-0.000523599
0.0214675
0.0279253
0.0115192
0
0.0146608
0.0101229
-0.0164061
-0.000523599
-0.00226893
0.0202458
0.00139626
0.00506145
-0.00122173
0.0322886
0.0188496
0.0237365
0.00750492
0.00139626
0.00191986
-0.0015708
0.00698132
-0.01309
-0.00174533
0.018675
-0.00959931
0.00296706
-0.00122173
-0.0202458
-0.0286234
-0.0274017
-0.023911
-0.0202458
-0.0120428
0.00663225
0.0118682
-0.0010472
0.00418879
0.00383972
0.0153589
-0.000174533
-0.00855211
0.000523599
-0.0293215
-0.0179769
0.0106465
-0.00837758
-0.0148353
0.0116937
-0.0198968
0.0101229
-0.00366519
-0.0193732
-0.00244346
-0.00698132
-0.0294961
0.00942478
0.0329867
0.0123918
0.0172788
0.0139626
0.0251327
0.0123918
0.00349066
-0.00314159
0.00593412
-0.00226893
-0.00645772
-0.00226893
0.0151844
0.0214675
0.0132645
-0.0020944
0.018326
0.00872665
0.00453786
-0.00855211
-0.0102974
0.00366519
-0.00296706
0.00383972
-0.00401426
0.0102974
0.00698132
-0.00139626
-0.00314159
0.0179769
0.0143117
-0.0123918
-0.00733038
-0.00523599
0.00401426
-0.0176278
-0.00715585
-0.0101229
-0.00663225
0.000174533
0.0237365
0.0345575
0.0507891
0.0165806
-0.0261799
0.00261799
0.0111701
0.0204204
0.0333358
0.015708
0.0352557
0.0155334
-0.00314159
-0.00418879
0.0198968
0.00942478
-0.00541052
0.000174533
-0.000698132
0.00366519
-0.00645772
-0.0127409
0.00628319
-0.0127409
-0.00733038
-0.0202458
-0.0251327
-0.00907571
-0.0420624
-0.218515
-0.199666
-0.33074
-0.209265
-0.232478
-0.221133
-0.201586
-0.270526
-0.213803
-0.190241
-0.2241
-0.226893
-0.231431
-0.212058
-0.228987
-0.213628
-0.221657
-0.221657
-0.217468
-0.228289
-0.20752
-0.205076
-0.217468
-0.237539
-0.240681
-0.241379
-0.23527
-0.267908
-0.267384
-0.243648
-0.241728
-0.249058
-0.231431
-0.264243
-0.272271
-0.272446
-0.26913
-0.292692
-0.277856
-0.268257
-0.274715
-0.280125
-0.285361
-0.291819
-0.302116
-0.284663
-0.294437
-0.282918
-0.299324
-0.290597
-0.302116
-0.301244
-0.294437
-0.296008
-0.284489
-0.298975
-0.296008
-0.304734
-0.313985
-0.308051
-0.327598
-0.314683
0.0424115
-0.0195477
0
0.00506145
0
0
0
0.000872665
-0.000174533
-0.0354302
0.0101229
-0.0151844
-0.0123918
-0.0178024
-0.0345575
-0.0336849
-0.00994838
-0.0267035
-0.0240855
-0.0219911
-0.0191986
-0.0010472
-0.00122173
-0.0296706
-0.00733038
-0.00610865
-0.0232129
-0.0289725
-0.021293
-0.0179769
-0.00418879
-0.00261799
-0.00174533
-0.00349066
0.00331613
0.00436332
-0.00436332
0
-0.0300197
-0.0144862
-0.0144862
-0.0235619
-0.0188496
-0.0178024
-0.00750492
-0.0235619
-0.0020944
-0.00558505
-0.00331613
0.00994838
0.0115192
-0.00733038
-0.0190241
0.00541052
-0.00890118
-0.0282743
-0.0144862
-0.0178024
-0.0155334
-0.00925025
-0.01309
0.000349066
-0.0219911
-0.0198968
-0.0225147
-0.0118682
-0.0137881
-0.0164061
-0.0254818
-0.0165806
-0.0116937
-0.00942478
-0.00785398
-0.00523599
-0.00837758
-0.0293215
-0.0286234
-0.0223402
-0.0204204
-0.0232129
-0.0280998
-0.00890118
-0.00226893
-0.00942478
0.00349066
0.00436332
-0.0232129
-0.00977384
-0.0151844
-0.0247837
0.0150098
-0.010821
-0.016057
0.00436332
0.000872665
-0.00820305
0.0181514
0.0315905
0.0382227
0
0.0165806
0
-0.0162316
0
0
0
0
0
0
0
0
0
0
0
0
0
0
0
0
0
0
0
0
