0
0
0
0
0
0
0
0
0
0
0
0
0
0
0
0
0
0
0.0533076
0.230289
0.153526
0.159923
0.228156
0.201147
0.181246
0.195461
0.208966
0.19475
0.19475
0.193329
0.19404
0.208966
0.202569
0.198304
0.19475
0.202569
0.196883
0.206123
0.208255
0.203279
0.208966
0.20399
0.206123
0.204701
0.202569
0.20399
0.211098
0.208966
0.210387
0.211098
0.208966
0.207544
0.209676
0.21323
0.21323
0.208966
0.212519
0.218916
0.217495
0.215363
0.215363
0.214652
0.217495
0.217495
0.220338
0.218206
0.218206
0.219627
0.217495
0.220338
0.219627
0.221759
0.221759
0.219627
0.219627
0.224602
0.217495
0.220338
0.224602
0.223181
0.226024
0.223892
0.221759
0.221759
0.227446
0.230289
0.228156
0.226024
0.225313
0.22247
0.228156
0.229578
0.226024
0.228156
0.228156
0.223892
0.228867
0.229578
0.229578
0.227446
0.22773
0.225313
0.230289
0.228156
0.228156
0.230289
0.226735
0.228867
0.230999
0.232421
0.228867
0.232421
0.232421
0.230289
0.227446
0.230289
0.234553
0.236686
0.23171
0.234553
0.234553
0.233842
0.234553
0.233842
0.237396
0.233132
0.230999
0.235975
0.236686
0.233842
0.235975
0.235975
0.234553
0.236686
0.237396
0.236259
0.235264
0.238818
0.236686
0.232421
0.237396
0.242372
0.240239
0.237396
0.239529
0.240239
0.234553
0.237396
0.236686
0.238107
0.239529
0.238818
0.234553
0.243082
0.237396
0.238818
0.236686
0.24095
0.239529
0.238107
0.238107
0.238818
0.238818
0.241661
0.232421
0.247347
0.24095
0.125806
0.0461999
0.0341168
0.00355384
0.0149261
0.0298522
0.021323
0.0206123
0.0170584
0.0255876
0.0248769
0.0220338
0.0170584
0.0234553
0.0206123
0.0234553
0.021323
0.01848
0.0199015
0.01848
0.0227446
0.0220338
0.0170584
0.0191907
0.01848
0.0177692
0.0177692
0.0170584
0.021323
0.0206123
0.0170584
0.0170584
0.01848
0.0149261
0.0170584
0.0191907
0.0156369
0.0142153
0.0149261
0.0156369
0.0156369
0.0149261
0.0163477
0.0149261
0.0149261
0.0156369
0.0142153
0.0135046
0.0142153
0.0135046
0.0149261
0.0149261
0.0140732
0.0149261
0.0127938
0.0149261
0.012083
0.0127938
0.0106615
0.0127938
0.0113723
0.0113723
0.0042646
0
0
0
0
0
0
0
0
0.0177692
0.196598
0.203279
0.181246
0.1848
0.186221
0.19475
0.202569
0.187643
0.202569
0.201858
0.197593
0.198304
0.197593
0.196883
0.199726
0.199726
0.199015
0.203279
0.204701
0.211098
0.202569
0.207544
0.208255
0.204701
0.205412
0.204701
0.206833
0.207544
0.204701
0.209676
0.209676
0.211098
0.211098
0.211098
0.211809
0.211098
0.208966
0.209676
0.21323
0.213941
0.211098
0.213941
0.212804
0.217495
0.215363
0.221759
0.215363
0.218206
0.217495
0.218916
0.218916
0.217495
0.223892
0.219627
0.218916
0.221759
0.220338
0.22247
0.22247
0.22247
0.220338
0.221759
0.221049
0.221759
0.221049
0.223892
0.224602
0.224602
0.223892
0.224602
0.228867
0.225313
0.228156
0.228867
0.228156
0.226024
0.228156
0.228867
0.228156
0.226024
0.230289
0.228156
0.228867
0.226735
0.229578
0.228156
0.106615
0.0170584
0.0042646
-0.00568614
0
0.00923998
0
0
0
0
0
0
0
0
0
0
0
0
0
0
0
0
0
0
0
0
0
0
