0
0
0
0
0
0
0
0
0
0
0
0.00380205
0.0215119
0.0329074
0.0452139
0.0618768
0.079664
0.0941215
0.109956
0.127302
0.157155
0.174048
0.18925
0.203978
0.220088
0.23731
0.252935
0.267618
0.283271
0.30069
0.331164
0.350506
0.367401
0.385997
0.402419
0.421101
0.437466
0.453321
0.469835
0.486648
0.503623
0.524261
0.541065
0.558801
0.575546
0.592586
0.609494
0.626066
0.656562
0.67281
0.689684
0.705092
0.721555
0.73987
0.758786
0.774653
0.791613
0.808832
0.825741
0.843873
0.877916
0.895529
0.912025
0.930247
0.96393
0.98606
0.999404
1.01546
1.03416
1.05161
1.06903
1.08524
1.10253
1.11948
1.13771
1.15755
1.17311
1.19058
1.20748
1.22682
1.24384
1.26081
1.28223
1.29982
1.31754
1.33574
1.35194
1.37045
1.38951
1.40359
1.42099
1.43935
1.45767
1.47529
1.49377
1.50973
1.52704
1.54543
1.56197
1.5812
1.59816
1.61471
1.63363
1.65241
1.6735
1.69083
1.7112
1.72849
1.74556
1.76456
1.78211
1.79984
1.81843
1.83644
1.85566
1.87512
1.89325
1.91242
1.93047
1.94773
1.96822
1.98604
2.0037
2.02204
2.0414
2.0692
2.08008
2.09774
2.11717
2.13515
2.15293
2.17148
2.18949
2.20741
2.22681
2.24482
2.26467
2.29881
2.31832
2.33778
2.35718
2.37516
2.39458
2.41292
2.43203
2.45022
2.46818
2.48771
2.50669
2.52458
2.54622
2.56354
2.58289
2.60231
2.62042
2.63809
2.65605
2.67527
2.69514
2.71353
2.72527
2.72853
2.73121
2.73147
2.7326
2.73477
2.73636
2.73806
2.74031
2.74127
2.74271
2.74423
2.74548
2.74746
2.74928
2.75089
2.75259
2.75389
2.75528
2.75671
2.75819
2.75992
2.76135
2.76279
2.7642
2.76663
2.76797
2.7691
2.77058
2.77225
2.77447
2.77567
2.77701
2.77802
2.77913
2.7805
2.78132
2.78223
2.78305
2.78401
2.7849
2.78588
2.78676
2.78749
2.78835
2.78911
2.7898
2.79044
2.79113
2.79225
2.79287
2.79346
2.79401
2.79449
2.79499
2.79544
2.79579
2.79843
2.79853
2.79866
2.79873
2.79879
2.7988
2.7988
2.7988
2.7988
2.7988
2.7988
2.7988
2.7988
2.7988
2.79883
2.79907
2.79934
2.79957
2.79981
2.80001
2.80021
2.80035
2.80045
2.80054
2.8006
2.80062
2.80061
2.80059
2.80056
2.80052
2.80044
2.80038
2.80028
2.80014
2.79998
2.79978
2.79957
2.79933
2.79912
2.79891
2.7987
2.79849
2.7983
2.7981
2.79785
2.79756
2.79725
2.79693
2.79659
2.79616
2.79586
2.79546
2.79506
2.79462
2.79416
2.79378
2.79328
2.79278
2.79219
2.79173
2.7912
2.79071
2.79013
2.78964
2.7891
2.78792
2.78727
2.78662
2.78542
2.78474
2.78401
2.78331
2.78249
2.78163
2.78076
2.77984
2.77825
2.77732
2.77653
2.77542
2.77436
2.77345
2.77247
2.77131
2.77017
2.76873
2.76695
2.76624
2.76487
2.76365
2.76232
2.76115
2.75977
2.75821
2.75739
2.75578
2.75461
2.75333
2.752
2.75067
2.74942
2.74873
2.74864
2.74861
2.74864
2.74864
2.7486
2.7486
2.7486
2.7486
2.7486
2.7486
2.7486
2.7486
2.7486
2.7486
2.7486
2.7486
2.7486
2.7486
2.7486
2.7486
2.7486
2.7486
2.7486
2.7486
2.7486
2.7486
2.7486
