0
0
0
0
0
0
0
0
0
0
1.34154e-07
-1.96724e-06
-6.14165e-05
-0.000127475
-0.000257099
-0.000323285
-0.000352643
-0.000360873
-0.00037568
-0.000347877
-0.000301742
-0.000238154
-0.00019538
-0.000193761
-0.000338553
-0.000390259
-0.000507591
-0.000643345
-0.000726437
-0.000764925
-0.000636721
-0.000483362
-0.000342111
-0.000147819
9.29196e-05
0.000362545
0.000690282
0.000856459
0.00109699
0.00134034
0.00150723
0.00164052
0.00167754
0.00168099
0.00163621
0.00159615
0.00150449
0.00133936
0.0010638
0.000922916
0.000660598
0.000438849
0.000274794
0.000130131
0.000102866
8.56294e-05
0.000120431
0.000231393
0.000395804
0.000625731
0.000873081
0.00124918
0.00134966
0.00149554
0.00171526
0.00194202
0.00219424
0.00237456
0.00253403
0.00271112
0.00288727
0.00302509
0.0032747
0.00360636
0.00411612
0.00447548
0.004686
0.00511108
0.00544985
0.00581643
0.00626445
0.00659355
0.00693638
0.00725877
0.00767792
0.00802222
0.00851475
0.00909205
