-0.00149624
-0.00162543
-0.000881027
0.00492515
-0.00132622
-0.00187345
-0.00791674
-0.00880551
-0.0104623
-0.0135625
-0.013324
-0.0138058
-0.0128934
-0.0122316
-0.0134689
-0.0135799
-0.0171191
-0.0166617
-0.0176183
-0.0173802
-0.0153027
-0.015563
-0.0136254
-0.0136254
-0.0142316
-0.0148395
-0.0150744
-0.0142127
-0.01306
-0.012614
-0.013403
-0.0137723
-0.0131686
-0.015369
-0.0162064
-0.0148632
-0.0158763
-0.0141669
-0.0117419
-0.0120156
-0.0108641
-0.0107845
-0.011157
-0.0131838
-0.0128635
-0.0127435
-0.0129078
-0.0119023
-0.00984964
-0.0109271
-0.00996301
-0.0103165
-0.0115204
-0.0124911
-0.012985
-0.0131272
-0.0119489
-0.0116446
-0.0119615
-0.0119254
-0.0112151
-0.0116607
-0.00956157
-0.00792839
-0.00658193
-0.00602721
-0.00781763
-0.00883093
-0.00977082
-0.0102797
-0.0110669
-0.0116223
-0.0102889
-0.00830116
-0.00889261
-0.00878522
-0.00823597
-0.0100173
-0.00976581
-0.0107189
-0.0119043
-0.0104277
-0.0087277
-0.00968996
-0.0268715
-0.0267728
-0.0233173
-0.0174019
-0.00557157
-0.00272302
0.00463469
0.0248593
0.0448704
0.0756616
0.122012
0.133599
0.160396
0.191349
0.225873
0.253938
0.276578
0.305953
0.338019
0.366397
0.389245
0.417481
0.443454
0.474127
0.497583
0.524567
0.559067
0.577555
0.601983
0.629685
0.655923
0.68281
0.710748
0.735904
0.760786
0.787028
0.815919
0.840717
0.865511
0.892461
0.916319
0.942555
0.967337
0.993393
1.01325
1.04335
1.0658
1.09247
1.12019
1.14595
1.17174
1.19792
1.22178
1.24564
1.26996
1.29408
1.31882
1.34342
1.36812
1.39036
1.41526
1.4423
1.46604
1.49155
1.51781
1.54171
1.56169
1.55111
1.55456
1.55423
1.55423
1.55423
1.55423
1.58541
1.58661
1.58805
1.58892
1.59061
1.59081
1.59052
1.59186
1.59166
1.59307
1.59301
1.59268
1.59145
1.58954
1.58886
1.58697
1.58697
1.58824
1.5884
1.58827
1.58907
1.58873
1.58831
1.58773
1.58678
1.58561
1.58499
1.58692
1.5895
1.59096
1.59189
1.59133
1.59113
1.59134
1.59028
1.59043
1.59049
1.59018
1.58981
1.59122
1.59123
1.59021
1.59133
1.59111
1.59022
1.59294
1.59269
1.59379
1.59379
1.59262
1.5916
1.59168
1.59344
1.59282
1.59406
1.59556
1.59357
1.59243
1.58926
1.58844
1.58598
1.58647
1.58603
1.58653
1.58804
1.58789
1.58823
1.59035
1.59143
1.59076
1.59236
1.59461
1.59561
1.5965
1.59568
1.59443
1.59227
1.59107
1.58873
1.58765
1.58951
1.58912
1.58869
1.59007
1.59088
1.59019
1.58978
1.58943
1.58965
1.59095
1.59299
1.59334
1.59594
1.59466
1.59499
1.59462
1.59562
1.59649
1.59576
1.59591
1.59492
1.59298
1.593
1.59358
1.59467
1.59461
1.59487
1.59465
1.59497
1.59635
1.59677
1.59628
1.59699
1.59678
1.59734
1.59598
1.59419
1.59415
1.59402
1.59206
1.59181
1.59224
1.59094
1.58996
1.59175
1.59203
1.59261
1.59418
1.59402
1.59339
1.59257
1.59101
1.5903
1.59057
1.59295
1.59373
1.59472
1.59586
1.59527
1.59615
1.59562
1.59544
1.59516
1.59734
1.59763
1.59958
1.60027
1.59836
1.59699
1.5961
1.59629
1.59565
1.5974
1.59892
1.59955
1.6009
1.6005
1.59977
1.59972
1.5998
1.59847
1.59859
1.59869
1.59813
1.59783
1.59586
1.59509
1.59446
1.59592
1.59727
1.59941
1.60186
1.60149
1.6019
1.60154
1.60173
1.60053
1.59689
1.597
1.59602
1.59627
1.59452
1.59293
1.59173
1.59354
1.59387
1.5944
1.59476
1.59753
1.59994
1.60053
1.60306
1.60332
1.60347
1.60583
1.60782
1.60574
1.60486
1.6039
1.60149
1.60246
1.59752
1.59864
1.59928
1.59687
1.59797
1.59881
1.59881
1.59881
1.59881
1.59881
1.59881
1.59881
1.59881
1.59881
1.59881
1.59881
1.59881
1.59881
1.59881
1.59881
1.59881
1.59881
1.59881
1.59881
1.59881
1.59881
1.59881
1.59881
1.59881
1.59881
1.59881
1.59881
1.59881
1.59881
1.59881
1.59881
1.59881
1.59881
1.59881
1.59881
1.59881
1.59881
1.59881
1.59822
1.59913
1.59913
1.59913
1.59913
1.59913
1.59913
1.59913
