3.01904
3.01904
3.00536
2.99246
2.99246
3.0327
3.01904
3.0327
3.01904
3.00536
3.0327
2.99246
3.0327
3.01779
3.0327
3.00536
3.01779
3.01904
2.98629
2.9746
2.96416
2.94857
2.92373
2.91146
2.8971
2.89109
2.87874
2.86637
2.87277
2.83888
2.74861
2.75242
2.74146
2.72205
2.72077
2.68898
2.68004
2.64889
2.63988
2.61237
2.58347
2.57684
2.56155
2.53661
2.46588
2.43676
2.42365
2.41088
2.42363
2.37984
2.37598
2.3413
2.3452
2.27997
2.2717
2.21978
2.19565
2.18675
2.154
2.14463
2.09392
2.05457
2.03806
1.97879
