-0.157186
-0.158771
-0.158771
-0.158771
-0.157186
-0.158771
-0.157186
-0.158771
-0.158771
-0.158771
-0.158771
-0.158771
-0.157186
-0.158771
-0.158771
-0.158771
-0.157186
-0.158771
-0.158771
-0.158771
-0.157186
-0.157186
-0.157186
-0.157186
-0.158771
-0.160355
-0.168263
-0.163521
-0.163521
-0.157186
-0.157186
-0.157186
-0.158771
-0.160355
-0.160355
-0.161938
-0.163521
-0.163521
-0.163521
-0.161938
-0.163521
-0.163521
-0.166683
-0.166683
-0.168263
-0.169842
-0.171421
-0.172998
-0.17615
-0.174575
-0.177725
-0.180872
-0.180872
-0.180872
-0.182444
-0.184015
-0.184015
-0.187155
-0.190291
-0.191857
-0.194987
-0.198114
-0.199675
-0.202796
-0.205912
-0.205912
-0.207469
-0.210579
-0.212133
-0.213685
-0.218337
-0.221432
-0.222978
-0.226068
-0.229152
-0.230693
-0.233771
-0.236845
-0.23838
-0.244509
-0.247566
-0.250619
-0.253667
-0.25823
-0.261265
-0.26581
-0.270343
-0.277874
-0.282376
-0.285372
-0.288362
-0.292837
-0.2973
-0.300268
-0.303232
-0.309141
-0.315029
-0.320894
-0.326737
-0.332556
-0.336905
-0.342683
-0.347002
-0.354169
-0.393595
-0.393595
-0.39082
-0.389429
-0.39082
-0.393595
-0.401883
0.45556
0.426324
0.399052
0.368313
0.341163
0.31348
0.285291
0.256628
0.229069
0.202712
0.185501
0.149164
0.130041
0.102788
0.0753814
0.049482
0.0218918
-0.00735681
-0.0333466
-0.0899946
-0.114117
-0.139701
-0.157186
-0.184015
-0.209024
-0.235309
-0.264296
-0.289855
-0.316497
-0.344124
-0.38943
-0.416926
0.049482
0.0559645
0.0365052
0.0332589
0.0316355
0.0300119
0.0283882
0.0316355
0.0332589
0.0348822
0.0332589
0.0348822
0.0348822
0.0381281
0.0365052
0.0348822
0.0365052
0.0365052
0.0365052
0.0365052
0.0365052
0.0365052
0.0381281
0.0381281
0.0365052
0.0381281
0.0381281
0.0381281
0.0381281
0.0381281
0.0381281
0.0397508
0.0413732
0.0413732
0.0413732
0.0397508
0.0381281
0.0413732
0.0446175
0.0462392
0.0478607
0.0478608
0.0478608
0.0462392
0.0446174
0.0446174
0.0446174
0.0429954
0.0413732
0.0413732
0.0381281
0.0365052
0.0365052
0.0365052
0.0381281
0.0397508
0.0397508
0.0413732
0.0429954
0.0429954
0.0429954
0.0429954
0.0413732
0.0413732
0.0413732
0.0413732
0.0381281
0.0381281
0.0365052
0.0365052
0.0381281
0.0381281
0.0381281
0.0381281
0.0397508
0.0381281
0.0381281
0.0413732
0.0413732
0.0429954
0.0413732
0.0413732
0.0413732
0.0413732
0.0397508
0.0397508
0.0397508
0.0397508
0.0397508
0.0413732
0.0413732
0.0413732
0.0429954
0.0429954
0.0429954
0.0446174
0.0462392
0.0462392
0.0478608
0.0478608
0.0478607
0.0478607
0.0462392
0.0478608
0.0478608
0.0478608
0.049482
0.049482
0.049482
0.0478608
0.0462392
0.0462392
0.0446174
0.0462392
0.0462392
0.0462392
0.0478608
0.0478608
0.0446175
0.0446174
0.0446174
0.0446174
0.0462392
0.0478608
0.049482
0.049482
0.049482
0.049482
0.0478607
0.0478608
0.0462392
0.0462392
0.0478608
0.0478608
0.0478608
0.049482
0.049482
0.0511031
0.0511031
0.0511031
0.0527238
0.0559645
0.0543443
0.0527238
0.0527238
0.0511031
0.049482
0.0511031
0.0511031
0.0527238
0.0527238
0.0543443
0.0543443
0.0543443
0.0575844
0.0592039
0.0608232
0.0624422
0.0624422
0.0640608
0.0624422
0.0624422
0.0608232
0.0592039
0.0575844
0.0559645
0.0543443
0.0543443
0.0543443
0.0527238
0.0527238
0.0543443
0.0559645
0.0592039
0.0592039
0.0592039
0.0575843
0.0592039
0.0592039
0.0575843
0.0592039
0.0592039
0.0592039
0.0592039
0.0592039
0.0592039
0.0592039
0.0592039
0.0592039
0.0592039
0.0592039
0.0592039
0.0592039
0.0592039
0.0592039
0.0592039
0.0592039
0.0592039
0.0592039
0.0592039
0.0592039
0.0592039
0.0592039
0.0592039
0.0592039
0.0592039
0.0592039
0.0592039
0.0592039
0.0592039
0.0592039
0.0575844
0.0592039
0.0592039
0.0592039
0.0575843
0.0592039
0.0592039
0.0592039
0.0592039
0.0592039
0.0592039
