0.00921739
0.0166357
0.021857
0.0228085
0.0243607
0.025247
0.0258559
0.0262253
0.0267408
0.0267596
0.0267357
0.0270974
0.0262753
0.0250187
0.0264038
0.0268028
0.0274766
0.0259608
0.0260312
0.0264528
0.0278925
0.0278851
0.0305557
0.0319884
0.0326994
0.0328629
0.0310695
0.0306395
0.0293378
0.029349
0.0254844
0.0250296
0.0240981
0.0217126
0.0205406
0.0200772
0.0205196
0.0208178
0.0207083
0.0206211
0.0214867
0.0223088
0.0219556
0.0221924
0.0222468
0.0233224
0.0232796
0.0234318
0.0236106
0.0253116
0.0252714
0.02649
0.0272457
0.0274351
0.0277818
0.0277362
0.0283188
0.0275312
0.0276101
0.0287052
0.0275335
0.028496
0.0281952
0.0269053
0.0239246
0.023911
0.0222394
0.0197924
0.0178266
0.0166308
0.0153479
0.0141135
0.0135244
0.0133057
0.0135759
0.0129069
0.0121787
0.0121647
0.0112963
0.0113085
0.0124132
0.0115644
0.0111566
0.0117712
0.0104353
0.0106942
0.009914
0.0085511
0.0081694
0.00714281
0.00473042
0.00539718
0.00530511
0.0053324
0.00601566
0.00691439
0.00828494
0.00842963
0.00876964
0.00895872
0.00948335
0.00986036
0.00974659
0.00972614
0.0112382
0.0118589
0.0145795
0.0148648
0.0164402
0.017098
0.0172253
0.0167453
0.0162267
0.0164341
0.0162621
0.0161939
0.0157008
0.0164561
0.0161116
0.0149688
0.0143039
0.0152497
0.0152818
0.0140037
0.012931
0.0119912
0.0127561
0.0126713
0.013379
0.0136388
0.0135165
0.0135081
0.0146599
0.0154869
0.0161625
0.0166266
0.017132
0.0187465
0.0200742
0.0225994
0.0231568
0.0242706
0.0277248
0.0280188
0.0297018
0.0316156
0.0347609
0.0364866
0.0377894
0.0388331
0.0398553
0.0408019
0.0412281
0.0421552
0.0443158
0.0433498
0.0444227
0.0450391
0.0420989
0.0416926
0.0417538
0.0491063
0.0506913
0.04701
0.0112374
0.00929656
-0.0316052
-0.0733797
-0.0479659
-0.0994027
-0.141492
-0.168081
-0.177875
-0.203097
-0.239081
-0.253001
-0.27683
-0.231585
-0.326172
-0.344049
-0.370917
-0.388926
-0.403667
-0.437278
-0.451458
-0.511263
-0.536564
-0.559748
-0.558222
-0.607682
-0.615412
-0.660893
-0.705426
-0.707182
-0.720674
-0.751964
-0.757621
-0.812029
-0.814526
-0.851544
-0.846787
-0.886754
-0.841459
-0.821418
-0.854396
-1.08102
-1.10616
-1.12818
-1.17948
-1.20887
-1.24354
-1.24692
-1.28547
-1.30756
-1.17482
-1.28885
-1.27103
-1.61469
-1.45702
-1.58268
-1.50968
-1.53417
-1.52194
-1.54157
-1.54894
-1.56511
-1.57112
-1.57399
-1.57715
-1.57881
-1.58028
-1.58094
-1.58465
-1.58517
-1.5871
-1.58916
-1.59122
-1.59459
-1.596
-1.59717
-1.59995
-1.60346
-1.60565
-1.60692
-1.60736
-1.60842
-1.61037
-1.61192
-1.61283
-1.61548
-1.6182
-1.61836
-1.61986
-1.62057
-1.6212
-1.62206
-1.62334
-1.62412
-1.62493
-1.62607
-1.6263
-1.62959
-1.63082
-1.63214
-1.63317
-1.63426
-1.63458
-1.63518
-1.63787
-1.63868
-1.63956
-1.64061
-1.64097
-1.64109
-1.64166
-1.64296
-1.64344
-1.64481
-1.64655
-1.64719
-1.64795
-1.65026
-1.65251
-1.65376
-1.65389
-1.6577
-1.66078
-1.66255
-1.66483
-1.66703
-1.66943
-1.67297
-1.67481
-1.67601
-1.68031
-1.68219
-1.68348
-1.68491
-1.68916
-1.69205
-1.69408
-1.69555
-1.69967
-1.69474
-1.69501
-1.69508
-1.69656
-1.69558
-1.69465
-1.69996
-1.70083
-1.68971
-1.67282
-1.665
-1.6615
-1.65753
-1.65508
-1.65299
-1.64579
-1.64362
-1.6407
-1.63617
-1.6358
-1.3397
-0.339357
0.796189
1.1043
1.29764
1.4039
1.50206
1.59076
1.63019
1.67085
1.69433
1.72365
1.74544
1.76828
1.78029
1.79217
1.80739
1.8255
1.84168
1.8551
1.86726
1.87489
1.88171
