1.00819e-07
1.95164e-07
2.83527e-07
3.6684e-07
4.56778e-07
5.38423e-07
6.21028e-07
6.90845e-07
7.58381e-07
8.21243e-07
9.99968e-05
0.00032725
0.00121969
0.0017741
0.00261064
0.00307113
0.00352855
0.00398153
0.00718805
0.010146
0.0121105
0.0154541
0.01727
0.0188492
0.0213661
0.0220291
0.0233407
0.0251379
0.0268848
0.0294207
0.031734
0.0332261
0.0343282
0.0357061
0.0374389
0.0394369
0.0417932
0.0429932
0.0448387
0.0468885
0.0486246
0.0512634
0.053031
0.0550483
0.0567318
0.0575309
0.0587375
0.0604781
0.0626391
0.0634019
0.0647789
0.0661955
0.067482
0.0699287
0.071486
0.0727483
0.0745646
0.0761623
0.077901
0.0797642
0.0814022
0.0851039
0.0863938
0.0883542
0.0742408
0.062672
0.0659549
0.0704326
0.0865763
0.109046
0.142156
0.171853
0.208581
0.242997
0.287656
0.30844
0.314589
0.338218
0.357391
0.382826
0.414368
0.432205
0.452172
0.469337
0.496513
0.515354
0.542443
0.573117
