0.0177203
0.0334212
0.0532934
0.0722681
0.0869835
0.109253
0.128231
0.136373
0.159566
0.20146
0.225522
0.247585
0.275969
0.303062
0.325189
0.34784
0.372738
0.40122
0.418904
0.440821
0.459482
0.483208
0.506279
0.528038
0.551732
0.575504
0.597273
0.620297
0.644656
0.669647
0.697459
0.709774
0.73147
0.754412
0.775862
0.797776
0.820928
0.845864
0.868898
0.889319
0.916909
0.937139
0.952491
0.972232
0.997546
1.02105
1.04224
1.06797
1.08691
1.1088
1.12893
1.14329
1.16028
1.18543
1.21054
1.23234
1.24537
1.24859
1.15624
1.18224
1.20718
1.23121
1.26147
1.29177
1.31689
1.34106
1.37005
1.39913
1.42128
1.45399
1.47465
1.49934
1.52521
1.55193
1.57363
1.60017
1.63229
1.65715
1.68094
1.704
1.72872
1.74608
1.76984
1.79448
1.80267
1.81551
1.83384
1.84573
1.85563
1.86752
1.87832
1.88136
1.88842
1.89866
1.90724
1.93482
1.91474
1.90398
1.88083
1.83962
1.82344
1.82588
1.80566
1.78234
1.79541
1.82311
1.8412
1.85648
1.8659
1.8796
1.88556
1.8885
1.89008
1.8977
1.90751
1.91425
1.92236
1.92422
1.31537
1.28786
1.23861
1.2068
1.16192
1.12308
1.07835
1.03735
0.999232
0.957758
0.919595
0.886179
0.856522
0.830113
0.80565
0.782719
0.760886
0.74021
0.721877
0.706222
0.689275
0.679952
0.669705
0.662387
0.654708
0.648224
0.643159
0.639924
0.635924
0.63547
0.636932
0.637398
0.642938
0.644562
0.644562
0.644875
0.644842
0.645618
0.646203
0.653297
0.653491
0.648471
0.652863
0.656252
0.656714
0.657134
0.654295
0.655775
0.653856
0.655236
0.653643
0.652066
0.65052
0.651827
0.650532
0.651829
0.652992
0.655069
0.65503
0.655806
0.656596
0.655721
0.654814
0.655594
0.654746
0.653404
0.652166
0.653989
0.653926
0.65544
0.65394
0.656013
0.656903
0.659171
0.660398
0.66159
0.663473
0.666069
0.66762
0.670261
0.672837
0.675478
0.678022
0.680597
0.685254
0.686942
0.689591
0.691959
0.694527
0.697136
0.698989
0.699364
0.701894
0.704216
0.70647
0.708824
0.71143
0.713293
0.714941
0.716603
0.71923
0.721735
0.724332
0.726886
0.729343
0.731864
0.734301
0.736703
0.7391
0.741462
0.743526
0.745914
0.748121
0.747849
0.749873
0.752034
0.75414
0.756326
0.758739
0.759797
0.761125
0.761982
0.762967
0.765066
0.76708
0.760008
0.762127
0.764445
0.765786
0.768091
0.770343
0.772572
0.774643
0.777159
0.77868
0.780789
0.782885
0.784961
0.787082
0.789158
0.79122
0.79312
0.79483
0.796797
0.798743
0.800655
0.802943
0.803131
0.803633
0.803914
0.804373
0.804922
0.805136
0.805444
0.805922
0.806394
0.806712
0.807004
0.8073
0.807792
0.808097
0.808518
0.808997
0.809306
0.809658
0.809016
0.809195
0.809619
0.809998
0.810413
0.810788
0.811046
0.81153
0.812118
0.812672
0.813102
0.813531
0.813985
0.814405
0.814775
0.81522
0.815636
0.816075
0.817095
0.818195
0.81912
0.819892
0.820313
0.820691
0.821132
0.821967
0.822859
0.82383
0.824643
0.825093
0.825453
0.826189
0.826473
0.82672
0.826964
0.827226
0.828011
0.828211
0.828424
0.828667
0.828939
0.829757
0.830491
0.830878
0.831241
0.833679
0.836389
0.838872
0.841348
0.843784
0.846178
0.849396
0.851569
0.854342
0.856911
0.859082
0.864176
0.866786
0.869986
0.872842
0.875554
0.878504
0.881601
0.884111
0.886931
0.889745
0.892274
0.895026
0.897558
0.900029
0.902831
0.905155
0.907593
0.90733
0.907262
0.907041
0.907041
0.907041
0.907036
0.907047
0.907072
0.907097
0.907122
0.907131
0.907133
0.907133
0.907158
0.907174
0.907194
0.907198
0.907204
0.907216
0.907216
0.90722
0.907234
0.907239
0.907256
0.907257
0.907261
0.90726
0.907261
0.907259
0.90727
0.907254
0.907239
0.907232
0.906522
0.905805
0.90446
0.904501
0.904493
0.90449
0.904478
0.90447
0.90444
0.904425
0.904395
0.904378
0.904309
0.904308
0.903667
0.903063
0.902505
0.90256
0.902234
0.902294
