2.30385
2.3861
2.48528
2.584
2.68294
2.83225
2.93061
2.9704
3.07951
3.26076
3.36588
3.45493
3.5711
3.67643
3.76288
3.85372
3.95361
4.06756
4.14816
4.2531
4.34466
4.44409
4.54062
4.6389
4.73814
4.83765
4.93381
5.03062
5.13069
5.23715
5.37413
5.43292
5.52641
5.6249
5.72487
5.81873
5.91235
6.01437
6.10889
6.20112
6.31893
6.41019
6.48642
6.58483
6.69952
6.79773
6.89185
7.00482
7.08943
7.189
7.28107
7.37751
7.47332
7.59972
7.72833
7.84475
7.92809
7.97063
8.06141
8.16471
8.2616
8.35616
8.47408
8.58682
8.67549
8.76139
8.86825
8.97577
9.05496
9.17645
9.25039
9.34681
9.44603
9.54337
9.62405
9.72661
9.82197
9.91475
10.0108
10.1066
10.208
10.2878
10.3862
10.4829
11.2581
11.3712
11.483
11.5883
11.7353
11.7833
11.8736
11.9853
12.0702
12.1898
12.3393
12.378
12.461
12.5717
12.6866
12.7836
12.8659
12.9595
13.0691
13.1824
13.2695
13.3716
13.4688
13.5876
13.6751
13.779
13.9033
13.9721
14.0683
14.1687
14.2681
14.3702
14.4734
14.5686
14.6646
14.7655
14.8666
14.9638
15.061
15.1579
15.252
15.3547
15.4505
15.5483
15.6294
15.7424
15.8315
15.932
16.0324
16.1321
16.2296
16.325
16.4219
16.5176
16.6137
16.7104
16.8085
16.901
16.995
17.0928
17.1912
17.2943
17.3876
17.484
17.5818
17.6783
17.7553
17.8517
17.948
18.0459
18.1412
18.2363
18.3308
19.1655
19.2039
19.3002
19.3996
19.4975
19.6001
19.6927
19.7899
19.8842
20.0417
20.077
20.1758
20.2703
20.3668
20.4668
20.5682
20.6661
20.7624
20.8582
20.958
21.0612
21.2094
21.2534
21.3352
21.4357
21.5328
21.6313
21.7247
21.82
21.9151
22.0109
22.1193
22.1946
22.3041
22.3857
22.4894
22.5756
22.6737
22.7697
22.8653
22.9604
23.0564
23.1556
23.2478
23.3478
23.5734
23.6118
23.713
23.798
23.8949
23.996
24.0923
24.1939
24.301
24.3909
24.4761
24.5746
24.7023
24.8278
24.8708
24.9687
25.0699
25.1672
25.2683
25.366
25.4623
25.5636
25.6593
25.7571
25.8609
25.9606
26.0384
26.1391
26.2372
26.35
26.4328
26.5326
26.6271
26.7285
26.8322
26.9242
27.0818
27.1184
27.2161
27.3001
27.4013
27.5037
27.6074
27.7098
27.8096
27.9104
28.0046
28.1065
28.2067
28.363
28.4008
28.4984
28.5978
28.6946
28.7991
28.8987
28.9968
29.0785
29.1979
29.2928
29.3868
29.4669
29.5818
29.6647
29.7626
29.8612
29.9542
30.1106
30.1559
30.2479
30.3488
30.4533
30.5482
30.648
30.7493
30.8517
30.9493
31.0459
31.1446
31.2577
31.3567
31.4518
31.5542
31.6545
31.7497
31.846
31.9579
32.0573
32.1559
32.2538
32.349
32.4475
32.5473
32.64
32.757
32.8833
32.9558
33.0475
33.1469
33.2827
33.3846
33.4587
33.5553
33.6551
33.7574
33.85
33.9463
34.0531
34.2144
34.257
34.3549
34.4541
34.5511
34.652
34.7459
34.852
34.9489
35.047
35.158
35.259
35.3651
35.457
35.5498
35.6503
35.747
35.8451
35.9573
36.0607
36.1577
36.2552
36.3511
36.4504
36.577
36.6598
36.7624
36.8573
36.9616
37.1505
37.2447
37.3569
37.4585
37.5536
37.6551
37.7633
37.8516
37.9543
38.0537
38.1476
38.252
38.3485
38.4446
38.5564
38.6512
38.7492
38.8473
38.9405
39.063
39.1571
39.2563
39.3516
39.455
39.5756
39.6514
39.7465
39.8582
39.9513
40.0459
40.1578
40.3078
40.3717
40.4411
40.5546
40.6536
40.7511
40.8486
40.9633
41.0653
41.1573
41.2565
41.3602
41.4483
41.556
41.656
41.7542
41.8494
41.9524
42.1184
42.1594
42.2556
42.4093
42.4516
42.5576
42.6555
42.749
42.8541
42.9677
43.0554
43.1527
43.2498
43.3305
43.4463
43.5589
43.655
43.732
43.8458
43.9638
44.0531
