0
9.23306e-07
3.59157e-06
6.92447e-06
1.1417e-05
1.68742e-05
2.00215e-05
2.72015e-05
3.13696e-05
3.66952e-05
0.0041458
0.0121019
0.0381215
0.0539226
0.0765213
0.0866623
0.0958575
0.103948
0.128299
0.142459
0.151926
0.172336
0.192005
0.215228
0.251515
0.263306
0.28429
0.313524
0.341614
0.383749
0.424046
0.450042
0.468622
0.490418
0.517669
0.548301
0.583397
0.600355
0.627254
0.656904
0.682129
0.720709
0.746305
0.776658
0.803533
0.816176
0.837195
0.866972
0.906168
0.920004
0.946721
0.973728
1.00053
1.05
1.08076
1.10691
1.14429
1.17778
1.21116
1.24762
1.27852
1.34541
1.36932
1.40628
1.38884
1.13877
0.972729
0.989533
0.871574
0.774354
0.6697
0.545965
0.398842
0.195248
-nan
-nan
-nan
-nan
0.267969
0.491668
0.694723
0.88066
1.07173
1.24376
1.42113
1.56218
1.65491
1.69498
