0.316404
0.164745
0.070448
0.142888
0.092689
0.054039
0.0785
0.09569
0.098689
0.099303
0.099429
0.099936
0.100542
0.104629
0.094879
0.096841
0.099362
0.154137
0.087805
0.108862
0.075634
0.102817
0.078301
0.094645
0.067146
0.149963
0.098563
0.06362
0.079312
0.142932
0.068547
0.069891
0.175674
0.068172
0.073336
0.083347
0.097815
0.151922
0.10066
0.060886
0.089891
0.089624
0.10035
0.152076
0.057102
0.085152
0.112885
0.082702
0.094109
0.101614
0.251335
0.113362
0.127853
0.099963
0.093426
0.094638
0.100858
0.095368
0.091558
0.113617
0.092817
0.078906
0.098241
0.115099
0.09785
0.094303
0.109656
0.086349
0.09577
0.094991
0.09846
0.093622
0.110138
0.097124
0.137949
0.060255
0.094206
0.090782
0.101882
0.154114
0.066517
0.08948
0.113646
0.08988
0.191694
0.107358
0.139345
0.157276
0.131332
0.081311
0.063004
0.075663
0.10377
0.094045
0.094609
0.095523
0.15481
0.085336
0.094625
0.081105
0.152757
0.085311
0.096492
0.092328
0.10963
0.113368
0.140769
0.086467
0.068172
0.112023
0.126503
0.08153
0.084238
0.096294
0.151976
0.083716
0.092639
0.086107
0.091617
0.152453
0.101708
0.055953
0.094112
0.075566
0.097661
0.112251
0.112424
0.087755
0.100738
0.097938
0.120323
0.087023
0.101052
0.07876
0.116087
0.098368
0.10121
0.100282
0.098959
0.103337
0.09541
0.094519
0.101735
0.101115
0.096806
0.098305
0.09711
0.092646
0.103876
0.155543
0.089716
0.101887
0.073349
0.056076
0.101158
0.09972
0.157416
0.086004
0.053419
0.092966
0.153728
0.080849
0.068906
0.083014
0.146744
0.069003
0.070965
0.096475
0.156785
0.095944
0.082238
0.078742
0.152526
0.188988
0.098699
0.095247
0.095304
0.09355
0.160196
0.081752
0.073069
0.081411
0.094091
0.094121
0.100543
0.148596
0.069576
0.06684
0.101805
0.163235
0.096188
0.129061
0.093344
0.159902
0.09472
0.091711
0.059933
0.076789
0.099058
0.101811
0.09621
0.098368
0.094849
0.096716
0.104851
0.090341
0.104752
0.081024
0.096246
0.095991
0.098568
0.099559
0.094787
0.09513
0.095637
0.108539
0.071749
0.099643
0.090518
0.09908
0.09505
0.09741
0.158249
0.082362
0.102757
0.063816
0.073571
0.150753
0.089477
0.085751
0.092842
0.061929
0.07771
0.143054
0.07104
0.070002
0.096174
0.102433
0.106635
0.093435
0.179567
0.132922
0.121144
0.079288
0.162458
0.097083
0.102216
0.09565
0.096421
0.101724
0.096841
0.097106
0.204176
0.105142
0.170065
0.113691
0.14175
0.094311
0.07641
0.066046
0.102069
0.13843
0.140337
0.07651
0.082555
0.076986
0.077052
0.081237
0.165478
0.075871
0.064328
0.100973
0.093595
0.102466
0.097065
0.102576
0.096536
0.09391
0.099802
0.098768
0.104954
0.098596
0.142348
0.075792
0.08152
0.155422
0.077785
0.073423
0.076566
0.081815
0.099166
0.098549
0.092655
0.15762
0.11236
0.081452
0.092681
0.066999
0.081744
0.104876
0.195253
0.099941
0.098759
0.099359
0.116455
0.101588
0.117998
0.079698
0.093949
0.093614
0.097448
0.113299
0.157286
0.153827
0.078999
0.098722
0.158481
0.139247
0.086456
0.090926
0.08779
0.084141
0.110129
0.076284
0.078711
0.09931
0.09468
0.100079
0.103484
0.092716
0.096752
0.099373
0.170183
0.091879
0.107081
0.077547
0.074327
0.179015
0.104832
0.097705
0.095704
0.113474
0.101476
0.099385
0.094182
0.096968
0.096277
0.159863
0.110259
0.069978
0.073838
0.099502
0.095129
0.096489
0.095522
0.097591
0.115082
0.155686
0.097643
0.098339
0.070572
0.067987
0.098179
0.108814
0.102105
0.094649
0.165527
0.103888
0.130977
0.100544
0.093501
0.165198
0.105289
0.098316
0.069151
0.073942
0.088874
0.152288
0.077763
0.08232
0.095804
0.100788
0.109718
0.084027
0.095907
0.102767
0.096657
0.107058
0.158235
0.135871
0.103779
0.094858
0.094186
0.114022
0.156053
0.09995
0.079842
0.085504
0.093016
0.088104
0.151794
0.086788
0.120819
0.08718
0.108912
0.105624
0.126192
0.174459
0.168318
0.162301
0.149157
0.094684
0.100738
0.145638
0.115624
0.156271
0.131716
0.102612
0.112629
0.096158
0.104116
0.083336
0.115296
0.117846
