0.389729
0.203528
0.124453
0.129481
0.085996
0.115044
0.149042
0.136735
0.115794
0.107433
0.18277
0.12624
0.146941
0.118089
0.164219
0.110402
0.147231
0.105349
0.157615
0.199624
0.122669
0.120291
0.111188
0.098526
0.27063
0.133557
0.112462
0.245707
0.122976
0.197807
0.130661
0.112203
0.238201
0.107251
0.219088
0.12411
0.141639
0.151023
0.206532
0.108728
0.107977
0.214716
0.11257
0.109106
0.123667
0.146163
0.111342
0.236902
0.113874
0.108444
0.111343
0.126202
0.144623
0.12821
0.115627
0.165217
0.116378
0.137707
0.140861
0.135288
0.126132
0.240094
0.111702
0.22789
0.126257
0.146408
0.140603
0.129877
0.145596
0.149915
0.111759
0.148668
0.143117
0.131559
0.149889
0.139359
0.132091
0.13595
0.160775
0.121738
0.141537
0.155108
0.119273
0.127901
0.227866
0.100814
0.228637
0.125696
0.132336
0.150593
0.120281
0.162275
0.137903
0.123665
0.277669
0.113946
0.103921
0.196281
0.119704
0.121694
0.164622
0.125391
0.120517
0.163033
0.134
0.107168
0.166907
0.146083
0.101563
0.157912
0.147443
0.126366
0.118489
0.146214
0.123353
0.209779
0.075976
0.107709
0.145437
0.121651
0.150863
0.129409
0.130161
0.153355
0.119954
0.121754
0.15116
0.130097
0.123061
0.147071
0.132004
0.123673
0.142984
0.129307
0.124417
0.1273
0.130665
0.226801
0.098412
0.081485
0.146519
0.259369
0.123598
0.164286
0.140549
0.110509
0.118177
0.159474
0.126022
0.125464
0.145269
0.120902
0.132976
0.145061
0.130452
0.122541
0.131889
0.120847
0.147576
0.131509
0.130442
0.131169
0.108215
0.193239
0.107638
0.111022
0.099425
0.135256
0.126097
0.142821
0.148134
0.144507
0.153588
0.132533
0.126174
0.161305
0.155894
0.194132
0.080963
0.135887
0.14668
0.115676
0.158292
