-7.50435e-10
-7.52511e-10
-7.54564e-10
-7.54782e-10
-7.55079e-10
-7.57048e-10
-7.57227e-10
-7.58817e-10
-1.59914e-09
-1.61067e-09
-1.6199e-09
-1.62903e-09
-1.63989e-09
-1.64073e-09
-1.64203e-09
-1.64279e-09
-1.65317e-09
-2.08074e-09
-2.12903e-09
-2.17471e-09
-2.17773e-09
-2.21278e-09
-2.2169e-09
-2.25775e-09
-2.25872e-09
7.979e-09
7.69303e-09
7.4293e-09
1.2789e-09
5.64109e-10
4.67558e-11
-2.47579e-10
-1.08333e-10
1.5766e-12
-4.06503e-09
-5.17862e-09
-6.99441e-09
-7.48375e-09
-7.95126e-09
-9.12915e-09
-2.70069e-08
-2.7967e-08
-2.847e-08
-2.88587e-08
-2.94061e-08
-2.88417e-08
-2.92843e-08
-3.49044e-08
-3.54129e-08
-3.56635e-08
-3.60496e-08
-3.54429e-08
-3.56025e-08
-3.57435e-08
-3.52753e-08
-3.4822e-08
-5.14862e-08
-5.21885e-08
-5.25788e-08
-5.18697e-08
-5.12377e-08
-5.17803e-08
-5.1385e-08
-8.79857e-08
-8.96878e-08
-9.09212e-08
-9.00923e-08
-9.12228e-08
-9.00823e-08
-9.06305e-08
-8.96273e-08
-1.0745e-07
-1.0894e-07
-1.07756e-07
-1.06568e-07
-1.07357e-07
-1.08062e-07
-1.09112e-07
-1.08008e-07
-1.25584e-07
-1.27003e-07
-1.25663e-07
-1.24432e-07
-1.25202e-07
-1.26365e-07
-1.25295e-07
-1.25879e-07
-1.48134e-07
-1.49753e-07
-1.50707e-07
-1.52041e-07
-1.53268e-07
-1.53776e-07
-1.52225e-07
-1.50778e-07
-1.49538e-07
-1.70471e-07
-1.72004e-07
-1.72877e-07
-1.71241e-07
-1.69697e-07
-1.68381e-07
-1.6906e-07
-1.69974e-07
-1.90638e-07
-1.9218e-07
-1.93021e-07
-1.91237e-07
-1.91909e-07
-1.90278e-07
-1.88885e-07
-1.89928e-07
-1.90412e-07
-2.10459e-07
-2.11767e-07
-2.13064e-07
-2.13583e-07
-2.13985e-07
-2.12229e-07
-2.10378e-07
-2.11299e-07
-2.46723e-07
-2.48237e-07
-2.49587e-07
-2.49941e-07
-2.50826e-07
-2.48542e-07
-2.46486e-07
-2.46614e-07
-2.78602e-07
-2.79919e-07
-2.8121e-07
-2.81452e-07
-2.82326e-07
-2.79585e-07
-2.76743e-07
-2.76843e-07
-2.74433e-07
-2.99793e-07
-3.00774e-07
-3.01782e-07
-2.99031e-07
-2.96484e-07
-2.9725e-07
-2.97228e-07
-3.27492e-07
-3.28458e-07
-3.29502e-07
-3.26388e-07
-3.23418e-07
-3.23524e-07
-3.2415e-07
-3.52855e-07
-3.53886e-07
-3.54921e-07
-3.54867e-07
-3.55429e-07
-3.55804e-07
-3.52388e-07
-3.48831e-07
-3.78977e-07
-3.7964e-07
-3.75794e-07
-3.71746e-07
-3.71726e-07
-3.72419e-07
-3.72129e-07
-4.01954e-07
-4.02787e-07
-3.97881e-07
-3.98861e-07
-3.9856e-07
-4.27288e-07
-4.28233e-07
-4.22623e-07
-4.23776e-07
-4.24632e-07
-4.20145e-07
-4.19778e-07
-4.51333e-07
-4.5215e-07
-4.51857e-07
-4.51434e-07
-4.52093e-07
-4.52446e-07
-4.47174e-07
-4.8192e-07
-4.82413e-07
-4.81836e-07
-4.82393e-07
-4.76913e-07
-4.76134e-07
-4.76362e-07
-5.09686e-07
-5.09766e-07
-5.08836e-07
-5.09095e-07
-5.09154e-07
-5.03324e-07
-5.02143e-07
-4.96628e-07
-5.30606e-07
-5.30503e-07
-5.24322e-07
-5.23316e-07
-5.22224e-07
-5.22157e-07
-5.16686e-07
-5.16504e-07
-5.51553e-07
-5.51322e-07
-5.51375e-07
-5.49861e-07
-5.43147e-07
-5.41668e-07
-5.77807e-07
-5.77603e-07
-5.77929e-07
-5.76447e-07
-5.69508e-07
-5.62969e-07
-6.10822e-07
-6.11168e-07
-6.12039e-07
-6.12356e-07
-6.1065e-07
-6.10399e-07
-6.02881e-07
-6.00986e-07
-6.232e-07
-6.22191e-07
-6.14426e-07
-6.12553e-07
-6.12037e-07
-6.11302e-07
-6.09126e-07
-6.02269e-07
-6.37689e-07
-6.36481e-07
-6.28702e-07
-6.26675e-07
-6.19522e-07
-6.18861e-07
-6.16683e-07
-6.5937e-07
-6.5837e-07
-6.50202e-07
-6.48171e-07
-6.47512e-07
-6.46458e-07
-6.43972e-07
-6.86523e-07
-6.84972e-07
-6.76037e-07
-6.73506e-07
-6.72442e-07
-6.70246e-07
-6.68707e-07
-6.60748e-07
-6.999e-07
-6.98037e-07
-6.89066e-07
-6.80461e-07
-6.79394e-07
-6.76585e-07
-6.74975e-07
-7.15567e-07
-7.13632e-07
-7.0446e-07
-6.95996e-07
-6.94837e-07
-6.93366e-07
-6.90458e-07
-7.32986e-07
-7.31127e-07
-7.21447e-07
-7.19449e-07
-7.1061e-07
-7.09101e-07
-7.0587e-07
-7.43136e-07
-7.41298e-07
-7.31331e-07
-7.28357e-07
-7.26762e-07
-7.23323e-07
-7.21081e-07
-7.12625e-07
-7.48676e-07
-7.46158e-07
-7.36347e-07
-7.27039e-07
-7.25331e-07
-7.2337e-07
-7.19652e-07
-7.65383e-07
-7.6312e-07
-7.52571e-07
-7.42627e-07
-7.4127e-07
-7.38079e-07
-7.3606e-07
-7.71042e-07
-7.68475e-07
-7.57936e-07
-7.56381e-07
-7.45287e-07
-7.43476e-07
-7.39789e-07
-7.3599e-07
-7.65929e-07
-7.62985e-07
-7.52923e-07
-7.51016e-07
-7.42523e-07
-7.40392e-07
-7.3724e-07
-7.80808e-07
-7.77964e-07
-7.6732e-07
-7.65402e-07
-7.62072e-07
-7.57799e-07
-7.54954e-07
-7.51914e-07
-7.43322e-07
-7.91658e-07
-7.88221e-07
-7.77204e-07
-7.74894e-07
-7.65667e-07
-7.63065e-07
-7.60194e-07
-7.48879e-07
-7.44671e-07
-7.34367e-07
-7.73063e-07
-7.6971e-07
-7.59815e-07
-7.55911e-07
-7.53515e-07
-7.50948e-07
-7.40547e-07
-7.30224e-07
-7.26337e-07
-7.6145e-07
-7.58166e-07
-7.48789e-07
-7.45028e-07
-7.35011e-07
-7.2549e-07
-7.23159e-07
-7.20668e-07
-7.16819e-07
-7.57852e-07
-7.54876e-07
-7.45452e-07
-7.4175e-07
-7.37926e-07
-7.3485e-07
-7.32184e-07
-7.24312e-07
-7.14595e-07
-7.44624e-07
-7.41727e-07
-7.32494e-07
-7.28786e-07
-7.26288e-07
-7.23468e-07
-7.19174e-07
-7.10114e-07
-7.49195e-07
-7.46188e-07
-7.36353e-07
-7.32477e-07
-7.22779e-07
-7.20337e-07
-7.16282e-07
-7.13414e-07
-7.09855e-07
-7.06067e-07
-7.43108e-07
-7.39524e-07
-7.29622e-07
-7.25375e-07
-7.22445e-07
-7.1245e-07
-7.09396e-07
-7.04922e-07
-7.00406e-07
-7.38948e-07
-7.35227e-07
-7.2535e-07
-7.21046e-07
-7.1809e-07
-7.13542e-07
-7.089e-07
-7.05606e-07
-7.01669e-07
-6.98236e-07
-6.88061e-07
-7.29601e-07
-7.25703e-07
-7.15991e-07
-7.12681e-07
-7.09495e-07
-7.04834e-07
-7.00126e-07
-6.96722e-07
-7.53416e-07
-7.49551e-07
-7.38456e-07
-7.35237e-07
-7.3214e-07
-7.28921e-07
-7.25197e-07
-7.14127e-07
-7.10127e-07
-7.05822e-07
-7.00967e-07
-7.58685e-07
-7.54529e-07
-7.4322e-07
-7.398e-07
-7.36557e-07
-7.3222e-07
-7.28454e-07
-7.16538e-07
-7.13055e-07
-7.09486e-07
-7.61142e-07
-7.56785e-07
-7.45439e-07
-7.4188e-07
-7.36741e-07
-7.31614e-07
-7.28197e-07
-7.23827e-07
-7.11731e-07
-7.07521e-07
-7.44122e-07
-7.39859e-07
-7.29181e-07
-7.25624e-07
-7.21509e-07
-7.16436e-07
-7.11467e-07
-7.07211e-07
-7.03467e-07
-6.99652e-07
-6.94471e-07
-6.83836e-07
-6.7397e-07
-6.91596e-07
-6.87254e-07
-6.78738e-07
-6.75038e-07
-6.71001e-07
-6.66316e-07
-6.62728e-07
-6.58067e-07
-6.54266e-07
-6.50093e-07
-6.88289e-07
-6.83941e-07
-6.75259e-07
-6.71577e-07
-6.67589e-07
-6.629e-07
-6.59384e-07
-6.55289e-07
-6.51518e-07
-6.47991e-07
-2.56235e-08
-2.58463e-08
-3.29157e-08
-3.34733e-08
-3.36364e-08
-3.41436e-08
-3.46041e-08
-3.50097e-08
-3.54593e-08
-3.58844e-08
-3.62193e-08
-3.65968e-08
-4.43716e-08
-4.51567e-08
-4.52215e-08
-4.59276e-08
-4.65489e-08
-4.70677e-08
-4.76815e-08
-4.81159e-08
-4.86509e-08
-4.91174e-08
-4.94717e-08
-5.90539e-08
-5.99169e-08
-5.97905e-08
-6.05745e-08
-6.12498e-08
-6.1837e-08
-6.24888e-08
-6.31273e-08
-6.35336e-08
-6.39123e-08
-7.63248e-08
-7.76679e-08
-7.72523e-08
-7.8398e-08
-7.93209e-08
-8.01133e-08
-8.08406e-08
-8.16047e-08
-8.23095e-08
-8.2721e-08
-8.30093e-08
-9.69952e-08
-9.83645e-08
-9.74019e-08
-9.85771e-08
-9.73826e-08
-9.82315e-08
-9.88669e-08
-9.93148e-08
-9.88385e-08
-9.93499e-08
-9.99988e-08
-1.12293e-07
-1.1351e-07
-1.12237e-07
-1.13294e-07
-1.13808e-07
-1.14723e-07
-1.15515e-07
-1.14186e-07
-1.14502e-07
-1.1378e-07
-1.14103e-07
-1.14494e-07
-1.28441e-07
-1.29317e-07
-1.2777e-07
-1.28572e-07
-1.29149e-07
-1.2987e-07
-1.2827e-07
-1.28907e-07
-1.29077e-07
-1.28132e-07
-1.28155e-07
-1.28363e-07
-1.51327e-07
-1.52328e-07
-1.50326e-07
-1.51205e-07
-1.52057e-07
-1.52156e-07
-1.52396e-07
-1.50379e-07
-1.49209e-07
-1.49689e-07
-1.49836e-07
-1.49675e-07
-1.75457e-07
-1.7634e-07
-1.73877e-07
-1.74675e-07
-1.75185e-07
-1.7358e-07
-1.7117e-07
-1.71815e-07
-1.7233e-07
-1.72139e-07
-1.72144e-07
-1.93638e-07
-1.94227e-07
-1.91527e-07
-1.92073e-07
-1.92429e-07
-1.92565e-07
-1.89814e-07
-1.89657e-07
-1.87946e-07
-1.88159e-07
-1.87715e-07
-2.21325e-07
-2.22017e-07
-2.18734e-07
-2.19398e-07
-2.19845e-07
-2.17654e-07
-2.14342e-07
-2.14464e-07
-2.14305e-07
-2.10948e-07
-2.11279e-07
-2.11368e-07
-2.10867e-07
-2.33601e-07
-2.33859e-07
-2.3064e-07
-2.30908e-07
-2.30429e-07
-2.27026e-07
-2.267e-07
-2.26455e-07
-2.24326e-07
-2.24359e-07
-2.24284e-07
-2.23786e-07
-2.54571e-07
-2.54616e-07
-2.51027e-07
-2.5112e-07
-2.50431e-07
-2.46622e-07
-2.46362e-07
-2.43951e-07
-2.43903e-07
-2.43559e-07
-2.43325e-07
-2.39942e-07
-2.39163e-07
-2.38812e-07
-2.70562e-07
-2.70499e-07
-2.66615e-07
-2.66578e-07
-2.6571e-07
-2.61612e-07
-2.61167e-07
-2.58553e-07
-2.5759e-07
-2.56719e-07
-2.55984e-07
-2.55491e-07
-2.54905e-07
-2.54075e-07
-2.86588e-07
-2.86363e-07
-2.81948e-07
-2.81733e-07
-2.80601e-07
-2.80004e-07
-2.79515e-07
-2.78654e-07
-2.75377e-07
-2.7465e-07
-2.73643e-07
-2.72176e-07
-3.01419e-07
-3.00558e-07
-2.95772e-07
-2.95069e-07
-2.93506e-07
-2.92143e-07
-2.88646e-07
-2.87063e-07
-2.8619e-07
-2.81708e-07
-2.80452e-07
-2.79157e-07
-3.15323e-07
-3.14419e-07
-3.09435e-07
-3.0872e-07
-3.07123e-07
-3.05752e-07
-3.04568e-07
-3.00893e-07
-2.95927e-07
-2.90672e-07
-2.89525e-07
-2.87964e-07
-3.19453e-07
-3.18694e-07
-3.13803e-07
-3.08556e-07
-3.0745e-07
-3.06305e-07
-3.05314e-07
-3.01947e-07
-3.01226e-07
-3.00202e-07
-2.99338e-07
-2.9799e-07
-2.93002e-07
-3.27933e-07
-3.2729e-07
-3.22116e-07
-3.21224e-07
-3.19893e-07
-3.18492e-07
-3.14592e-07
-3.13032e-07
-3.11238e-07
-3.10121e-07
-3.089e-07
-3.07302e-07
-3.05557e-07
-3.41609e-07
-3.40324e-07
-3.34657e-07
-3.33257e-07
-3.31443e-07
-3.29688e-07
-3.25372e-07
-3.2352e-07
-3.21893e-07
-3.17863e-07
-3.12334e-07
-3.10765e-07
-3.08757e-07
-3.07407e-07
-3.4497e-07
-3.43665e-07
-3.38066e-07
-3.36627e-07
-3.34778e-07
-3.32982e-07
-3.28693e-07
-3.24673e-07
-3.19138e-07
-3.17565e-07
-3.15556e-07
-3.13512e-07
-3.11778e-07
-3.09798e-07
-3.50681e-07
-3.49406e-07
-3.43693e-07
-3.42243e-07
-3.41132e-07
-3.39262e-07
-3.37889e-07
-3.36018e-07
-3.33828e-07
-3.29457e-07
-3.27537e-07
-3.2172e-07
-3.19715e-07
-3.51494e-07
-3.49992e-07
-3.44119e-07
-3.42453e-07
-3.4111e-07
-3.3898e-07
-3.37383e-07
-3.35308e-07
-3.30722e-07
-3.28744e-07
-3.26634e-07
-3.24097e-07
-3.18307e-07
-3.15975e-07
-3.54578e-07
-3.53034e-07
-3.46717e-07
-3.4499e-07
-3.43459e-07
-3.41216e-07
-3.3955e-07
-3.37481e-07
-3.34944e-07
-3.32704e-07
-3.30775e-07
-3.24477e-07
-3.66514e-07
-3.64747e-07
-3.57704e-07
-3.55801e-07
-3.54281e-07
-3.51856e-07
-3.49754e-07
-3.44499e-07
-3.37486e-07
-3.35261e-07
-3.32802e-07
-3.30609e-07
-3.28148e-07
-4.05429e-07
-4.01488e-07
-3.95578e-07
-3.89318e-07
-3.84636e-07
-3.79298e-07
-3.79633e-07
-3.75018e-07
-3.70993e-07
-3.66587e-07
-3.62012e-07
-3.57796e-07
-3.68237e-07
-3.63595e-07
-3.59479e-07
-3.54958e-07
-3.5093e-07
-3.46404e-07
-3.42156e-07
-3.37955e-07
-3.3388e-07
-3.29812e-07
-3.25925e-07
-3.35926e-07
-3.31457e-07
-3.27732e-07
-3.23325e-07
-3.19553e-07
-3.1541e-07
-3.11358e-07
-3.07316e-07
-3.03481e-07
-2.99749e-07
-2.96113e-07
-2.9258e-07
-2.92064e-07
-2.87816e-07
-2.84367e-07
-2.80159e-07
-2.76165e-07
-2.72189e-07
-2.68367e-07
-2.64695e-07
-2.61178e-07
-2.57738e-07
-2.58362e-07
-2.54787e-07
-2.51547e-07
-2.48042e-07
-2.44629e-07
-2.41295e-07
-2.38024e-07
-2.34836e-07
-2.31749e-07
-2.28729e-07
-2.25646e-07
-2.17579e-07
-2.14379e-07
-2.11773e-07
-2.09009e-07
-2.05874e-07
-2.02876e-07
-1.99921e-07
-1.97103e-07
-1.94347e-07
-1.91583e-07
-1.88968e-07
-9.85063e-08
-9.70044e-08
-9.5206e-08
-9.33018e-08
-9.15697e-08
-8.94928e-08
-8.76381e-08
-8.56671e-08
-8.38082e-08
5.53118e-08
5.51736e-08
5.40089e-08
5.33937e-08
5.31024e-08
5.31034e-08
5.31829e-08
5.32672e-08
4.07203e-07
4.02463e-07
3.91024e-07
3.82624e-07
3.75768e-07
3.69432e-07
3.63643e-07
3.58497e-07
3.53557e-07
1.19661e-06
1.17832e-06
1.13657e-06
1.10342e-06
1.07589e-06
1.04191e-06
1.24429e-06
1.22241e-06
1.20035e-06
1.1807e-06
1.16287e-06
1.14112e-06
1.1214e-06
1.70123e-06
1.67253e-06
1.63037e-06
1.56957e-06
1.53701e-06
1.51065e-06
1.48639e-06
1.46357e-06
1.442e-06
2.23414e-06
2.19588e-06
2.14471e-06
2.10216e-06
2.05959e-06
2.02108e-06
3.04866e-06
2.99266e-06
2.90859e-06
2.84183e-06
2.78359e-06
2.72615e-06
2.67651e-06
2.62111e-06
2.56694e-06
2.51913e-06
3.42955e-06
3.36935e-06
3.27506e-06
3.20441e-06
3.14112e-06
3.08425e-06
3.00835e-06
2.9468e-06
2.88761e-06
3.67319e-06
3.60809e-06
3.53081e-06
3.47036e-06
3.40483e-06
3.34403e-06
3.29175e-06
3.24907e-06
3.19816e-06
4.31368e-06
4.23724e-06
4.14676e-06
4.06791e-06
4.00401e-06
3.94518e-06
3.88982e-06
3.84093e-06
3.79401e-06
3.74766e-06
5.07135e-06
4.97677e-06
4.87058e-06
4.7783e-06
4.68443e-06
4.59389e-06
4.51406e-06
4.44273e-06
4.35373e-06
4.27163e-06
5.51431e-06
5.40858e-06
5.32176e-06
5.20893e-06
5.1247e-06
5.04158e-06
4.93627e-06
4.86502e-06
4.75772e-06
4.6942e-06
5.73691e-06
5.63994e-06
5.5568e-06
5.47877e-06
5.40257e-06
5.33621e-06
5.27274e-06
5.21048e-06
5.15103e-06
5.09318e-06
6.4593e-06
6.36065e-06
6.27137e-06
6.19059e-06
6.11049e-06
6.03474e-06
5.96277e-06
5.89183e-06
5.82043e-06
5.75071e-06
5.682e-06
6.9864e-06
6.87638e-06
6.77821e-06
6.69205e-06
6.60669e-06
6.52203e-06
6.44464e-06
6.36843e-06
6.29137e-06
6.21736e-06
6.14302e-06
7.76406e-06
7.63665e-06
7.52611e-06
7.43067e-06
7.33581e-06
7.24914e-06
7.16642e-06
7.0823e-06
7.00449e-06
8.27764e-06
8.15533e-06
8.04172e-06
7.94396e-06
7.85203e-06
7.76493e-06
7.68139e-06
7.59125e-06
7.51092e-06
9.01828e-06
8.88653e-06
8.76582e-06
8.66047e-06
8.56301e-06
8.47174e-06
8.3825e-06
8.29712e-06
8.21509e-06
8.13284e-06
1.01428e-05
9.98692e-06
9.8496e-06
9.7204e-06
9.60332e-06
9.49335e-06
1.05793e-05
1.02496e-05
1.17117e-05
1.1469e-05
1.11832e-05
1.28711e-05
1.26031e-05
1.22301e-05
1.18865e-05
1.1666e-05
1.13924e-05
1.11598e-05
1.09788e-05
1.07943e-05
1.24182e-05
1.21501e-05
1.18551e-05
1.16263e-05
1.13817e-05
1.11398e-05
1.09582e-05
1.07838e-05
1.01056e-05
9.83786e-06
1.15189e-05
1.13244e-05
1.10043e-05
1.07834e-05
1.06018e-05
1.04123e-05
1.02553e-05
1.00651e-05
9.40615e-06
1.11679e-05
1.09938e-05
1.06766e-05
1.047e-05
1.03088e-05
1.01343e-05
9.99228e-06
9.39039e-06
8.98225e-06
8.8517e-06
8.71828e-06
8.4343e-06
1.0029e-05
9.89588e-06
9.5633e-06
9.35193e-06
9.23455e-06
9.08038e-06
8.96425e-06
8.49839e-06
8.17895e-06
8.06705e-06
7.95903e-06
7.72868e-06
7.5997e-06
9.18232e-06
8.68115e-06
8.52874e-06
8.14055e-06
8.02526e-06
7.80396e-06
7.66821e-06
7.44029e-06
7.27797e-06
6.90983e-06
5.96003e-06
5.79293e-06
5.6488e-06
4.43226e-06
6.09823e-06
6.06009e-06
6.00164e-06
5.89779e-06
5.85585e-06
5.78949e-06
5.74402e-06
5.71496e-06
5.69e-06
5.64632e-06
5.58343e-06
5.52794e-06
7.35422e-06
7.30112e-06
7.22354e-06
7.1484e-06
7.04092e-06
6.97129e-06
6.93781e-06
6.90827e-06
6.85589e-06
6.7776e-06
6.71581e-06
6.66146e-06
6.6268e-06
8.18633e-06
8.13566e-06
8.03964e-06
7.94741e-06
7.81811e-06
7.73385e-06
7.69999e-06
7.66877e-06
7.61318e-06
7.5447e-06
7.47186e-06
7.41254e-06
8.9604e-06
8.90099e-06
8.81427e-06
8.66899e-06
8.48443e-06
8.36702e-06
8.33874e-06
8.30899e-06
8.25544e-06
8.18215e-06
8.11994e-06
8.06158e-06
9.7226e-06
9.66592e-06
9.57511e-06
9.40835e-06
9.20236e-06
9.0717e-06
9.04129e-06
9.00879e-06
8.92149e-06
8.85045e-06
8.78897e-06
8.74333e-06
1.01981e-05
1.01417e-05
9.9788e-06
9.78221e-06
9.65918e-06
9.62163e-06
9.50632e-06
9.41348e-06
9.33789e-06
9.27594e-06
1.08455e-05
1.07828e-05
1.06147e-05
1.04147e-05
1.02896e-05
1.02477e-05
1.01253e-05
1.0031e-05
9.94888e-06
9.87712e-06
9.81244e-06
9.77212e-06
1.12287e-05
1.1171e-05
1.09917e-05
1.07807e-05
1.07465e-05
1.06393e-05
1.05631e-05
1.04981e-05
1.04392e-05
1.04095e-05
1.1907e-05
1.18506e-05
1.16512e-05
1.14231e-05
1.13869e-05
1.12758e-05
1.11961e-05
1.1128e-05
1.1063e-05
1.10241e-05
1.09742e-05
1.20961e-05
1.20416e-05
1.18426e-05
1.16094e-05
1.15748e-05
1.14703e-05
1.13958e-05
1.1331e-05
1.12698e-05
1.12144e-05
1.11661e-05
1.11331e-05
1.27668e-05
1.27138e-05
1.24947e-05
1.22537e-05
1.22158e-05
1.21045e-05
1.20231e-05
1.19533e-05
1.18877e-05
1.18706e-05
1.18183e-05
1.17669e-05
1.29582e-05
1.29032e-05
1.26878e-05
1.2443e-05
1.24057e-05
1.22983e-05
1.22196e-05
1.21511e-05
1.20861e-05
1.20264e-05
1.20121e-05
1.1964e-05
1.19178e-05
1.32744e-05
1.32206e-05
1.29969e-05
1.27496e-05
1.27111e-05
1.26023e-05
1.25214e-05
1.24512e-05
1.23847e-05
1.23236e-05
1.23068e-05
1.22561e-05
1.22078e-05
1.21614e-05
1.35152e-05
1.34621e-05
1.32305e-05
1.2978e-05
1.29389e-05
1.28301e-05
1.27486e-05
1.26776e-05
1.26103e-05
1.25521e-05
1.24967e-05
1.36965e-05
1.36377e-05
1.3417e-05
1.31725e-05
1.31321e-05
1.30214e-05
1.29358e-05
1.28615e-05
1.27911e-05
1.27308e-05
1.26721e-05
1.38185e-05
1.37583e-05
1.35393e-05
1.32967e-05
1.32558e-05
1.31452e-05
1.30583e-05
1.29828e-05
1.29113e-05
1.285e-05
1.27923e-05
1.38891e-05
1.38281e-05
1.36106e-05
1.33704e-05
1.33291e-05
1.3219e-05
1.31312e-05
1.30549e-05
1.29825e-05
1.29205e-05
1.28622e-05
1.3808e-05
1.3747e-05
1.35353e-05
1.32992e-05
1.32586e-05
1.31515e-05
1.30656e-05
1.29906e-05
1.29193e-05
1.28579e-05
1.28001e-05
1.36895e-05
1.35153e-05
1.33243e-05
1.32769e-05
1.31601e-05
1.30586e-05
1.29731e-05
1.28938e-05
1.28271e-05
1.27652e-05
1.36076e-05
1.35451e-05
1.33464e-05
1.31245e-05
1.30842e-05
1.29798e-05
1.28935e-05
1.28183e-05
1.27469e-05
1.26855e-05
1.26277e-05
1.34021e-05
1.33427e-05
1.31454e-05
1.29261e-05
1.2887e-05
1.27866e-05
1.27038e-05
1.26313e-05
1.25622e-05
1.25027e-05
1.24465e-05
1.24014e-05
1.31254e-05
1.30705e-05
1.28699e-05
1.26498e-05
1.2612e-05
1.25155e-05
1.24365e-05
1.2367e-05
1.23006e-05
1.22432e-05
1.21888e-05
1.2146e-05
1.27978e-05
1.27447e-05
1.25493e-05
1.23353e-05
1.22986e-05
1.22055e-05
1.21288e-05
1.20613e-05
1.19968e-05
1.19409e-05
1.1888e-05
1.18456e-05
1.24285e-05
1.23769e-05
1.21871e-05
1.19796e-05
1.19439e-05
1.18539e-05
1.17793e-05
1.17136e-05
1.16506e-05
1.15962e-05
1.15446e-05
1.15007e-05
1.19695e-05
1.19196e-05
1.17391e-05
1.15394e-05
1.15054e-05
1.14201e-05
1.13495e-05
1.1287e-05
1.1227e-05
1.11749e-05
1.11255e-05
1.10831e-05
1.15305e-05
1.14827e-05
1.13087e-05
1.11188e-05
1.10857e-05
1.10033e-05
1.09341e-05
1.08731e-05
1.08147e-05
1.07641e-05
1.07161e-05
1.06746e-05
1.10658e-05
1.10197e-05
1.08512e-05
1.06695e-05
1.06373e-05
1.05574e-05
1.04896e-05
1.04301e-05
1.03731e-05
1.03239e-05
1.02772e-05
1.02365e-05
1.05148e-05
1.04703e-05
1.03104e-05
1.01353e-05
1.01048e-05
1.00294e-05
9.9656e-06
9.90928e-06
9.85524e-06
9.80832e-06
9.76382e-06
9.72507e-06
9.9398e-06
9.89748e-06
9.74589e-06
9.6765e-06
9.62991e-06
9.58784e-06
9.5468e-06
9.50988e-06
9.47392e-06
9.44905e-06
9.58164e-06
9.54393e-06
9.37622e-06
9.30738e-06
9.26442e-06
9.22501e-06
9.18626e-06
9.15093e-06
9.11628e-06
9.09395e-06
9.14577e-06
8.9939e-06
8.92556e-06
8.87826e-06
8.83641e-06
8.79602e-06
8.75983e-06
8.72464e-06
8.70153e-06
8.69894e-06
8.66267e-06
8.58819e-06
8.55555e-06
8.5236e-06
8.49156e-06
8.46065e-06
8.42964e-06
8.41625e-06
8.44979e-06
8.41576e-06
8.42211e-06
8.4228e-06
8.40687e-06
8.40687e-06
8.39073e-06
8.39073e-06
8.38048e-06
8.35865e-06
8.35865e-06
8.33765e-06
8.24224e-06
8.24366e-06
8.24915e-06
8.20606e-06
8.2128e-06
8.14482e-06
8.13607e-06
8.08956e-06
8.07757e-06
8.06646e-06
8.04978e-06
7.95547e-06
7.93508e-06
7.91238e-06
7.85237e-06
7.80139e-06
7.74781e-06
7.73609e-06
7.73068e-06
7.69036e-06
7.65412e-06
7.61729e-06
7.57984e-06
7.54611e-06
7.50668e-06
7.47568e-06
7.43578e-06
7.4395e-06
7.41109e-06
7.36995e-06
7.34302e-06
7.30421e-06
7.30862e-06
7.28303e-06
7.24095e-06
7.24407e-06
7.21931e-06
7.17968e-06
7.18187e-06
7.15774e-06
7.16121e-06
7.12193e-06
7.09801e-06
7.10122e-06
7.05725e-06
7.05732e-06
7.03349e-06
6.97313e-06
6.97351e-06
6.94911e-06
6.93064e-06
6.90734e-06
6.87337e-06
6.85058e-06
6.80797e-06
6.80948e-06
6.78666e-06
6.74635e-06
6.72373e-06
6.68286e-06
6.66056e-06
6.65536e-06
6.6103e-06
6.58896e-06
6.58414e-06
6.53276e-06
6.53528e-06
6.514e-06
6.51619e-06
6.46945e-06
6.44772e-06
6.44984e-06
6.40417e-06
6.40404e-06
6.38167e-06
6.38224e-06
6.33528e-06
6.31211e-06
6.27895e-06
6.27858e-06
6.27935e-06
6.23392e-06
6.23501e-06
6.20061e-06
6.19912e-06
6.19935e-06
6.16113e-06
6.16157e-06
6.13058e-06
6.13094e-06
6.09591e-06
6.0932e-06
6.05987e-06
6.05697e-06
6.05676e-06
6.02054e-06
6.02031e-06
5.98875e-06
5.98472e-06
5.98374e-06
5.95214e-06
5.94713e-06
5.94548e-06
5.9116e-06
5.90575e-06
5.90357e-06
5.87571e-06
5.86911e-06
5.86654e-06
5.83723e-06
5.83005e-06
5.82734e-06
5.75057e-06
5.74368e-06
5.74064e-06
5.72905e-06
5.72103e-06
5.71703e-06
5.68537e-06
5.67692e-06
5.67293e-06
5.6496e-06
5.64071e-06
5.63662e-06
5.60847e-06
5.59929e-06
5.59499e-06
5.56732e-06
5.55791e-06
5.55424e-06
5.53004e-06
5.52039e-06
5.516e-06
5.52506e-06
5.53178e-06
5.50626e-06
5.49301e-06
5.48608e-06
5.4786e-06
5.45616e-06
5.4433e-06
5.44896e-06
5.44026e-06
5.42012e-06
5.40607e-06
5.40987e-06
5.40043e-06
5.38114e-06
5.36623e-06
5.3685e-06
5.35859e-06
5.34087e-06
5.32515e-06
5.32659e-06
5.31588e-06
5.29987e-06
5.28323e-06
5.28496e-06
5.275e-06
5.26096e-06
5.26441e-06
5.25158e-06
5.24832e-06
5.22991e-06
5.23003e-06
5.21772e-06
5.21321e-06
5.21411e-06
5.20052e-06
5.19969e-06
5.17964e-06
5.1802e-06
5.16678e-06
5.16683e-06
5.14694e-06
5.14716e-06
5.13338e-06
5.13158e-06
5.13336e-06
5.11281e-06
5.1115e-06
5.10887e-06
5.09419e-06
5.09366e-06
5.07273e-06
5.07046e-06
5.06701e-06
5.05294e-06
5.05781e-06
5.03657e-06
5.03341e-06
5.02932e-06
5.01581e-06
5.02124e-06
4.99973e-06
4.99614e-06
4.9826e-06
4.97832e-06
4.97724e-06
4.95552e-06
4.95152e-06
4.94656e-06
4.93174e-06
4.93408e-06
4.91219e-06
4.90781e-06
4.90255e-06
4.88779e-06
4.8939e-06
4.87172e-06
4.86714e-06
4.86199e-06
4.84795e-06
4.84963e-06
4.82719e-06
4.82246e-06
4.81686e-06
4.80326e-06
4.79995e-06
4.77773e-06
4.77238e-06
4.75894e-06
4.75263e-06
4.755e-06
4.73248e-06
4.72711e-06
4.71098e-06
4.70474e-06
4.70717e-06
4.68455e-06
4.67909e-06
4.66547e-06
4.65921e-06
4.66486e-06
4.66001e-06
4.64464e-06
4.64789e-06
4.62415e-06
4.61972e-06
4.6142e-06
4.59876e-06
4.60411e-06
4.58026e-06
4.57568e-06
4.5599e-06
4.554e-06
4.56279e-06
4.5389e-06
4.53387e-06
4.51899e-06
4.51305e-06
4.52355e-06
4.49938e-06
4.49439e-06
4.48828e-06
4.47208e-06
4.48705e-06
4.46261e-06
4.45764e-06
4.4417e-06
4.43562e-06
4.42986e-06
4.43906e-06
4.41471e-06
4.40906e-06
4.39337e-06
4.3867e-06
4.37096e-06
4.39268e-06
4.36832e-06
4.3639e-06
4.34782e-06
4.33265e-06
4.32718e-06
4.33113e-06
4.30874e-06
4.30273e-06
4.2883e-06
4.27478e-06
4.26792e-06
4.27553e-06
4.2535e-06
4.24758e-06
4.24209e-06
4.22834e-06
4.21508e-06
4.2203e-06
4.19924e-06
4.19351e-06
4.18712e-06
4.17236e-06
4.18211e-06
4.16036e-06
4.15482e-06
4.14047e-06
4.13512e-06
4.14554e-06
4.14099e-06
4.12557e-06
4.06573e-06
4.02323e-06
4.02568e-06
4.00731e-06
4.00348e-06
3.99904e-06
3.98589e-06
3.98101e-06
3.98687e-06
3.96745e-06
3.96326e-06
3.95797e-06
3.9439e-06
3.93861e-06
3.94319e-06
3.93919e-06
3.93369e-06
3.92832e-06
3.91493e-06
3.91886e-06
3.89672e-06
3.89236e-06
3.88653e-06
3.87187e-06
3.86593e-06
3.87751e-06
3.85473e-06
3.84965e-06
3.84347e-06
3.8277e-06
3.82151e-06
3.82543e-06
3.80199e-06
3.79682e-06
3.79128e-06
3.78503e-06
3.76855e-06
3.78101e-06
3.75718e-06
3.7518e-06
3.73564e-06
3.72937e-06
3.75362e-06
3.7282e-06
3.72417e-06
3.71974e-06
3.7014e-06
3.70692e-06
3.68265e-06
3.67715e-06
3.66206e-06
3.65625e-06
3.66972e-06
3.64512e-06
3.63982e-06
3.62287e-06
3.61715e-06
3.63092e-06
3.60606e-06
3.60092e-06
3.58494e-06
3.57946e-06
3.5949e-06
3.56984e-06
3.56477e-06
3.55945e-06
3.54191e-06
3.56054e-06
3.53521e-06
3.53024e-06
3.51304e-06
3.50804e-06
3.52492e-06
3.49936e-06
3.49448e-06
3.47744e-06
3.47246e-06
3.48929e-06
3.46346e-06
3.45874e-06
3.44114e-06
3.43607e-06
3.45463e-06
3.42897e-06
3.42376e-06
3.40612e-06
3.40084e-06
3.4256e-06
3.42116e-06
3.40182e-06
3.39645e-06
3.41487e-06
3.38724e-06
3.3829e-06
3.36453e-06
3.38385e-06
3.35695e-06
3.35344e-06
3.3343e-06
3.34833e-06
3.32229e-06
3.31917e-06
3.30244e-06
3.30003e-06
3.32269e-06
3.29601e-06
3.29296e-06
3.27434e-06
3.26941e-06
3.28411e-06
3.25799e-06
3.25476e-06
3.23661e-06
3.23426e-06
3.21779e-06
3.23007e-06
3.20469e-06
3.20124e-06
3.18383e-06
3.16715e-06
3.15919e-06
3.17005e-06
3.14688e-06
3.14408e-06
3.12811e-06
3.11267e-06
3.09941e-06
3.10662e-06
3.08527e-06
3.08263e-06
3.06792e-06
3.05307e-06
3.04648e-06
3.05323e-06
3.03237e-06
3.0316e-06
3.01696e-06
3.00214e-06
2.98778e-06
2.98904e-06
2.96998e-06
2.9677e-06
2.95457e-06
2.94119e-06
2.92831e-06
2.92837e-06
2.91017e-06
2.90793e-06
2.8954e-06
2.88263e-06
2.87084e-06
2.8694e-06
2.85179e-06
2.84983e-06
2.83765e-06
2.83131e-06
2.81902e-06
2.81732e-06
2.80007e-06
2.79881e-06
2.78674e-06
2.77489e-06
2.7695e-06
2.77124e-06
2.75441e-06
2.7533e-06
2.74156e-06
2.7299e-06
2.7321e-06
2.71517e-06
2.71444e-06
2.70263e-06
2.69058e-06
2.69072e-06
2.67366e-06
2.67343e-06
2.6614e-06
2.64944e-06
2.65419e-06
2.63698e-06
2.63712e-06
2.625e-06
2.61263e-06
2.60632e-06
2.60924e-06
2.59246e-06
2.59261e-06
2.58081e-06
2.56873e-06
2.55912e-06
2.56114e-06
2.54477e-06
2.54472e-06
2.5332e-06
2.52144e-06
2.5101e-06
2.5135e-06
2.4975e-06
2.49722e-06
2.48601e-06
2.48001e-06
2.46925e-06
2.46762e-06
2.45178e-06
2.45236e-06
2.44107e-06
2.43105e-06
2.4348e-06
2.41862e-06
2.41948e-06
2.40801e-06
2.39582e-06
2.39853e-06
2.40055e-06
2.3884e-06
2.37606e-06
2.37601e-06
2.35896e-06
2.36114e-06
2.34887e-06
2.33857e-06
2.34415e-06
2.32701e-06
2.32931e-06
2.31705e-06
2.30456e-06
2.29909e-06
2.30267e-06
2.2862e-06
2.2883e-06
2.27655e-06
2.26619e-06
2.26015e-06
2.26352e-06
2.24747e-06
2.24942e-06
2.23798e-06
2.22613e-06
2.22105e-06
2.22508e-06
2.2092e-06
2.21165e-06
2.2002e-06
2.1878e-06
2.18286e-06
2.18785e-06
2.17234e-06
2.17461e-06
2.16349e-06
2.15205e-06
2.15834e-06
2.14265e-06
2.14502e-06
2.13382e-06
2.12141e-06
2.1166e-06
2.11361e-06
2.09826e-06
2.10061e-06
2.08952e-06
2.0837e-06
2.07244e-06
2.0742e-06
2.0591e-06
2.06106e-06
2.05026e-06
2.03818e-06
2.03287e-06
2.03307e-06
2.01824e-06
2.02012e-06
2.00954e-06
1.99766e-06
1.98683e-06
1.98581e-06
1.97127e-06
1.97279e-06
1.96247e-06
1.95812e-06
1.94763e-06
1.94945e-06
1.93508e-06
1.93654e-06
1.9264e-06
1.92213e-06
1.91147e-06
1.91187e-06
1.89748e-06
1.89987e-06
1.8896e-06
1.88516e-06
1.87464e-06
1.87791e-06
1.86346e-06
1.86696e-06
1.85652e-06
1.85185e-06
1.84004e-06
1.84226e-06
1.82823e-06
1.8307e-06
1.82076e-06
1.81647e-06
1.80542e-06
1.80817e-06
1.79437e-06
1.79676e-06
1.78703e-06
1.78286e-06
1.77255e-06
1.76648e-06
1.75277e-06
1.7555e-06
1.74563e-06
1.74086e-06
1.73047e-06
1.73294e-06
1.71904e-06
1.72327e-06
1.71314e-06
1.70823e-06
1.69756e-06
1.6864e-06
1.67877e-06
1.66552e-06
1.66915e-06
1.65944e-06
1.65496e-06
1.6448e-06
1.63515e-06
1.63225e-06
1.6196e-06
1.62137e-06
1.61242e-06
1.60856e-06
1.59898e-06
1.58954e-06
1.58461e-06
1.57238e-06
1.57403e-06
1.5653e-06
1.56126e-06
1.55099e-06
1.54195e-06
1.53956e-06
1.52771e-06
1.52929e-06
1.52083e-06
1.51696e-06
1.50783e-06
1.50884e-06
1.49671e-06
1.49892e-06
1.49026e-06
1.48622e-06
1.47623e-06
1.47905e-06
1.46693e-06
1.46926e-06
1.46069e-06
1.45665e-06
1.44719e-06
1.4501e-06
1.43793e-06
1.44046e-06
1.43185e-06
1.42779e-06
1.41831e-06
1.40924e-06
1.40569e-06
1.39391e-06
1.3967e-06
1.38822e-06
1.38429e-06
1.37508e-06
1.36632e-06
1.36249e-06
1.35072e-06
1.35635e-06
1.34739e-06
1.34294e-06
1.33244e-06
1.32336e-06
1.32133e-06
1.31035e-06
1.3124e-06
1.30461e-06
1.30116e-06
1.29261e-06
1.28396e-06
1.27801e-06
1.26732e-06
1.26942e-06
1.26178e-06
1.25887e-06
1.24983e-06
1.24937e-06
1.23854e-06
1.24132e-06
1.23357e-06
1.22385e-06
1.22436e-06
1.21311e-06
1.21641e-06
1.20834e-06
1.19909e-06
1.18958e-06
1.19297e-06
1.1818e-06
1.18499e-06
1.17709e-06
1.16706e-06
1.17095e-06
1.15955e-06
1.16306e-06
1.15501e-06
1.14481e-06
1.14728e-06
1.13566e-06
1.13996e-06
1.13156e-06
1.12088e-06
1.12727e-06
1.11541e-06
1.11993e-06
1.11141e-06
1.10061e-06
1.10767e-06
1.09568e-06
1.1004e-06
1.09181e-06
1.08191e-06
1.0716e-06
1.07844e-06
1.06674e-06
1.07156e-06
1.06313e-06
1.05249e-06
1.06026e-06
1.04843e-06
1.05357e-06
1.04502e-06
1.0342e-06
1.04016e-06
1.02815e-06
1.03387e-06
1.02497e-06
1.01499e-06
1.0243e-06
1.01201e-06
1.01744e-06
1.00844e-06
9.98304e-07
1.00934e-06
9.96845e-07
1.00208e-06
9.93032e-07
9.82807e-07
9.72293e-07
9.78914e-07
9.66984e-07
9.71864e-07
9.63199e-07
9.52367e-07
9.44537e-07
9.49574e-07
9.38097e-07
9.42667e-07
9.34328e-07
9.24828e-07
9.25948e-07
9.14102e-07
9.19161e-07
9.10453e-07
8.99449e-07
8.98852e-07
8.86631e-07
8.93091e-07
8.81896e-07
8.70824e-07
8.80741e-07
8.68269e-07
8.7468e-07
8.63517e-07
8.53427e-07
8.62914e-07
8.50272e-07
8.56265e-07
8.44647e-07
8.34593e-07
8.45241e-07
8.32653e-07
8.38559e-07
8.27095e-07
8.17081e-07
8.27903e-07
8.15408e-07
8.21117e-07
8.10943e-07
8.00948e-07
8.10362e-07
7.97822e-07
8.03595e-07
7.94781e-07
8.0788e-07
7.93972e-07
8.02482e-07
7.8959e-07
7.79288e-07
7.77276e-07
7.90363e-07
7.77613e-07
7.84271e-07
7.75675e-07
7.92528e-07
7.78623e-07
7.86367e-07
7.76487e-07
7.64773e-07
7.82136e-07
7.68407e-07
7.75682e-07
7.64852e-07
7.62566e-07
7.79486e-07
7.6545e-07
7.73592e-07
7.62403e-07
7.53553e-07
7.90909e-07
7.75536e-07
7.88108e-07
7.77225e-07
7.6563e-07
7.84322e-07
7.69167e-07
7.79862e-07
7.6751e-07
7.873e-07
7.70964e-07
7.82369e-07
7.69228e-07
7.55944e-07
7.7746e-07
7.61803e-07
7.71888e-07
7.57752e-07
7.7778e-07
7.61587e-07
7.71636e-07
7.58438e-07
7.55164e-07
7.76634e-07
7.60563e-07
7.70697e-07
7.66961e-07
7.52747e-07
7.43294e-07
7.51974e-07
7.36916e-07
7.46873e-07
7.36312e-07
7.24774e-07
7.29838e-07
7.15094e-07
7.23406e-07
7.13854e-07
7.02657e-07
7.17729e-07
7.02976e-07
7.1089e-07
7.01498e-07
6.99438e-07
6.88982e-07
6.9145e-07
6.77438e-07
6.85386e-07
6.75951e-07
6.63813e-07
6.62384e-07
6.72957e-07
6.59813e-07
6.67164e-07
6.554e-07
6.53603e-07
6.43914e-07
6.55029e-07
6.42409e-07
6.49691e-07
6.39302e-07
6.29145e-07
6.27641e-07
6.24516e-07
6.12377e-07
6.19675e-07
6.07719e-07
6.06327e-07
6.03628e-07
5.91184e-07
5.99328e-07
5.88967e-07
5.87283e-07
5.86499e-07
5.93144e-07
5.79088e-07
5.87835e-07
5.87896e-07
5.74924e-07
5.73076e-07
5.60887e-07
5.70753e-07
5.57288e-07
5.64448e-07
5.51631e-07
5.50672e-07
5.39585e-07
5.3855e-07
5.31082e-07
5.40642e-07
5.28322e-07
5.34101e-07
5.23939e-07
5.22567e-07
5.213e-07
5.1053e-07
4.98997e-07
5.00298e-07
4.91216e-07
4.88179e-07
4.7932e-07
4.79834e-07
4.76546e-07
4.70861e-07
4.67517e-07
4.57433e-07
4.55184e-07
4.47536e-07
4.40442e-07
4.41968e-07
4.35271e-07
4.30756e-07
4.12136e-07
4.04011e-07
3.98618e-07
3.94491e-07
3.89444e-07
3.83598e-07
3.857e-07
3.79807e-07
3.75784e-07
3.73443e-07
3.65375e-07
3.58619e-07
3.52551e-07
3.5485e-07
3.50977e-07
3.44429e-07
3.38394e-07
3.4051e-07
3.35846e-07
3.30129e-07
3.27091e-07
3.20623e-07
3.14838e-07
3.09621e-07
3.04595e-07
2.99699e-07
2.99699e-07
2.93788e-07
2.87807e-07
2.8358e-07
2.77857e-07
2.77857e-07
2.72013e-07
2.66214e-07
2.60539e-07
2.56577e-07
2.59368e-07
2.54962e-07
2.54962e-07
2.49539e-07
2.4383e-07
2.39697e-07
2.34102e-07
2.30304e-07
2.26738e-07
2.26738e-07
2.21847e-07
2.16059e-07
2.12682e-07
2.06998e-07
2.03848e-07
2.03848e-07
1.9921e-07
1.93524e-07
1.90347e-07
1.84689e-07
1.81775e-07
1.84468e-07
1.84468e-07
1.8006e-07
1.74548e-07
1.71587e-07
1.66132e-07
1.63262e-07
1.6026e-07
1.62748e-07
1.62748e-07
1.58677e-07
1.53264e-07
1.5581e-07
1.50492e-07
1.4788e-07
1.45127e-07
1.45127e-07
1.41236e-07
1.3588e-07
1.33217e-07
1.28046e-07
1.25686e-07
1.28068e-07
1.28068e-07
1.24347e-07
1.19149e-07
1.1412e-07
1.16396e-07
1.13833e-07
1.13833e-07
1.10191e-07
1.05176e-07
1.02718e-07
9.78246e-08
1.00357e-07
1.00357e-07
9.67948e-08
9.19479e-08
8.95904e-08
8.48035e-08
8.25586e-08
7.9996e-08
8.24548e-08
8.24548e-08
7.91298e-08
7.43797e-08
7.21073e-08
6.74444e-08
6.96899e-08
6.96899e-08
6.64404e-08
6.18228e-08
5.9645e-08
5.51262e-08
5.30297e-08
5.069e-08
5.2878e-08
5.2878e-08
4.984e-08
4.53118e-08
4.09364e-08
4.30616e-08
4.10338e-08
4.10338e-08
3.80644e-08
3.36652e-08
3.1649e-08
2.98096e-08
2.55199e-08
2.75915e-08
2.75915e-08
2.47489e-08
2.04532e-08
1.86556e-08
1.44303e-08
1.23374e-08
1.43057e-08
1.24379e-08
1.24379e-08
9.77056e-09
5.5571e-09
3.78767e-09
2.00112e-09
-2.1262e-09
-6.07606e-11
-6.07606e-11
-2.61745e-09
-6.73395e-09
-8.31059e-09
-1.23067e-08
-1.41528e-08
-1.57688e-08
-1.36744e-08
-1.36744e-08
-1.60815e-08
-2.01171e-08
-1.80474e-08
-2.19597e-08
-2.35101e-08
-2.50942e-08
-2.50942e-08
-2.74061e-08
-3.13508e-08
-2.93171e-08
-3.31698e-08
-3.49029e-08
-3.65256e-08
-3.65256e-08
-3.87376e-08
-4.25989e-08
-4.0706e-08
-4.21159e-08
-4.58318e-08
-4.72572e-08
-4.72572e-08
-4.93823e-08
-5.31602e-08
-5.45999e-08
-5.59003e-08
-5.96151e-08
-5.76014e-08
-5.8328e-08
-5.8328e-08
-6.03504e-08
-6.40483e-08
-6.54144e-08
-6.65414e-08
-7.01531e-08
-7.14418e-08
-6.96142e-08
-6.96142e-08
-7.15296e-08
-7.5157e-08
-7.64456e-08
-7.99836e-08
-8.10088e-08
-8.22206e-08
-8.22206e-08
-8.40327e-08
-8.76019e-08
-8.8813e-08
-9.2299e-08
-9.33583e-08
-9.15426e-08
-9.2856e-08
-9.2856e-08
-9.45694e-08
-9.80583e-08
-9.91984e-08
-1.02617e-07
-1.05996e-07
-1.06924e-07
-1.08019e-07
-1.06136e-07
-1.06136e-07
-1.07764e-07
-1.11195e-07
-1.12273e-07
-1.15588e-07
-1.16584e-07
-1.19895e-07
-1.20905e-07
-1.19145e-07
-1.19145e-07
-1.20692e-07
-1.24021e-07
-1.2504e-07
-1.28257e-07
-1.29137e-07
-1.32362e-07
-1.33316e-07
-1.3656e-07
-1.3656e-07
-1.38025e-07
-1.38601e-07
-1.39545e-07
-1.37744e-07
-1.40957e-07
-1.41834e-07
-1.44964e-07
-1.45873e-07
-1.45873e-07
-1.47254e-07
-1.47788e-07
-1.48658e-07
-1.49343e-07
-1.52463e-07
-1.55588e-07
-1.53758e-07
-1.53758e-07
-1.55079e-07
-1.55584e-07
-1.53779e-07
-1.54464e-07
-1.57478e-07
-1.58289e-07
-1.61352e-07
-1.61352e-07
-1.62616e-07
-1.63062e-07
-1.66091e-07
-1.6905e-07
-1.69697e-07
-1.70467e-07
-1.70467e-07
-1.71673e-07
-1.72087e-07
-1.7268e-07
-1.75635e-07
-1.76388e-07
-1.7937e-07
-1.77598e-07
-1.77598e-07
-1.78752e-07
-1.79144e-07
-1.77527e-07
-1.8041e-07
-1.81096e-07
-1.81804e-07
-1.82579e-07
-1.82579e-07
-1.83664e-07
-1.84026e-07
-1.84723e-07
-1.85301e-07
-1.88147e-07
-1.88775e-07
-1.87195e-07
-1.90059e-07
-1.90059e-07
-1.91082e-07
-1.91445e-07
-1.921e-07
-1.94925e-07
-1.95456e-07
-1.96064e-07
-1.94408e-07
-1.94408e-07
-1.95372e-07
-1.95708e-07
-1.96324e-07
-1.9677e-07
-1.99568e-07
-2.00138e-07
-2.02959e-07
-2.0133e-07
-2.03366e-07
-2.04256e-07
-2.0455e-07
-2.05092e-07
-2.05464e-07
-2.08291e-07
-2.08665e-07
-2.09141e-07
-2.11967e-07
-2.15287e-07
-2.16048e-07
-2.16181e-07
-2.16598e-07
-2.1503e-07
-2.17849e-07
-2.18228e-07
-2.2096e-07
-2.2096e-07
-2.2169e-07
-2.22079e-07
-2.22477e-07
-2.25262e-07
-2.23747e-07
-2.23747e-07
-2.24423e-07
-2.24545e-07
-2.24919e-07
-2.2766e-07
-2.2801e-07
-2.26309e-07
-2.26733e-07
-2.26733e-07
-2.27308e-07
-2.274e-07
-2.27715e-07
-2.27815e-07
-2.30517e-07
-2.2916e-07
-2.29477e-07
-2.29477e-07
-2.29972e-07
-2.30041e-07
-2.3276e-07
-2.33075e-07
-2.33282e-07
-2.35949e-07
-2.36229e-07
-2.34855e-07
-2.35359e-07
-2.35359e-07
-2.35831e-07
-2.35917e-07
-2.38543e-07
-2.38744e-07
-2.41284e-07
-2.41563e-07
-2.44104e-07
-2.42697e-07
-2.42697e-07
-2.43178e-07
-2.43265e-07
-2.43743e-07
-2.4396e-07
-2.46432e-07
-2.46756e-07
-2.47021e-07
-2.45704e-07
