5.57675e-12
-2.38428e-10
-4.78337e-10
-5.09826e-10
-5.5083e-10
-7.81256e-10
-8.08283e-10
-9.95731e-10
-9.84912e-10
-1.58234e-09
-2.06043e-09
-2.53321e-09
-3.09415e-09
-3.14827e-09
-3.22672e-09
-3.27682e-09
-3.81331e-09
-3.77371e-09
-5.93902e-09
-7.98442e-09
-8.14056e-09
-9.71514e-09
-9.92227e-09
-1.17541e-08
-1.18201e-08
-1.23094e-08
-3.00791e-08
-4.6431e-08
-4.21606e-08
-7.95572e-08
-1.06636e-07
-1.22015e-07
-1.14644e-07
-1.08807e-07
-9.76524e-08
-1.24276e-07
-1.67694e-07
-1.79401e-07
-1.90586e-07
-2.18759e-07
-2.06142e-07
-2.37116e-07
-2.53645e-07
-2.66613e-07
-2.84545e-07
-2.67599e-07
-2.82244e-07
-2.78517e-07
-2.93969e-07
-3.01966e-07
-3.13784e-07
-2.97582e-07
-3.02988e-07
-3.07877e-07
-2.95513e-07
-2.8354e-07
-2.78325e-07
-2.95788e-07
-3.05925e-07
-2.91072e-07
-2.78014e-07
-2.91623e-07
-2.83831e-07
-2.74656e-07
-3.07468e-07
-3.31591e-07
-3.19062e-07
-3.41313e-07
-3.23302e-07
-3.3523e-07
-3.19775e-07
-3.14638e-07
-3.36648e-07
-3.23238e-07
-3.09825e-07
-3.22204e-07
-3.33503e-07
-3.4933e-07
-3.36922e-07
-3.33418e-07
-3.52827e-07
-3.39236e-07
-3.27152e-07
-3.38447e-07
-3.54434e-07
-3.4408e-07
-3.5319e-07
-3.49152e-07
-3.71352e-07
-3.85439e-07
-4.038e-07
-4.21043e-07
-4.29918e-07
-4.14996e-07
-4.01485e-07
-3.89929e-07
-3.86351e-07
-4.0738e-07
-4.20628e-07
-4.0581e-07
-3.92559e-07
-3.8146e-07
-3.92374e-07
-4.05997e-07
-4.03076e-07
-4.28967e-07
-4.45104e-07
-4.27322e-07
-4.41114e-07
-4.25546e-07
-4.12462e-07
-4.31163e-07
-4.42549e-07
-4.39582e-07
-4.59003e-07
-4.77493e-07
-4.87801e-07
-4.96831e-07
-4.83049e-07
-4.68623e-07
-4.83037e-07
-4.79147e-07
-5.21827e-07
-5.59414e-07
-5.78385e-07
-6.07633e-07
-5.77565e-07
-5.50879e-07
-5.65724e-07
-5.59847e-07
-5.89873e-07
-6.17824e-07
-6.31381e-07
-6.53527e-07
-6.27104e-07
-5.98882e-07
-6.10627e-07
-5.87015e-07
-5.83636e-07
-6.11591e-07
-6.37882e-07
-6.11804e-07
-5.88207e-07
-6.10898e-07
-6.22561e-07
-6.17454e-07
-6.41114e-07
-6.63794e-07
-6.3982e-07
-6.17628e-07
-6.29739e-07
-6.47796e-07
-6.43531e-07
-6.80022e-07
-7.13535e-07
-7.30976e-07
-7.57399e-07
-7.80559e-07
-7.46936e-07
-7.10839e-07
-7.04637e-07
-7.30485e-07
-6.99817e-07
-6.66937e-07
-6.82226e-07
-7.05652e-07
-7.17247e-07
-7.12188e-07
-7.50644e-07
-7.01909e-07
-7.39515e-07
-7.57168e-07
-7.50954e-07
-7.82176e-07
-7.39076e-07
-7.6963e-07
-7.9641e-07
-7.64309e-07
-7.78071e-07
-7.73918e-07
-8.03964e-07
-8.18729e-07
-8.31988e-07
-8.57718e-07
-8.79585e-07
-8.41316e-07
-8.37098e-07
-8.64744e-07
-8.78571e-07
-9.03812e-07
-8.67105e-07
-8.78415e-07
-8.99585e-07
-8.95765e-07
-9.17886e-07
-9.28446e-07
-9.49152e-07
-9.67429e-07
-9.32758e-07
-9.4024e-07
-9.08376e-07
-9.0493e-07
-9.30447e-07
-8.91284e-07
-9.03288e-07
-9.14599e-07
-9.36406e-07
-9.02305e-07
-9.22618e-07
-9.18784e-07
-9.49819e-07
-9.79162e-07
-9.9051e-07
-9.40441e-07
-9.51461e-07
-9.46876e-07
-9.76859e-07
-1.00845e-06
-1.02127e-06
-9.77344e-07
-9.36903e-07
-9.31089e-07
-9.68468e-07
-1.00684e-06
-1.03894e-06
-1.0519e-06
-1.07785e-06
-1.03253e-06
-1.04149e-06
-1.03861e-06
-1.06294e-06
-1.01679e-06
-1.02809e-06
-1.05232e-06
-1.07453e-06
-1.08213e-06
-1.0425e-06
-1.03849e-06
-1.06334e-06
-1.01748e-06
-1.02899e-06
-9.88211e-07
-1.01259e-06
-1.02162e-06
-1.01698e-06
-1.0632e-06
-9.97946e-07
-1.02101e-06
-1.065e-06
-1.10294e-06
-1.11766e-06
-1.11171e-06
-1.14943e-06
-1.08298e-06
-1.10173e-06
-1.13908e-06
-1.15927e-06
-1.18793e-06
-1.13182e-06
-1.12691e-06
-1.16646e-06
-1.09677e-06
-1.03415e-06
-1.07551e-06
-1.09163e-06
-1.12595e-06
-1.12074e-06
-1.16143e-06
-1.09301e-06
-1.0333e-06
-1.07628e-06
-1.11404e-06
-1.13048e-06
-1.12485e-06
-1.1757e-06
-1.09778e-06
-1.13738e-06
-1.07058e-06
-1.11666e-06
-1.13347e-06
-1.128e-06
-1.19436e-06
-1.10203e-06
-1.13314e-06
-1.18917e-06
-1.20991e-06
-1.25203e-06
-1.17988e-06
-1.17435e-06
-1.2159e-06
-1.14545e-06
-1.0818e-06
-1.12651e-06
-1.16658e-06
-1.18088e-06
-1.17499e-06
-1.22207e-06
-1.14808e-06
-1.08212e-06
-1.13157e-06
-1.15485e-06
-1.19328e-06
-1.18875e-06
-1.22293e-06
-1.16237e-06
-1.19915e-06
-1.13509e-06
-1.16861e-06
-1.18109e-06
-1.19166e-06
-1.18864e-06
-1.21712e-06
-1.16229e-06
-1.1936e-06
-1.15332e-06
-1.18218e-06
-1.1995e-06
-1.1953e-06
-1.24508e-06
-1.16646e-06
-1.21753e-06
-1.24844e-06
-1.26354e-06
-1.30138e-06
-1.33387e-06
-1.28049e-06
-1.27462e-06
-1.30651e-06
-1.23936e-06
-1.27439e-06
-1.22564e-06
-1.25821e-06
-1.28768e-06
-1.22235e-06
-1.23092e-06
-1.17227e-06
-1.16828e-06
-1.19377e-06
-1.14429e-06
-1.15539e-06
-1.18204e-06
-1.20575e-06
-1.15416e-06
-1.10453e-06
-1.1132e-06
-1.11011e-06
-1.13297e-06
-1.09077e-06
-1.10114e-06
-1.05531e-06
-1.01284e-06
-1.03791e-06
-1.06061e-06
-1.06869e-06
-1.06526e-06
-1.10071e-06
-1.05049e-06
-1.06871e-06
-1.08579e-06
-1.11029e-06
-1.13952e-06
-1.10416e-06
-1.05435e-06
-1.05128e-06
-1.1094e-06
-1.04008e-06
-1.07049e-06
-1.12455e-06
-1.17103e-06
-1.18857e-06
-1.12661e-06
-1.12155e-06
-1.17544e-06
-1.10299e-06
-1.13091e-06
-1.06631e-06
-1.11683e-06
-1.13806e-06
-1.17849e-06
-1.20575e-06
-1.22683e-06
-1.22253e-06
-1.26384e-06
-1.19171e-06
-1.21121e-06
-1.25252e-06
-1.186e-06
-1.22316e-06
-1.23461e-06
-1.24471e-06
-1.24062e-06
-1.2717e-06
-1.20946e-06
-1.22327e-06
-1.25585e-06
-1.26657e-06
-1.27502e-06
-1.29978e-06
-1.31516e-06
-1.33533e-06
-1.27383e-06
-1.2698e-06
-1.30216e-06
-1.23259e-06
-1.26602e-06
-1.29907e-06
-1.30672e-06
-1.31428e-06
-1.33901e-06
-1.33189e-06
-1.36609e-06
-1.28834e-06
-1.32373e-06
-1.35856e-06
-1.38975e-06
-1.41399e-06
-1.33846e-06
-1.35404e-06
-1.36587e-06
-1.36891e-06
-1.36154e-06
-1.38638e-06
-1.31758e-06
-1.34434e-06
-1.3713e-06
-1.38416e-06
-1.40351e-06
-1.3343e-06
-1.35556e-06
-1.37432e-06
-1.3679e-06
-1.38481e-06
-1.32611e-06
-1.34526e-06
-1.34851e-06
-1.35158e-06
-1.36967e-06
-1.37791e-06
-1.31825e-06
-1.32673e-06
-1.32272e-06
-1.3486e-06
-1.27963e-06
-1.30727e-06
-1.32645e-06
-1.333e-06
-1.33876e-06
-1.35182e-06
-1.37183e-06
-1.39001e-06
-1.38814e-06
-1.32463e-06
-1.26654e-06
-1.26448e-06
-1.27962e-06
-1.22722e-06
-1.24441e-06
-1.256e-06
-1.25866e-06
-1.27525e-06
-1.2756e-06
-1.28641e-06
-1.29056e-06
-1.28618e-06
-1.29848e-06
-1.2475e-06
-1.26202e-06
-1.27129e-06
-1.27238e-06
-1.28672e-06
-1.29103e-06
-1.3e-06
-1.31088e-06
8.41574e-08
8.13149e-08
8.52651e-08
7.91732e-08
7.7256e-08
7.15432e-08
6.63448e-08
6.18147e-08
5.66306e-08
5.17022e-08
4.78719e-08
4.34961e-08
4.70237e-08
3.66414e-08
3.53622e-08
2.57197e-08
1.71636e-08
1.00045e-08
1.37104e-09
-4.80653e-09
-1.25031e-08
-1.92344e-08
-2.44684e-08
-2.03919e-08
-3.22291e-08
-3.15063e-08
-4.26172e-08
-5.23458e-08
-6.09009e-08
-7.04315e-08
-7.992e-08
-8.62758e-08
-9.23065e-08
-8.66912e-08
-1.13622e-07
-1.08525e-07
-1.32441e-07
-1.5235e-07
-1.6996e-07
-1.86511e-07
-2.04038e-07
-2.20631e-07
-2.31632e-07
-2.40409e-07
-2.32586e-07
-2.62718e-07
-2.49013e-07
-2.76002e-07
-2.59116e-07
-2.80064e-07
-2.97085e-07
-3.10686e-07
-3.06733e-07
-3.21744e-07
-3.39764e-07
-3.33965e-07
-3.64313e-07
-3.45598e-07
-3.73202e-07
-3.90222e-07
-4.15569e-07
-4.38643e-07
-4.20105e-07
-4.3359e-07
-4.2619e-07
-4.39986e-07
-4.55325e-07
-4.50472e-07
-4.72961e-07
-4.53153e-07
-4.74494e-07
-4.92042e-07
-5.12364e-07
-4.92981e-07
-5.11976e-07
-5.22696e-07
-5.13779e-07
-5.22027e-07
-5.33549e-07
-5.28445e-07
-5.61355e-07
-5.31865e-07
-5.62282e-07
-5.92611e-07
-6.0747e-07
-6.25222e-07
-5.97614e-07
-5.85389e-07
-6.08582e-07
-6.24513e-07
-6.34126e-07
-6.28324e-07
-6.59138e-07
-6.26824e-07
-6.55772e-07
-6.79606e-07
-6.64194e-07
-6.34979e-07
-6.6184e-07
-6.86213e-07
-6.97187e-07
-7.11666e-07
-7.07552e-07
-7.36632e-07
-7.01566e-07
-7.29214e-07
-7.53556e-07
-7.73586e-07
-7.40435e-07
-7.54848e-07
-7.38919e-07
-7.60825e-07
-7.69513e-07
-7.63542e-07
-7.91302e-07
-7.57201e-07
-7.83777e-07
-8.07343e-07
-7.90383e-07
-7.58895e-07
-7.77403e-07
-7.91484e-07
-7.58231e-07
-7.80076e-07
-7.97765e-07
-8.06314e-07
-8.03092e-07
-8.29527e-07
-7.94543e-07
-8.20014e-07
-8.3344e-07
-7.9942e-07
-8.15102e-07
-8.31985e-07
-8.1538e-07
-8.37808e-07
-8.57916e-07
-8.69941e-07
-8.65731e-07
-8.90164e-07
-8.54162e-07
-8.77928e-07
-8.89943e-07
-8.54773e-07
-8.73284e-07
-8.55792e-07
-8.77829e-07
-8.94505e-07
-9.13259e-07
-8.82395e-07
-8.91705e-07
-9.07856e-07
-9.04553e-07
-9.37419e-07
-8.9224e-07
-9.2342e-07
-9.39451e-07
-8.96065e-07
-9.19959e-07
-8.98243e-07
-9.11225e-07
-9.25696e-07
-9.42798e-07
-9.65111e-07
-9.85383e-07
-9.99981e-07
-9.96874e-07
-1.0404e-06
-9.78355e-07
-1.0187e-06
-1.03868e-06
-1.07057e-06
-1.10605e-06
-1.13055e-06
-1.09682e-06
-1.12498e-06
-1.14527e-06
-1.15378e-06
-1.15013e-06
-1.17631e-06
-1.11811e-06
-1.14389e-06
-1.15387e-06
-1.16622e-06
-1.13424e-06
-1.14163e-06
-1.16387e-06
-1.11518e-06
-1.12756e-06
-1.13945e-06
-1.13505e-06
-1.15459e-06
-1.10893e-06
-1.12853e-06
-1.13593e-06
-1.14543e-06
-1.15803e-06
-1.13167e-06
-1.09036e-06
-1.04558e-06
-1.05717e-06
-1.06218e-06
-1.05878e-06
-1.08312e-06
-1.03975e-06
-9.96745e-07
-1.0135e-06
-1.02851e-06
-1.04634e-06
-1.02444e-06
-1.04715e-06
-1.06349e-06
-1.08293e-06
-1.09318e-06
-1.0514e-06
-1.04819e-06
-1.09426e-06
-1.03321e-06
-1.07176e-06
-1.09884e-06
-1.12236e-06
-1.09003e-06
-1.11092e-06
-1.12579e-06
-1.15724e-06
-1.18514e-06
-1.20193e-06
-1.21509e-06
-1.21077e-06
-1.23528e-06
-1.18091e-06
-1.2015e-06
-1.21429e-06
-1.22599e-06
-1.19459e-06
-1.2052e-06
-1.21893e-06
-1.18955e-06
-1.14264e-06
-1.15552e-06
-1.16031e-06
-1.17706e-06
-1.1739e-06
-1.20428e-06
-1.1474e-06
-1.17284e-06
-1.18944e-06
-1.20449e-06
-1.17237e-06
-1.14244e-06
-1.09269e-06
-1.11177e-06
-1.12154e-06
-1.12983e-06
-1.14354e-06
-1.15162e-06
-1.14836e-06
-1.18717e-06
-1.12535e-06
-1.1576e-06
-1.19833e-06
-1.21695e-06
-1.24955e-06
-1.26846e-06
-1.27944e-06
-1.24375e-06
-1.25968e-06
-1.20422e-06
-1.21666e-06
-1.21341e-06
-1.25643e-06
-1.18299e-06
-1.21842e-06
-1.26325e-06
-1.28338e-06
-1.31857e-06
-1.33823e-06
-1.29546e-06
-1.31453e-06
-1.3303e-06
-1.33474e-06
-1.27299e-06
-1.28069e-06
-1.27567e-06
-1.32284e-06
-1.23849e-06
-1.27705e-06
-1.32155e-06
-1.34375e-06
-1.38153e-06
-1.40547e-06
-1.41651e-06
-1.4332e-06
-1.45703e-06
-1.38459e-06
-1.37831e-06
-1.4157e-06
-1.33201e-06
-1.36274e-06
-1.4043e-06
-1.42091e-06
-1.44384e-06
-1.39543e-06
-1.32265e-06
-1.33877e-06
-1.34879e-06
-1.36401e-06
-1.37197e-06
-1.37197e-06
-1.67123e-06
-1.33412e-06
-1.04826e-06
-1.30243e-06
-1.116e-06
-1.116e-06
-1.26936e-06
-1.12404e-06
-1.225e-06
-1.34787e-06
-1.39754e-06
-1.39739e-06
-1.5301e-06
-1.35104e-06
-1.43318e-06
-1.3485e-06
-1.44309e-06
-1.49724e-06
-1.55179e-06
-1.59379e-06
-1.65007e-06
-1.68209e-06
-1.6822e-06
-1.80058e-06
-1.57303e-06
-1.68005e-06
-1.56624e-06
-1.62028e-06
-1.67887e-06
-1.74336e-06
-1.79043e-06
-1.80026e-06
-1.82236e-06
-1.83381e-06
-1.83381e-06
-2.03866e-06
-1.68919e-06
-1.84703e-06
-1.93606e-06
-2.05619e-06
-2.1374e-06
-2.15647e-06
-2.19978e-06
-2.22136e-06
-2.22135e-06
-2.27378e-06
-2.0252e-06
-2.07928e-06
-2.11646e-06
-2.13429e-06
-2.15064e-06
-2.15665e-06
-2.18879e-06
-2.21641e-06
-2.10306e-06
-2.10307e-06
-2.20896e-06
-1.91174e-06
-1.7612e-06
-1.85687e-06
-1.92229e-06
-1.99053e-06
-2.02039e-06
-2.04199e-06
-2.08614e-06
-2.10448e-06
-2.1044e-06
-1.55397e-06
-1.97048e-06
-2.24039e-06
-2.0113e-06
-2.23274e-06
-2.33607e-06
-2.4623e-06
-2.54229e-06
-2.54229e-06
-1.8674e-06
-2.28955e-06
-2.61942e-06
-2.83615e-06
-3.03281e-06
-3.15203e-06
-3.19573e-06
-3.19573e-06
-2.19423e-06
-3.06694e-06
-3.53608e-06
-3.6623e-06
-3.77439e-06
-3.85536e-06
-3.9429e-06
-3.96185e-06
-3.96141e-06
-2.65294e-06
-3.80685e-06
-4.43974e-06
-4.63875e-06
-3.74906e-06
-3.74906e-06
-3.04135e-06
-3.47906e-06
-3.74697e-06
-3.92241e-06
-3.49961e-06
-3.16396e-06
-3.16377e-06
-2.55405e-06
-3.48255e-06
-4.7755e-06
-4.1217e-06
-4.28163e-06
-4.40931e-06
-4.46526e-06
-4.48071e-06
-4.48014e-06
-3.6495e-06
-4.55839e-06
-5.07332e-06
-4.43141e-06
-3.94543e-06
-3.94426e-06
-3.35422e-06
-4.66359e-06
-5.37346e-06
-4.73875e-06
-5.12464e-06
-5.31354e-06
-4.85018e-06
-4.42187e-06
-4.08289e-06
-4.08264e-06
-3.58384e-06
-4.71449e-06
-5.31943e-06
-4.76533e-06
-4.37919e-06
-4.80415e-06
-5.0561e-06
-5.2867e-06
-5.28608e-06
-4.45987e-06
-5.19617e-06
-5.58177e-06
-5.02311e-06
-5.34585e-06
-5.55212e-06
-5.62706e-06
-5.76629e-06
-5.76657e-06
-4.79826e-06
-5.63164e-06
-6.20058e-06
-6.50289e-06
-6.69994e-06
-6.69542e-06
-6.70099e-06
-6.69038e-06
-6.6724e-06
-6.6724e-06
-5.52946e-06
-6.37906e-06
-5.67693e-06
-6.17943e-06
-6.54752e-06
-6.79029e-06
-6.95208e-06
-6.5003e-06
-6.12246e-06
-6.12299e-06
-7.09158e-06
-7.51381e-06
-6.61914e-06
-6.96297e-06
-7.21794e-06
-6.63047e-06
-6.78697e-06
-6.26307e-06
-6.33396e-06
-6.33368e-06
-7.04204e-06
-7.37122e-06
-7.56553e-06
-7.75552e-06
-7.84504e-06
-7.90131e-06
-7.90289e-06
-7.90498e-06
-7.89034e-06
-7.88915e-06
-8.43964e-06
-8.66467e-06
-8.72634e-06
-8.75679e-06
-8.69152e-06
-8.73804e-06
-8.72716e-06
-8.58393e-06
-8.4574e-06
-8.32986e-06
-8.32986e-06
-8.9236e-06
-9.18098e-06
-9.24838e-06
-9.2906e-06
-9.24546e-06
-9.29701e-06
-9.28855e-06
-9.14948e-06
-9.01044e-06
-8.87992e-06
-8.87795e-06
-9.64383e-06
-9.95668e-06
-1.00341e-05
-1.02188e-05
-1.0288e-05
-1.03129e-05
-1.02337e-05
-1.01579e-05
-1.01563e-05
-1.06172e-05
-1.10303e-05
-1.11991e-05
-1.12758e-05
-1.12777e-05
-1.12474e-05
-1.11236e-05
-1.10047e-05
-1.10047e-05
-1.14842e-05
-1.19059e-05
-1.21046e-05
-1.21625e-05
-1.2166e-05
-1.21167e-05
-1.20792e-05
-1.19783e-05
-1.18492e-05
-1.18454e-05
-1.25442e-05
-1.27882e-05
-1.28613e-05
-1.28354e-05
-1.28182e-05
-1.28172e-05
-1.05979e-05
-1.05973e-05
-9.20872e-06
-1.03264e-05
-1.03264e-05
-9.14738e-06
-1.05799e-05
-1.15241e-05
-1.16866e-05
-1.08633e-05
-1.11226e-05
-1.10378e-05
-1.0805e-05
-1.08035e-05
-9.51631e-06
-1.03578e-05
-1.06653e-05
-9.95838e-06
-1.03116e-05
-1.0334e-05
-1.01942e-05
-8.6663e-06
-8.07558e-06
-8.07478e-06
-7.49618e-06
-8.55525e-06
-9.01648e-06
-8.57651e-06
-8.79859e-06
-8.7562e-06
-8.96122e-06
-7.51161e-06
-7.51071e-06
-6.99154e-06
-8.13008e-06
-8.62068e-06
-8.23769e-06
-8.47461e-06
-8.45635e-06
-7.0407e-06
-6.07986e-06
-6.13753e-06
-5.98587e-06
-5.39235e-06
-5.391e-06
-5.34028e-06
-6.51467e-06
-7.10845e-06
-6.91045e-06
-7.18067e-06
-7.22904e-06
-6.10655e-06
-5.33399e-06
-5.4117e-06
-5.33268e-06
-4.83948e-06
-4.93431e-06
-4.93199e-06
-2.23054e-06
-2.7601e-06
-3.79345e-06
-4.01867e-06
-4.49113e-06
-4.72731e-06
-4.08931e-06
-3.64324e-06
-2.91941e-06
-1.71653e-06
-1.36298e-06
-1.06545e-06
-9.6015e-08
-9.70509e-08
4.21199e-07
-2.73277e-08
-5.62152e-07
-7.56929e-07
-1.02004e-06
-1.17034e-06
-1.03499e-06
-9.42868e-07
-8.1037e-07
-6.18332e-07
-4.54528e-07
-4.54528e-07
2.36997e-07
-2.77162e-07
-6.57998e-07
-1.07493e-06
-1.30755e-06
-1.15247e-06
-1.05459e-06
-9.09924e-07
-6.78645e-07
-4.97767e-07
-3.45046e-07
-2.39001e-07
-2.39001e-07
3.20175e-07
-2.11041e-07
-6.09783e-07
-1.03714e-06
-1.28351e-06
-1.14769e-06
-1.06431e-06
-9.33406e-07
-7.3106e-07
-5.41126e-07
-3.88893e-07
-3.89828e-07
2.12528e-07
5.02773e-07
-6.69245e-08
-6.11157e-07
-9.36783e-07
-8.54277e-07
-8.13828e-07
-7.19028e-07
-5.22949e-07
-3.63505e-07
-2.22744e-07
-2.22744e-07
3.4043e-07
5.7298e-07
-5.38901e-08
-6.34779e-07
-9.81235e-07
-9.02822e-07
-8.67476e-07
-6.30175e-07
-4.44487e-07
-2.91914e-07
-1.72286e-07
-1.70389e-07
3.20185e-07
-3.74405e-07
-9.91639e-07
-1.33788e-06
-1.21244e-06
-9.5547e-07
-6.95339e-07
-4.92981e-07
-3.35021e-07
-3.35021e-07
2.22934e-07
-5.06423e-07
-1.13883e-06
-1.48622e-06
-1.34632e-06
-1.08048e-06
-8.20572e-07
-6.06806e-07
-4.32966e-07
-2.836e-07
-1.83616e-07
-1.82605e-07
2.77852e-07
-4.35092e-07
-1.05292e-06
-9.75545e-07
-7.52372e-07
-5.18963e-07
-3.3723e-07
-1.81253e-07
-8.94946e-08
-8.61218e-08
3.47269e-07
-4.29346e-07
-1.08078e-06
-1.00915e-06
-7.92236e-07
-5.56316e-07
-3.73434e-07
-2.16608e-07
-1.17628e-07
-1.51429e-08
-1.6679e-08
3.12984e-07
-3.48167e-07
-9.27925e-07
-8.87892e-07
-7.12714e-07
-5.08937e-07
-3.48275e-07
-2.09023e-07
-9.5719e-08
-6.01315e-09
5.75463e-08
5.90083e-08
4.19526e-07
-4.13046e-07
-1.08151e-06
-1.02423e-06
-8.28073e-07
-5.9922e-07
-4.22682e-07
-2.72183e-07
-2.05505e-07
-1.07309e-07
-1.92985e-08
-1.74082e-08
2.90426e-07
-4.05688e-07
-9.9552e-07
-9.59833e-07
-7.95578e-07
-5.92065e-07
-4.32487e-07
-2.94463e-07
-1.79346e-07
-1.29979e-07
-5.38569e-08
1.17857e-08
1.17857e-08
3.15165e-07
-4.36652e-07
-1.05069e-06
-1.01171e-06
-8.45694e-07
-6.36734e-07
-4.74229e-07
-3.34481e-07
-2.18529e-07
-1.63152e-07
-8.11499e-08
-1.41862e-08
4.66317e-08
3.90732e-08
3.15669e-07
-4.46137e-07
-1.05967e-06
-1.02528e-06
-8.67488e-07
-6.62412e-07
-5.03152e-07
-3.66175e-07
-2.62074e-07
-1.70555e-07
-1.70555e-07
1.45017e-07
-5.61996e-07
-1.13902e-06
-1.09714e-06
-9.39483e-07
-7.33423e-07
-5.7316e-07
-4.35361e-07
-3.30865e-07
-2.35805e-07
-2.28263e-07
8.48477e-08
-6.01517e-07
-1.16089e-06
-1.11939e-06
-9.66922e-07
-7.64164e-07
-6.06444e-07
-4.70797e-07
-3.67905e-07
-2.81153e-07
-2.7739e-07
3.39145e-08
-6.3632e-07
-1.18015e-06
-1.1384e-06
-9.90129e-07
-7.90298e-07
-6.3495e-07
-5.01392e-07
-4.00101e-07
-3.14735e-07
-3.13522e-07
-2.34023e-08
-6.37438e-07
-1.14408e-06
-1.10899e-06
-9.72613e-07
-7.84473e-07
-6.37415e-07
-5.10367e-07
-4.13689e-07
-3.31973e-07
-3.28348e-07
-1.0176e-06
-1.54108e-06
-1.42718e-06
-1.22452e-06
-9.81208e-07
-7.97337e-07
-6.4379e-07
-5.2855e-07
-4.32919e-07
-4.32919e-07
-1.29646e-07
-6.99238e-07
-1.16725e-06
-1.12751e-06
-9.9457e-07
-8.11567e-07
-6.68768e-07
-5.45669e-07
-4.51973e-07
-3.7286e-07
-3.69018e-07
-1.01494e-07
-6.49981e-07
-1.09986e-06
-1.0684e-06
-9.461e-07
-7.74327e-07
-6.40023e-07
-5.23896e-07
-4.35494e-07
-3.60751e-07
-2.7789e-07
-2.7789e-07
-4.67712e-08
-5.91042e-07
-1.03294e-06
-1.00899e-06
-8.95704e-07
-7.33353e-07
-6.06386e-07
-4.96401e-07
-4.12783e-07
-3.42048e-07
-2.64757e-07
-2.62302e-07
-4.48359e-08
-5.65813e-07
-9.88188e-07
-9.66892e-07
-8.58905e-07
-7.03848e-07
-5.8251e-07
-4.77294e-07
-3.97291e-07
-3.29576e-07
-2.55046e-07
-2.52535e-07
-4.40446e-08
-5.43503e-07
-9.47495e-07
-9.27528e-07
-8.23326e-07
-6.74369e-07
-5.57797e-07
-4.56684e-07
-3.79801e-07
-3.14709e-07
-2.407e-07
-2.407e-07
-5.10805e-08
-4.98173e-07
-8.66889e-07
-8.52628e-07
-7.57474e-07
-6.20866e-07
-5.13272e-07
-4.19402e-07
-3.47759e-07
-2.86875e-07
-2.17631e-07
-2.21646e-07
-2.85949e-08
-4.77631e-07
-8.39859e-07
-8.22406e-07
-7.24877e-07
-5.89329e-07
-4.83218e-07
-3.91118e-07
-3.21079e-07
-2.61733e-07
-1.94746e-07
-1.93235e-07
-1.06865e-09
-4.45846e-07
-7.97953e-07
-7.78862e-07
-6.80436e-07
-5.47733e-07
-4.44331e-07
-3.54914e-07
-2.87108e-07
-2.29772e-07
-1.65733e-07
-1.65733e-07
6.7378e-09
-3.8357e-07
-7.00108e-07
-6.87195e-07
-5.97478e-07
-4.77435e-07
-3.83183e-07
-3.01117e-07
-2.38616e-07
-1.8552e-07
-1.2703e-07
-1.2703e-07
4.40263e-08
-3.32826e-07
-2.71923e-07
-1.67454e-07
-9.15077e-08
-2.66465e-08
1.85517e-08
5.58876e-08
1.00568e-07
1.02069e-07
2.10226e-07
-1.96542e-07
-1.53222e-07
-6.44594e-08
-2.42539e-10
5.53708e-08
9.33455e-08
1.24806e-07
1.62985e-07
1.64385e-07
-3.05169e-07
-2.19047e-07
-1.00797e-07
-1.95921e-08
4.71619e-08
9.20747e-08
1.28421e-07
1.68992e-07
1.71041e-07
2.58062e-07
2.26739e-07
2.61175e-07
2.85597e-07
3.1073e-07
3.24743e-07
3.36891e-07
3.55578e-07
3.55578e-07
3.84197e-07
3.84197e-07
3.84197e-07
4.42901e-07
4.42901e-07
4.95645e-07
4.95645e-07
5.216e-07
5.59945e-07
5.59945e-07
5.8981e-07
-4.17221e-06
-4.54471e-06
-5.56007e-06
-3.20962e-06
-3.91198e-06
-2.62389e-06
-3.17229e-06
-2.26849e-06
-2.74013e-06
-3.17472e-06
-3.66097e-06
-2.68855e-06
-3.08299e-06
-2.41673e-06
-1.91064e-06
-2.41118e-06
-1.9155e-06
-2.01725e-06
-1.66765e-06
-1.36804e-06
-1.59824e-06
-1.32398e-06
-1.54064e-06
-1.26078e-06
-1.49845e-06
-1.19593e-06
-1.44696e-06
-1.19299e-06
-9.65124e-07
-1.20224e-06
-9.46163e-07
-1.17346e-06
-9.72742e-07
-7.8564e-07
-9.84193e-07
-8.08362e-07
-6.41131e-07
-8.22452e-07
-6.86177e-07
-5.50996e-07
-4.69364e-07
-6.19007e-07
-5.03194e-07
-4.32972e-07
-5.84422e-07
-4.87712e-07
-3.8649e-07
-5.99431e-07
-5.0654e-07
-4.0883e-07
-4.68933e-07
-3.71458e-07
-4.86642e-07
-3.823e-07
-5.37685e-07
-4.38183e-07
-3.34236e-07
-4.91442e-07
-3.68429e-07
-5.40263e-07
-4.09946e-07
-3.22285e-07
-4.93806e-07
-3.50546e-07
-2.57317e-07
-4.59974e-07
-3.27187e-07
-1.94706e-07
-1.28405e-07
-3.2283e-07
-1.88966e-07
-1.2295e-07
-3.12243e-07
-2.11424e-07
-1.0526e-07
-5.19282e-08
-2.35272e-07
-1.33136e-07
-2.58456e-07
-1.79437e-07
-1.25269e-07
-2.89328e-07
-2.28103e-07
-3.58779e-07
-2.69861e-07
-2.07806e-07
-3.63231e-07
-2.96315e-07
-4.20536e-07
-3.52597e-07
-4.92144e-07
-4.05975e-07
-5.43334e-07
-4.52198e-07
-3.85854e-07
-5.29073e-07
-4.4243e-07
-5.94273e-07
-4.93043e-07
-4.19478e-07
-5.65617e-07
-4.6174e-07
-3.87071e-07
-5.47202e-07
-4.39592e-07
-3.63321e-07
-5.07802e-07
-4.13397e-07
-3.45691e-07
-4.9466e-07
-3.98372e-07
-3.31039e-07
-7.41227e-07
-5.88958e-07
-4.82041e-07
-5.53686e-07
-4.38443e-07
-3.56651e-07
-5.29678e-07
-4.14947e-07
-3.34498e-07
-4.69848e-07
-3.75568e-07
-3.08906e-07
-4.60464e-07
-3.60476e-07
-2.90722e-07
-4.56176e-07
-3.53829e-07
-2.85565e-07
-4.34072e-07
-3.45229e-07
-2.82564e-07
-2.29234e-07
-1.81227e-07
-3.27723e-07
-2.4003e-07
-1.80276e-07
-1.27373e-07
-2.84998e-07
-2.07443e-07
-1.54791e-07
-1.07082e-07
-2.37127e-07
-1.5976e-07
-1.08899e-07
-6.22073e-08
-1.90263e-07
-1.11329e-07
-6.08172e-08
-1.43736e-08
-1.78976e-07
-9.1938e-08
-3.76689e-08
1.2345e-08
-2.02575e-07
-1.17293e-07
-6.32446e-08
-1.65925e-08
-2.5678e-07
-1.68831e-07
-9.35159e-08
-1.82343e-07
-8.66094e-08
-2.88144e-08
2.47241e-08
-1.68986e-07
-9.2005e-08
-2.42773e-08
-2.28858e-07
-1.32219e-07
-7.25463e-08
-1.78344e-08
-1.78394e-07
-1.00265e-07
-5.12797e-08
-3.74025e-09
3.27491e-08
-1.03254e-07
-4.18649e-08
-3.46737e-09
3.04842e-08
6.54305e-08
-6.70114e-08
-3.21408e-09
3.61616e-08
7.01496e-08
1.03987e-07
-1.38072e-08
3.51574e-08
6.55415e-08
9.27091e-08
1.19168e-07
1.05678e-08
5.33738e-08
7.99375e-08
1.0601e-07
1.27779e-07
1.30037e-08
7.02042e-08
1.04109e-07
1.33217e-07
1.63948e-07
3.33991e-08
8.81309e-08
1.20268e-07
1.48968e-07
1.78107e-07
4.70925e-08
9.65728e-08
1.25751e-07
1.5154e-07
1.77308e-07
4.69943e-08
1.02621e-07
1.34766e-07
1.62765e-07
1.89828e-07
7.57255e-08
1.38504e-07
1.73013e-07
2.05816e-07
2.31124e-07
8.2365e-08
1.38991e-07
1.70553e-07
2.04811e-07
2.28274e-07
9.4389e-08
1.46054e-07
1.74991e-07
2.02979e-07
2.25518e-07
8.09771e-08
1.14521e-07
1.46873e-07
3.04091e-08
9.02376e-08
1.24715e-07
1.55058e-07
1.85235e-07
3.25639e-08
1.00428e-07
1.38472e-07
1.76647e-07
2.06445e-07
6.21761e-08
1.23248e-07
1.57281e-07
1.90524e-07
2.15703e-07
5.19766e-08
1.22048e-07
1.60296e-07
1.93078e-07
2.26982e-07
5.97622e-08
1.2226e-07
1.56916e-07
1.92148e-07
2.19721e-07
2.33555e-07
9.53745e-08
1.55822e-07
1.88397e-07
2.21831e-07
2.46208e-07
2.73542e-07
6.78091e-08
1.17691e-07
1.4621e-07
1.75936e-07
2.0217e-07
2.22249e-07
1.82942e-07
2.19082e-07
2.38393e-07
2.5959e-07
2.78238e-07
2.93263e-07
1.85722e-07
2.26264e-07
2.47474e-07
2.58394e-07
2.79089e-07
2.97962e-07
2.05162e-07
2.42494e-07
2.61799e-07
2.79279e-07
2.99783e-07
1.89636e-07
2.27264e-07
2.47062e-07
2.6906e-07
2.7805e-07
1.72447e-07
1.94696e-07
2.18909e-07
2.58051e-07
3.0095e-07
2.02449e-07
2.33987e-07
2.50794e-07
2.67519e-07
2.85277e-07
2.92268e-07
2.04401e-07
2.32274e-07
2.47288e-07
2.58456e-07
2.75322e-07
2.88069e-07
1.92155e-07
2.13663e-07
2.29598e-07
2.46593e-07
2.65213e-07
1.43645e-07
1.9371e-07
2.20198e-07
2.39326e-07
2.64599e-07
2.83976e-07
1.73284e-07
2.12656e-07
2.33582e-07
2.48918e-07
2.71082e-07
2.87565e-07
1.53376e-07
2.08366e-07
2.36559e-07
2.51167e-07
2.75025e-07
3.01071e-07
1.63569e-07
2.1449e-07
2.4065e-07
2.70087e-07
2.92683e-07
9.75895e-08
1.45421e-07
1.71988e-07
1.97855e-07
2.25131e-07
1.83284e-07
2.20916e-07
2.40712e-07
2.61891e-07
2.80115e-07
1.71379e-07
2.12473e-07
2.34078e-07
2.5916e-07
2.77643e-07
1.64691e-07
2.0689e-07
2.29125e-07
2.53319e-07
2.72856e-07
1.64183e-07
2.0567e-07
2.27565e-07
2.49796e-07
2.73187e-07
1.66784e-07
2.02602e-07
2.21799e-07
2.44308e-07
2.6217e-07
1.60824e-07
2.0079e-07
2.21995e-07
2.45999e-07
2.64757e-07
1.42975e-07
1.95119e-07
2.22101e-07
2.52886e-07
2.76601e-07
1.78983e-07
2.18661e-07
2.3923e-07
2.63766e-07
2.82042e-07
1.55867e-07
1.80342e-07
2.08312e-07
2.28286e-07
1.18614e-07
1.66182e-07
1.91653e-07
2.20366e-07
1.15644e-07
1.57507e-07
1.80382e-07
2.07366e-07
1.25947e-07
1.64831e-07
1.8606e-07
2.09066e-07
2.28612e-07
1.21396e-07
1.57242e-07
1.77023e-07
2.00165e-07
2.14022e-07
1.4321e-07
1.7645e-07
1.94545e-07
2.15986e-07
2.33075e-07
2.50479e-07
1.57017e-07
1.97621e-07
2.18867e-07
2.43797e-07
2.66231e-07
2.77194e-07
1.81627e-07
2.17007e-07
2.35369e-07
2.57288e-07
2.77185e-07
2.93864e-07
2.10613e-07
2.42794e-07
2.59139e-07
2.78973e-07
2.97632e-07
3.05773e-07
1.6599e-07
2.017e-07
2.20556e-07
2.42806e-07
2.63634e-07
2.83005e-07
2.44367e-07
2.72096e-07
2.85822e-07
3.02847e-07
3.19006e-07
3.33973e-07
2.57514e-07
2.85215e-07
2.98688e-07
3.15478e-07
3.31405e-07
3.45864e-07
2.50423e-07
2.85344e-07
3.02002e-07
3.22326e-07
3.32022e-07
3.49903e-07
2.27972e-07
2.72252e-07
2.93252e-07
3.18088e-07
3.40746e-07
3.4957e-07
2.46302e-07
2.79867e-07
2.9607e-07
3.15777e-07
3.34198e-07
2.42219e-07
2.7203e-07
2.86722e-07
3.04669e-07
3.21895e-07
2.11497e-07
2.55758e-07
2.77205e-07
3.02299e-07
3.25445e-07
2.10102e-07
2.48422e-07
2.67442e-07
2.89914e-07
3.11386e-07
3.2155e-07
2.24156e-07
2.58027e-07
2.74809e-07
2.9492e-07
3.14325e-07
3.29023e-07
2.29645e-07
2.68299e-07
2.86939e-07
3.09101e-07
3.30271e-07
3.49327e-07
2.42411e-07
2.80732e-07
2.98888e-07
3.20598e-07
3.31012e-07
3.48846e-07
2.13945e-07
2.61247e-07
2.83754e-07
3.09822e-07
3.31397e-07
2.14352e-07
2.5466e-07
2.74342e-07
2.97427e-07
3.19215e-07
2.17088e-07
2.3901e-07
2.64178e-07
2.88158e-07
1.61192e-07
2.12169e-07
2.37674e-07
2.66414e-07
2.89033e-07
1.71524e-07
2.13336e-07
2.34659e-07
2.59175e-07
2.81198e-07
2.9074e-07
1.92647e-07
2.30782e-07
2.49987e-07
2.72382e-07
2.91048e-07
3.01158e-07
2.04312e-07
2.42079e-07
2.60829e-07
2.82803e-07
3.04152e-07
3.12409e-07
1.8668e-07
2.32344e-07
2.54816e-07
2.80577e-07
3.05031e-07
3.14282e-07
2.03972e-07
2.44981e-07
2.65041e-07
2.88389e-07
3.09587e-07
2.07438e-07
2.43824e-07
2.61822e-07
2.82993e-07
3.03845e-07
3.115e-07
1.95174e-07
2.46622e-07
2.71023e-07
2.98781e-07
3.11882e-07
3.36783e-07
2.19433e-07
2.63577e-07
2.84383e-07
3.08594e-07
3.3271e-07
3.42448e-07
2.28943e-07
2.71333e-07
2.91163e-07
3.14391e-07
3.37637e-07
3.58899e-07
2.42836e-07
2.84773e-07
3.04022e-07
3.26687e-07
3.3463e-07
3.55596e-07
2.54279e-07
2.91266e-07
3.08278e-07
3.286e-07
3.35701e-07
3.55375e-07
2.33452e-07
2.7177e-07
2.89836e-07
3.11115e-07
3.19013e-07
3.39027e-07
2.12021e-07
2.48678e-07
2.66562e-07
2.87486e-07
2.95884e-07
3.16092e-07
2.51111e-07
2.80678e-07
2.94708e-07
3.11665e-07
3.18006e-07
3.3442e-07
2.60705e-07
2.87709e-07
3.00456e-07
3.16018e-07
3.21746e-07
3.3738e-07
2.35375e-07
2.78408e-07
2.98148e-07
3.21158e-07
3.30769e-07
3.52825e-07
2.08961e-07
2.46697e-07
2.65008e-07
2.86307e-07
2.95634e-07
3.16345e-07
3.35386e-07
2.21343e-07
2.67549e-07
2.88882e-07
3.13366e-07
3.23042e-07
3.4634e-07
3.67454e-07
2.85033e-07
3.21262e-07
3.36996e-07
3.55983e-07
3.62416e-07
3.81274e-07
3.97641e-07
2.85438e-07
3.28462e-07
3.46558e-07
3.6807e-07
3.75919e-07
3.98135e-07
4.15929e-07
2.94642e-07
3.36467e-07
3.53844e-07
3.74613e-07
3.81937e-07
4.03063e-07
2.81491e-07
3.21577e-07
3.38761e-07
3.59178e-07
3.66861e-07
3.87235e-07
2.90201e-07
3.22661e-07
3.36819e-07
3.53971e-07
3.60641e-07
3.78936e-07
2.86895e-07
3.18864e-07
3.32888e-07
3.49858e-07
3.56532e-07
3.74665e-07
3.89446e-07
2.76174e-07
3.16474e-07
3.33824e-07
3.54293e-07
3.61997e-07
3.83238e-07
4.00276e-07
2.07417e-07
2.55105e-07
2.77271e-07
3.02198e-07
3.13092e-07
3.38498e-07
3.58572e-07
3.12135e-07
3.46562e-07
3.60764e-07
3.78019e-07
3.83829e-07
4.02042e-07
4.17919e-07
3.12244e-07
3.49352e-07
3.64459e-07
3.8266e-07
3.8743e-07
4.06558e-07
3.02685e-07
3.35637e-07
3.49562e-07
3.66354e-07
3.85896e-07
2.8638e-07
3.21077e-07
3.36027e-07
3.53821e-07
3.74218e-07
3.92287e-07
2.99123e-07
3.27143e-07
3.39271e-07
3.54017e-07
3.71485e-07
2.94084e-07
3.19481e-07
3.30663e-07
3.44316e-07
3.60227e-07
2.62917e-07
2.98245e-07
3.13905e-07
3.32306e-07
3.53724e-07
2.61911e-07
2.92951e-07
3.06925e-07
3.23514e-07
3.428e-07
2.60654e-07
2.88579e-07
3.01284e-07
3.16491e-07
3.34131e-07
3.5011e-07
2.61249e-07
2.90133e-07
3.03171e-07
3.18742e-07
3.3673e-07
2.53992e-07
2.8237e-07
2.95292e-07
3.10719e-07
3.2873e-07
2.20041e-07
2.6434e-07
2.84212e-07
3.06834e-07
3.32406e-07
2.2573e-07
2.68642e-07
2.87745e-07
3.09647e-07
3.34257e-07
2.31107e-07
2.71817e-07
2.89863e-07
3.10736e-07
3.34332e-07
3.54999e-07
2.3977e-07
2.84559e-07
3.03775e-07
3.25887e-07
3.51375e-07
3.69705e-07
2.50369e-07
2.96157e-07
3.15324e-07
3.37427e-07
3.62755e-07
2.23022e-07
2.8023e-07
3.04094e-07
3.3072e-07
3.61082e-07
1.75374e-07
2.45114e-07
2.74929e-07
3.15524e-07
3.48618e-07
1.94319e-07
2.48314e-07
2.72069e-07
3.0547e-07
3.34591e-07
2.12505e-07
2.57768e-07
2.77751e-07
3.05386e-07
3.31004e-07
2.21589e-07
2.61331e-07
2.7896e-07
3.04554e-07
3.27729e-07
2.33001e-07
2.67352e-07
2.82595e-07
3.05712e-07
3.26343e-07
2.22843e-07
2.63512e-07
2.81351e-07
3.03856e-07
1.06408e-07
1.84473e-07
2.19503e-07
2.64355e-07
3.03108e-07
3.08071e-07
1.92212e-07
2.41456e-07
2.6317e-07
2.89161e-07
1.52872e-07
2.06525e-07
2.30975e-07
2.61415e-07
2.91409e-07
1.76029e-07
2.19993e-07
2.40004e-07
2.68432e-07
2.73086e-07
1.40873e-07
1.96254e-07
2.21515e-07
2.56088e-07
2.82343e-07
1.71932e-08
8.66384e-08
1.21184e-07
1.59764e-07
1.98615e-07
6.48335e-08
1.2867e-07
1.59312e-07
2.00307e-07
2.6297e-08
1.01568e-07
1.37724e-07
1.8418e-07
2.23139e-07
8.21823e-08
1.39441e-07
1.66677e-07
2.03566e-07
8.18215e-08
1.35845e-07
1.6167e-07
1.97851e-07
2.06235e-07
9.01269e-08
1.37371e-07
1.60091e-07
1.69482e-07
2.00069e-07
2.23242e-07
8.06647e-08
1.47552e-07
1.78132e-07
2.15296e-07
2.53369e-07
1.10148e-07
1.83156e-07
2.14583e-07
2.50295e-07
2.89749e-07
1.36197e-07
1.94689e-07
2.20132e-07
2.50054e-07
2.55045e-07
2.86123e-07
1.32127e-07
1.9991e-07
2.28582e-07
2.63426e-07
2.99977e-07
3.02496e-07
1.76086e-07
2.24009e-07
2.44371e-07
2.74445e-07
2.78169e-07
3.05814e-07
1.94456e-07
2.31933e-07
2.47977e-07
2.74742e-07
2.96008e-07
2.98151e-07
1.79936e-07
2.32647e-07
2.54441e-07
2.89276e-07
2.91883e-07
1.5027e-07
2.12277e-07
2.38196e-07
2.77781e-07
2.81966e-07
2.90106e-07
1.19462e-07
1.86553e-07
2.15242e-07
2.30187e-07
2.65964e-07
2.7026e-07
3.02121e-07
1.76567e-07
2.26671e-07
2.47539e-07
2.81119e-07
2.88498e-07
3.14105e-07
3.14952e-07
3.34316e-07
2.24371e-07
2.65085e-07
2.81271e-07
3.09152e-07
3.14229e-07
3.15668e-07
3.19303e-07
3.63847e-07
3.77602e-07
4.05389e-07
4.06062e-07
4.26556e-07
4.21426e-07
4.21141e-07
4.3361e-07
4.29372e-07
4.57788e-07
4.63805e-07
4.81682e-07
4.95789e-07
4.87589e-07
5.02231e-07
4.99482e-07
5.0886e-07
5.49141e-07
5.51158e-07
5.62948e-07
5.5236e-07
5.67618e-07
5.5324e-07
5.68333e-07
5.68333e-07
5.68333e-07
5.70043e-07
6.06432e-07
5.89186e-07
5.67035e-07
5.67035e-07
5.99069e-07
5.84487e-07
5.65072e-07
5.82394e-07
5.71609e-07
5.71609e-07
5.9646e-07
5.85031e-07
5.74005e-07
5.86749e-07
5.98883e-07
5.98883e-07
6.15524e-07
6.0613e-07
6.15911e-07
6.07029e-07
6.07029e-07
6.20343e-07
6.12401e-07
6.06011e-07
6.12409e-07
6.01922e-07
6.09249e-07
6.09249e-07
6.1964e-07
6.13381e-07
6.1961e-07
6.13779e-07
6.19148e-07
6.24582e-07
6.24582e-07
6.32698e-07
6.27167e-07
6.31931e-07
6.26856e-07
6.30649e-07
6.30649e-07
6.37568e-07
6.32628e-07
6.36655e-07
6.32222e-07
6.35414e-07
6.28517e-07
6.28517e-07
6.34536e-07
6.3032e-07
6.33789e-07
6.29963e-07
6.32928e-07
6.36067e-07
6.30146e-07
6.30146e-07
6.35301e-07
6.31639e-07
6.25925e-07
6.22833e-07
6.25334e-07
6.28325e-07
6.28325e-07
6.32955e-07
6.29908e-07
6.32713e-07
6.29725e-07
6.31843e-07
6.27044e-07
6.27044e-07
6.31242e-07
6.28513e-07
6.25785e-07
6.21456e-07
6.24002e-07
6.24002e-07
6.27922e-07
6.25444e-07
6.2776e-07
6.25277e-07
6.20975e-07
6.20975e-07
6.24652e-07
6.2239e-07
6.24579e-07
6.22487e-07
6.24321e-07
6.26475e-07
6.22504e-07
6.22504e-07
6.25822e-07
6.23746e-07
6.25837e-07
6.23799e-07
6.20279e-07
6.20279e-07
6.23414e-07
6.21409e-07
6.23346e-07
6.21457e-07
6.23091e-07
6.24952e-07
6.21664e-07
6.21664e-07
6.24528e-07
6.22664e-07
6.20845e-07
6.17779e-07
6.19522e-07
6.19522e-07
6.22247e-07
6.20506e-07
6.22247e-07
6.23631e-07
6.21894e-07
6.19014e-07
6.19014e-07
6.21571e-07
6.19939e-07
6.21272e-07
6.19775e-07
6.21347e-07
6.1867e-07
6.20254e-07
6.20254e-07
6.22622e-07
6.21085e-07
6.22562e-07
6.23894e-07
6.22398e-07
6.19752e-07
6.19752e-07
6.21987e-07
6.20537e-07
6.21675e-07
6.20254e-07
6.21606e-07
6.22931e-07
6.20359e-07
6.20359e-07
6.22447e-07
6.21075e-07
6.18573e-07
6.1733e-07
6.18438e-07
6.19739e-07
6.19739e-07
6.21722e-07
6.20419e-07
6.1803e-07
6.16894e-07
6.18145e-07
6.19309e-07
6.19309e-07
6.21194e-07
6.19953e-07
6.17742e-07
6.18745e-07
6.17515e-07
6.18666e-07
6.18666e-07
6.20463e-07
6.1928e-07
6.20476e-07
6.21405e-07
6.20282e-07
6.18065e-07
6.18475e-07
6.18475e-07
6.20175e-07
6.1905e-07
6.20184e-07
6.20983e-07
6.19908e-07
6.20962e-07
6.18955e-07
6.18955e-07
6.2056e-07
6.19536e-07
6.20606e-07
6.19572e-07
6.20298e-07
6.21294e-07
6.21294e-07
6.22814e-07
6.21814e-07
6.22824e-07
6.21844e-07
6.22606e-07
6.20708e-07
6.21651e-07
6.21651e-07
6.23092e-07
6.22101e-07
6.23059e-07
6.22116e-07
6.21157e-07
6.21827e-07
6.22743e-07
6.20853e-07
6.20853e-07
6.22216e-07
6.21364e-07
6.22271e-07
6.21374e-07
6.22098e-07
6.21192e-07
6.22031e-07
6.20289e-07
6.20289e-07
6.21578e-07
6.20767e-07
6.21627e-07
6.2077e-07
6.21417e-07
6.20598e-07
6.21399e-07
6.2061e-07
6.2061e-07
6.21826e-07
6.22235e-07
6.23039e-07
6.21305e-07
6.20482e-07
6.2113e-07
6.20271e-07
6.21044e-07
6.21044e-07
6.22199e-07
6.22587e-07
6.23336e-07
6.23863e-07
6.23038e-07
6.22193e-07
6.20508e-07
6.20508e-07
6.21617e-07
6.21991e-07
6.20323e-07
6.20848e-07
6.2001e-07
6.20712e-07
6.20021e-07
6.20021e-07
6.21087e-07
6.21415e-07
6.2066e-07
6.19894e-07
6.20399e-07
6.21074e-07
6.21074e-07
6.22102e-07
6.22415e-07
6.22891e-07
6.22139e-07
6.22822e-07
6.22141e-07
6.20578e-07
6.20578e-07
6.21568e-07
6.21871e-07
6.20415e-07
6.19674e-07
6.20211e-07
6.20854e-07
6.21453e-07
6.21453e-07
6.22402e-07
6.22689e-07
6.23242e-07
6.23718e-07
6.2298e-07
6.23561e-07
6.22147e-07
6.21463e-07
6.21463e-07
6.22372e-07
6.22677e-07
6.23206e-07
6.22516e-07
6.22968e-07
6.23554e-07
6.22097e-07
6.22097e-07
6.22971e-07
6.23261e-07
6.2377e-07
6.2417e-07
6.23494e-07
6.24057e-07
6.23445e-07
6.22024e-07
6.22024e-07
6.24893e-07
6.25731e-07
6.27246e-07
6.28394e-07
6.26384e-07
6.27515e-07
6.29096e-07
6.27087e-07
6.27087e-07
6.3257e-07
6.33418e-07
6.3651e-07
6.29445e-07
6.25691e-07
6.28026e-07
6.24284e-07
6.24284e-07
6.29025e-07
6.3155e-07
6.34245e-07
6.30736e-07
6.2497e-07
6.2497e-07
6.29217e-07
6.29953e-07
6.32403e-07
6.29306e-07
6.31242e-07
6.25569e-07
6.27798e-07
6.27798e-07
6.31469e-07
6.32061e-07
6.34175e-07
6.35211e-07
6.32278e-07
6.27769e-07
6.29518e-07
6.29518e-07
6.3275e-07
6.33245e-07
6.30723e-07
6.32425e-07
6.33768e-07
6.31356e-07
6.33182e-07
6.29092e-07
6.24359e-07
6.24359e-07
6.27254e-07
6.27861e-07
6.25686e-07
6.26891e-07
6.24768e-07
6.26454e-07
6.24322e-07
6.20667e-07
6.20667e-07
6.23305e-07
6.23887e-07
6.1977e-07
6.20927e-07
6.19029e-07
6.20462e-07
6.22028e-07
6.18705e-07
