3.21375e-12
3.15343e-12
3.09867e-12
3.04409e-12
3.01527e-12
2.96113e-12
2.90752e-12
7.46788e-09
7.40657e-09
7.3464e-09
7.28719e-09
7.22974e-09
7.17238e-09
7.11594e-09
7.06037e-09
2.4542e-08
2.42968e-08
2.4057e-08
2.38221e-08
2.35908e-08
2.33647e-08
2.3143e-08
2.29257e-08
4.06531e-08
4.01845e-08
3.97325e-08
6.0549e-08
5.90569e-08
5.76404e-08
5.62955e-08
1.18386e-07
1.0895e-07
1.00869e-07
9.39316e-08
8.78764e-08
1.70336e-07
1.53706e-07
1.3992e-07
1.28498e-07
1.18745e-07
2.09162e-07
1.89001e-07
1.72413e-07
1.58306e-07
1.46501e-07
1.3623e-07
2.35889e-07
2.1302e-07
1.94227e-07
1.78154e-07
1.64828e-07
1.53165e-07
1.43264e-07
1.34588e-07
2.57017e-07
2.35151e-07
2.1628e-07
2.00607e-07
1.86796e-07
1.7505e-07
1.6473e-07
3.7923e-07
3.41271e-07
3.10333e-07
2.83869e-07
2.62127e-07
2.43126e-07
2.27085e-07
2.13081e-07
4.01631e-07
3.62436e-07
3.29302e-07
3.02506e-07
2.79245e-07
2.59855e-07
2.43056e-07
3.12356e-07
2.90685e-07
2.71895e-07
2.5452e-07
2.3997e-07
2.26501e-07
2.15e-07
2.04659e-07
3.20609e-07
3.00034e-07
2.81942e-07
2.64971e-07
2.50774e-07
2.37485e-07
2.26145e-07
2.15875e-07
3.46811e-07
3.20448e-07
2.96464e-07
2.77003e-07
2.59108e-07
2.44297e-07
2.31143e-07
3.69111e-07
3.4308e-07
3.20479e-07
2.99188e-07
2.8187e-07
2.65514e-07
2.51977e-07
2.39806e-07
3.53825e-07
3.33866e-07
3.16015e-07
2.98488e-07
2.84257e-07
2.70273e-07
2.58668e-07
2.48071e-07
3.76219e-07
3.56115e-07
3.38016e-07
3.19953e-07
3.05306e-07
2.90817e-07
2.7888e-07
2.67941e-07
3.98002e-07
3.6757e-07
3.41412e-07
3.1607e-07
2.96581e-07
2.77725e-07
2.62881e-07
2.49626e-07
3.86852e-07
3.64076e-07
3.43771e-07
3.23041e-07
3.06993e-07
2.90857e-07
2.78087e-07
2.66483e-07
3.93073e-07
3.65111e-07
3.4078e-07
3.16081e-07
2.97738e-07
2.79253e-07
2.65222e-07
2.52645e-07
3.95609e-07
3.76367e-07
3.5881e-07
3.39841e-07
3.25507e-07
3.10393e-07
2.98728e-07
2.88017e-07
3.97496e-07
3.73959e-07
3.52927e-07
3.30254e-07
3.13812e-07
2.96405e-07
2.8356e-07
2.71909e-07
3.94055e-07
3.6941e-07
3.47788e-07
3.23829e-07
3.06974e-07
2.88871e-07
2.7588e-07
2.64183e-07
3.92901e-07
3.6546e-07
3.41471e-07
3.15058e-07
2.97446e-07
2.78011e-07
2.64566e-07
2.52571e-07
3.5458e-07
3.37537e-07
3.21845e-07
3.03178e-07
2.90753e-07
2.76161e-07
2.66083e-07
2.56874e-07
3.8027e-07
3.61567e-07
3.44392e-07
3.23896e-07
3.10114e-07
2.94199e-07
2.83324e-07
2.73359e-07
2.62259e-07
3.8006e-07
3.62404e-07
3.46069e-07
3.26121e-07
3.13224e-07
2.97685e-07
2.87201e-07
2.77564e-07
2.66675e-07
3.9717e-07
3.82933e-07
3.69451e-07
3.52329e-07
3.41182e-07
3.27469e-07
3.18102e-07
3.09363e-07
2.99358e-07
4.35397e-07
4.12368e-07
3.91677e-07
3.66068e-07
3.49561e-07
3.30053e-07
3.17367e-07
3.05808e-07
4.34779e-07
4.12812e-07
3.93283e-07
3.68012e-07
3.52066e-07
3.32903e-07
3.20585e-07
3.0933e-07
2.98371e-07
5.20551e-07
4.76469e-07
4.40117e-07
3.96959e-07
3.71011e-07
3.41044e-07
3.23053e-07
3.07173e-07
2.92218e-07
2.758e-07
4.54031e-07
4.24926e-07
3.99829e-07
3.67048e-07
3.47672e-07
3.23783e-07
3.09775e-07
2.97132e-07
2.84862e-07
2.70977e-07
4.22682e-07
4.00868e-07
3.81377e-07
3.54355e-07
3.38639e-07
3.18512e-07
3.06859e-07
2.96109e-07
2.8551e-07
2.73195e-07
3.71669e-07
3.5369e-07
3.37453e-07
3.13517e-07
3.00309e-07
2.82426e-07
2.72717e-07
2.63708e-07
2.54686e-07
2.4388e-07
2.37228e-07
3.17132e-07
3.0712e-07
2.97945e-07
2.8224e-07
2.73973e-07
2.6176e-07
2.55337e-07
2.49215e-07
2.42874e-07
2.34965e-07
2.30141e-07
3.12211e-07
3.02852e-07
2.94082e-07
2.78943e-07
2.71119e-07
2.59228e-07
2.53151e-07
2.47338e-07
2.41276e-07
2.33657e-07
2.29056e-07
3.17456e-07
3.06679e-07
2.96669e-07
2.7948e-07
2.70744e-07
2.57545e-07
2.50909e-07
2.44598e-07
2.38051e-07
2.32776e-07
2.24845e-07
3.28625e-07
3.14677e-07
3.01797e-07
2.80566e-07
2.6998e-07
2.54022e-07
2.46305e-07
2.39052e-07
2.31936e-07
2.26025e-07
2.17015e-07
2.95259e-07
2.86121e-07
2.7706e-07
2.61369e-07
2.53786e-07
2.41569e-07
2.35844e-07
2.30303e-07
2.2454e-07
2.19941e-07
2.12729e-07
3.67373e-07
3.51231e-07
3.35938e-07
3.11896e-07
2.99784e-07
2.82003e-07
2.73185e-07
2.64826e-07
2.56351e-07
2.49653e-07
2.39492e-07
2.8763e-07
2.7823e-07
2.68923e-07
2.52174e-07
2.44474e-07
2.31822e-07
2.25868e-07
2.20373e-07
2.14648e-07
2.1017e-07
2.02792e-07
3.10174e-07
2.97171e-07
2.8463e-07
2.6306e-07
2.53192e-07
2.37473e-07
2.30565e-07
2.23896e-07
2.17026e-07
2.11741e-07
2.02942e-07
3.10012e-07
2.95121e-07
2.80978e-07
2.56622e-07
2.45886e-07
2.28354e-07
2.2115e-07
2.13936e-07
2.06819e-07
2.01474e-07
1.92285e-07
3.08583e-07
2.9388e-07
2.79821e-07
2.5528e-07
2.44664e-07
2.26861e-07
2.19803e-07
2.12179e-07
2.05179e-07
1.99965e-07
1.90776e-07
1.85873e-07
2.92853e-07
2.83515e-07
2.74097e-07
2.56325e-07
2.48612e-07
2.35099e-07
2.29625e-07
2.23974e-07
2.18244e-07
2.13855e-07
2.06177e-07
2.01881e-07
1.98134e-07
2.9733e-07
2.87572e-07
2.7773e-07
2.59028e-07
2.51032e-07
2.36896e-07
2.31377e-07
2.25924e-07
2.20059e-07
2.15571e-07
2.07567e-07
2.03184e-07
1.99376e-07
2.78684e-07
2.72249e-07
2.65525e-07
2.51687e-07
2.45907e-07
2.35116e-07
2.30966e-07
2.26912e-07
2.22304e-07
2.18742e-07
2.12298e-07
2.08651e-07
2.05474e-07
3.12064e-07
3.04523e-07
2.96693e-07
2.81042e-07
2.74347e-07
2.62071e-07
2.57251e-07
2.52519e-07
2.4742e-07
2.43302e-07
2.35944e-07
2.31851e-07
2.28216e-07
3.03778e-07
2.96305e-07
2.89174e-07
2.73115e-07
2.66469e-07
2.53993e-07
2.49301e-07
2.44437e-07
2.39297e-07
2.35307e-07
2.2792e-07
2.23944e-07
2.20435e-07
3.16494e-07
3.07625e-07
2.99434e-07
2.80798e-07
2.7315e-07
2.58971e-07
2.53707e-07
2.48442e-07
2.42717e-07
2.38313e-07
2.30112e-07
2.2578e-07
2.21987e-07
3.05587e-07
2.95961e-07
2.87087e-07
2.66531e-07
2.58604e-07
2.43183e-07
2.37902e-07
2.32379e-07
2.26566e-07
2.22234e-07
2.13691e-07
2.09449e-07
2.05788e-07
3.16719e-07
3.03838e-07
2.92972e-07
2.67082e-07
2.57384e-07
2.38571e-07
2.32453e-07
2.25892e-07
2.19277e-07
2.14475e-07
2.04629e-07
2.00043e-07
1.96158e-07
2.93418e-07
2.83516e-07
2.75054e-07
2.53136e-07
2.4515e-07
2.29053e-07
2.23935e-07
2.17835e-07
2.12124e-07
2.07988e-07
1.99243e-07
1.95187e-07
1.91737e-07
2.9742e-07
2.89232e-07
2.81559e-07
2.62646e-07
2.55636e-07
2.41314e-07
2.36597e-07
2.3096e-07
2.25642e-07
2.21697e-07
2.13641e-07
2.0971e-07
2.06411e-07
2.94542e-07
2.87072e-07
2.80023e-07
2.6221e-07
2.55661e-07
2.42087e-07
2.37643e-07
2.32294e-07
2.27228e-07
2.19121e-07
2.11586e-07
2.07936e-07
1.97591e-07
1.90437e-07
3.18472e-07
3.091e-07
3.00275e-07
2.79519e-07
2.71687e-07
2.5603e-07
2.50784e-07
2.44582e-07
2.34877e-07
2.25812e-07
2.21642e-07
2.09225e-07
1.98169e-07
3.12549e-07
3.01778e-07
2.7779e-07
2.68702e-07
2.50977e-07
2.43613e-07
2.36816e-07
2.26162e-07
2.16302e-07
2.11964e-07
1.98633e-07
1.86848e-07
3.20356e-07
3.09282e-07
2.80979e-07
2.71804e-07
2.51313e-07
2.42911e-07
2.35258e-07
2.23143e-07
2.12184e-07
2.07545e-07
1.93077e-07
1.83428e-07
3.29338e-07
3.18687e-07
2.9429e-07
2.86161e-07
2.67942e-07
2.602e-07
2.53058e-07
2.41933e-07
2.37166e-07
2.32346e-07
2.17897e-07
2.0833e-07
3.05364e-07
2.97924e-07
2.80225e-07
2.74615e-07
2.60969e-07
2.5551e-07
2.50094e-07
2.41444e-07
2.37589e-07
2.28819e-07
2.17175e-07
2.88924e-07
2.83591e-07
2.69597e-07
2.65333e-07
2.54336e-07
2.50011e-07
2.45658e-07
2.3858e-07
2.31025e-07
2.21192e-07
2.18644e-07
3.60772e-07
3.4979e-07
3.21372e-07
3.11881e-07
2.90887e-07
2.82386e-07
2.75978e-07
2.63102e-07
2.49971e-07
2.33906e-07
2.2988e-07
3.48567e-07
3.39381e-07
3.14046e-07
3.05728e-07
2.86773e-07
2.76335e-07
2.63871e-07
2.74915e-07
3.81695e-07
3.59937e-07
3.27833e-07
3.1131e-07
2.88055e-07
2.74477e-07
2.59289e-07
2.57576e-07
4.3673e-07
4.13214e-07
3.81835e-07
3.63818e-07
3.42934e-07
3.17029e-07
2.99138e-07
4.39252e-07
4.13928e-07
3.81746e-07
3.598e-07
3.38529e-07
3.1207e-07
2.94039e-07
3.90846e-07
3.71921e-07
3.47488e-07
3.30862e-07
3.14201e-07
2.92813e-07
2.78159e-07
4.35201e-07
4.09781e-07
3.79161e-07
3.5826e-07
3.37694e-07
3.1156e-07
2.94018e-07
4.45268e-07
4.21418e-07
3.93283e-07
3.73762e-07
3.54123e-07
3.29561e-07
3.12741e-07
4.30181e-07
3.96101e-07
3.57611e-07
3.32283e-07
3.07924e-07
2.77568e-07
2.57847e-07
4.72555e-07
4.36097e-07
3.96294e-07
3.6936e-07
3.43615e-07
3.11788e-07
2.90816e-07
4.58203e-07
4.20368e-07
3.79576e-07
3.52218e-07
3.26228e-07
2.94073e-07
2.73165e-07
3.78244e-07
3.55876e-07
3.30165e-07
3.12668e-07
2.95337e-07
2.72588e-07
2.57632e-07
4.11106e-07
3.82388e-07
3.57944e-07
3.40778e-07
3.23756e-07
3.01899e-07
2.86994e-07
4.40104e-07
4.01274e-07
3.70764e-07
3.49406e-07
3.28311e-07
3.02489e-07
2.84976e-07
3.83805e-07
3.5437e-07
3.30896e-07
3.14219e-07
2.97688e-07
2.76844e-07
2.62623e-07
4.15067e-07
3.77668e-07
3.4822e-07
3.27207e-07
3.07161e-07
2.82371e-07
2.65546e-07
4.06523e-07
3.69491e-07
3.40434e-07
3.19787e-07
2.99931e-07
2.75433e-07
2.58782e-07
2.41036e-07
3.70578e-07
3.37474e-07
3.11417e-07
2.92679e-07
2.7506e-07
2.52764e-07
2.37665e-07
2.21433e-07
3.07891e-07
2.85639e-07
2.67753e-07
2.54756e-07
2.4228e-07
2.25919e-07
2.14714e-07
2.02393e-07
1.94035e-07
3.95512e-07
3.45247e-07
3.09214e-07
2.8367e-07
2.60418e-07
2.31367e-07
2.12568e-07
1.93992e-07
1.81245e-07
3.93381e-07
3.41054e-07
3.03857e-07
2.77691e-07
2.53851e-07
2.24245e-07
2.05663e-07
1.86894e-07
1.74123e-07
3.1049e-07
2.78641e-07
2.55482e-07
2.38632e-07
2.22672e-07
2.01653e-07
1.88242e-07
1.74237e-07
1.64538e-07
1.64538e-07
1.49544e-07
1.3895e-07
1.40291e-07
1.243e-07
1.1337e-07
1.01786e-07
8.5412e-08
8.5412e-08
7.35095e-08
6.56647e-08
6.56647e-08
5.53814e-08
4.88837e-08
3.70002e-08
3.04903e-08
3.04903e-08
2.20138e-08
1.69029e-08
5.90954e-09
4.83435e-10
-1.4205e-09
-9.13791e-09
-1.37252e-08
-2.26665e-08
-2.83867e-08
-2.83867e-08
-7.10068e-08
-8.4692e-08
-9.37928e-08
-1.40964e-07
-1.56102e-07
-1.65334e-07
-2.01383e-07
-1.88357e-07
-2.21802e-07
-2.81819e-07
-2.30718e-07
-2.20467e-07
-2.8013e-07
-3.65662e-07
-3.01209e-07
-3.04039e-07
-3.67949e-07
-4.70741e-07
-3.88198e-07
-3.88198e-07
-4.75616e-07
-6.0984e-07
-5.02618e-07
-5.28079e-07
-5.36367e-07
-6.07754e-07
-7.50436e-07
-6.30598e-07
-6.5681e-07
-6.5681e-07
-7.13845e-07
-8.56527e-07
-7.30831e-07
-7.42533e-07
-6.78237e-07
-6.80286e-07
-7.64993e-07
-6.62138e-07
-7.13369e-07
-7.13369e-07
-5.99502e-07
-7.32554e-07
-7.36893e-07
-6.35621e-07
-5.91735e-07
-5.91735e-07
-5.81179e-07
-5.8321e-07
-5.96956e-07
-6.02491e-07
-6.24464e-07
5.64356e-07
2.88988e-07
1.56525e-06
1.56362e-06
7.23988e-07
4.24212e-07
1.50738e-06
1.03677e-06
7.20764e-07
7.16556e-07
2.87714e-07
5.31419e-08
4.31441e-07
1.9216e-07
2.12023e-08
-1.07303e-07
-2.06919e-07
-2.0178e-07
-3.29607e-07
-4.91134e-07
-5.70364e-07
-5.71747e-07
-5.71003e-07
-5.69335e-07
-5.68043e-07
-5.66514e-07
-5.66514e-07
-6.04428e-07
-6.38743e-07
-6.52965e-07
-6.60764e-07
-6.63927e-07
-6.64346e-07
-6.63971e-07
-6.62947e-07
-6.6563e-07
-6.69204e-07
-6.71449e-07
-7.48056e-07
-7.81475e-07
-7.98243e-07
-8.05992e-07
-8.086e-07
-8.09509e-07
-8.09327e-07
-8.13558e-07
-8.19022e-07
-8.23358e-07
-8.22179e-07
-8.75739e-07
-9.05517e-07
-9.21513e-07
-9.23379e-07
-9.27343e-07
-9.287e-07
-9.28792e-07
-9.33519e-07
-9.39532e-07
-9.42617e-07
-9.41378e-07
-9.43368e-07
-1.02318e-06
-1.07546e-06
-1.10146e-06
-1.11444e-06
-1.11749e-06
-1.12197e-06
-1.12369e-06
-1.12386e-06
-1.12931e-06
-1.13621e-06
-1.1353e-06
-1.13694e-06
-1.27189e-06
-1.3464e-06
-1.38372e-06
-1.39972e-06
-1.40464e-06
-1.41282e-06
-1.41509e-06
-1.41524e-06
-1.42201e-06
-1.4299e-06
-1.42799e-06
-1.43378e-06
-1.41501e-06
-1.81085e-06
-1.82106e-06
-2.22625e-06
-2.35455e-06
-2.39402e-06
-2.42004e-06
-2.45885e-06
-2.48523e-06
-2.48383e-06
-2.48516e-06
-2.66351e-06
-2.73174e-06
-2.74937e-06
-2.7644e-06
-2.79637e-06
-2.81806e-06
-2.81343e-06
-2.81482e-06
-2.93324e-06
-3.01776e-06
-3.05911e-06
-3.07403e-06
-3.07215e-06
-3.09106e-06
-3.1153e-06
-3.10359e-06
-3.09166e-06
-3.08765e-06
-3.08765e-06
-3.27013e-06
-3.34217e-06
-3.36233e-06
-3.37841e-06
-3.41577e-06
-3.44073e-06
-3.43515e-06
-3.42778e-06
-3.42873e-06
-3.43011e-06
-3.68861e-06
-3.78754e-06
-3.8177e-06
-3.8458e-06
-3.89079e-06
-3.92031e-06
-3.9123e-06
-3.9046e-06
-3.90524e-06
-3.90171e-06
-4.10577e-06
-4.2372e-06
-4.29735e-06
-4.31124e-06
-4.32824e-06
-4.3437e-06
-4.36161e-06
-4.10204e-06
-4.1037e-06
-4.52099e-06
-4.74883e-06
-4.85391e-06
-4.88821e-06
-4.92065e-06
-4.95044e-06
-4.97749e-06
-4.67031e-06
-4.69348e-06
-4.45242e-06
-4.25408e-06
-4.09077e-06
-4.13482e-06
-4.13482e-06
-4.72709e-06
-5.04687e-06
-5.18061e-06
-5.28291e-06
-5.36421e-06
-5.43083e-06
-5.09243e-06
-5.14019e-06
-4.88963e-06
-4.67129e-06
-4.50262e-06
-4.56397e-06
-4.56535e-06
-5.38981e-06
-5.80378e-06
-5.97063e-06
-6.0945e-06
-6.1877e-06
-6.26563e-06
-5.85348e-06
-5.90922e-06
-5.60905e-06
-5.34822e-06
-5.14662e-06
-5.21852e-06
-5.03055e-06
-5.0956e-06
-5.09767e-06
-5.76747e-06
-6.20099e-06
-6.48029e-06
-6.60658e-06
-6.70923e-06
-6.79338e-06
-6.87869e-06
-6.5218e-06
-6.56885e-06
-6.27848e-06
-6.04057e-06
-5.82561e-06
-5.88672e-06
-5.68482e-06
-5.74043e-06
-5.57964e-06
-5.57964e-06
-6.60105e-06
-7.1448e-06
-7.39228e-06
-7.54726e-06
-7.68914e-06
-7.81285e-06
-7.33886e-06
-7.41668e-06
-7.02876e-06
-6.71934e-06
-6.45759e-06
-6.54858e-06
-6.30583e-06
-6.38232e-06
-6.19034e-06
-6.19034e-06
-7.15811e-06
-7.7271e-06
-7.99529e-06
-8.17744e-06
-8.33647e-06
-8.47678e-06
-7.97791e-06
-8.06649e-06
-7.66867e-06
-7.33544e-06
-7.05246e-06
-7.14873e-06
-6.88564e-06
-6.96869e-06
-6.75719e-06
-6.75719e-06
-7.92488e-06
-8.54856e-06
-8.82861e-06
-9.07433e-06
-9.23359e-06
-9.41475e-06
-8.82e-06
-8.90579e-06
-8.43793e-06
-8.08244e-06
-7.75127e-06
-7.84984e-06
-7.54609e-06
-7.6343e-06
-7.38844e-06
-7.38987e-06
-8.32717e-06
-8.94146e-06
-9.37466e-06
-9.57285e-06
-9.7209e-06
-9.87196e-06
-1.00428e-05
-9.44725e-06
-9.5219e-06
-9.04267e-06
-8.68352e-06
-8.3371e-06
-8.42403e-06
-8.10525e-06
-8.18702e-06
-7.94142e-06
-7.94039e-06
-9.15865e-06
-9.89507e-06
-1.02079e-05
-1.04113e-05
-1.06171e-05
-1.08578e-05
-1.01187e-05
-1.02191e-05
-9.64617e-06
-9.21644e-06
-8.82073e-06
-8.93304e-06
-8.57483e-06
-8.6814e-06
-8.4041e-06
-8.521e-06
-8.60232e-06
-8.60232e-06
-9.48827e-06
-1.00808e-05
-1.04678e-05
-1.06739e-05
-1.0818e-05
-1.09746e-05
-1.11814e-05
-1.04919e-05
-1.05745e-05
-1.00237e-05
-9.59736e-06
-9.20719e-06
-9.30103e-06
-8.94541e-06
-9.02836e-06
-8.75172e-06
-8.85453e-06
-8.92568e-06
-8.92888e-06
-1.00726e-05
-1.07023e-05
-1.10222e-05
-1.12306e-05
-1.15458e-05
-1.18084e-05
-1.09809e-05
-1.10786e-05
-1.04434e-05
-9.92999e-06
-9.50228e-06
-9.61566e-06
-9.23273e-06
-9.3312e-06
-9.03135e-06
-9.15353e-06
-9.23534e-06
-9.23301e-06
-1.11504e-05
-1.20753e-05
-1.25949e-05
-1.28309e-05
-1.29842e-05
-1.31247e-05
-1.33978e-05
-1.241e-05
-1.2502e-05
-1.18047e-05
-1.11966e-05
-1.06932e-05
-1.08085e-05
-1.03621e-05
-1.04625e-05
-1.01081e-05
-1.02326e-05
-1.0316e-05
-1.03184e-05
-1.12296e-05
-1.17866e-05
-1.20916e-05
-1.22985e-05
-1.2478e-05
-1.16497e-05
-1.10023e-05
-1.11722e-05
-1.06869e-05
-1.02561e-05
-9.89261e-06
-9.58337e-06
-9.29496e-06
-9.4247e-06
-9.54822e-06
-9.54924e-06
-1.09246e-05
-1.16704e-05
-1.2048e-05
-1.10744e-05
-1.14e-05
-1.07091e-05
-1.01736e-05
-1.04163e-05
-1.00108e-05
-9.64675e-06
-9.34158e-06
-9.07201e-06
-8.8292e-06
-8.8292e-06
-1.01823e-05
-1.09707e-05
-1.01486e-05
-1.06134e-05
-1.0083e-05
-9.62819e-06
-9.93236e-06
-9.58159e-06
-9.29786e-06
-9.03066e-06
-8.79343e-06
-8.60157e-06
-8.60157e-06
-1.02082e-05
-9.53592e-06
-9.03479e-06
-9.70757e-06
-9.34493e-06
-9.02161e-06
-9.41354e-06
-9.14803e-06
-8.93383e-06
-8.93225e-06
-8.42459e-06
-8.14664e-06
-9.09303e-06
-8.82963e-06
-9.39228e-06
-9.11381e-06
-8.84029e-06
-8.84241e-06
-8.50789e-06
-8.3475e-06
-9.47099e-06
-9.18057e-06
-8.95179e-06
-8.77084e-06
-8.57824e-06
-8.58002e-06
-8.4541e-06
-8.39766e-06
-9.59531e-06
-9.35359e-06
-9.15816e-06
-9.00206e-06
-8.82756e-06
-8.8297e-06
-8.76052e-06
-8.72526e-06
-1.00531e-05
-9.80301e-06
-9.60153e-06
-9.44129e-06
-9.2607e-06
-9.26314e-06
-9.15422e-06
-9.10432e-06
-1.03422e-05
-1.01049e-05
-9.91034e-06
-9.7527e-06
-9.5734e-06
-8.77957e-06
-8.78055e-06
-8.92746e-06
-8.87229e-06
-1.04221e-05
-1.02097e-05
-9.92208e-06
-9.79661e-06
-9.64127e-06
-8.82459e-06
-8.82459e-06
-8.75685e-06
-8.77079e-06
-1.01953e-05
-1.0051e-05
-9.81947e-06
-9.72708e-06
-9.59991e-06
-8.82984e-06
-8.82984e-06
-8.85682e-06
-8.93308e-06
-1.06322e-05
-1.04618e-05
-1.01999e-05
-1.00976e-05
-9.95832e-06
-9.1208e-06
-9.1208e-06
-9.18216e-06
-9.3057e-06
-1.11308e-05
-1.09402e-05
-1.06561e-05
-1.05443e-05
-1.04041e-05
-9.51161e-06
-9.50821e-06
-9.49454e-06
-9.57078e-06
-1.12138e-05
-1.10475e-05
-1.0804e-05
-1.06988e-05
-1.05645e-05
-9.68878e-06
-9.68463e-06
-9.7775e-06
-9.9163e-06
-1.19004e-05
-1.16815e-05
-1.13993e-05
-1.12703e-05
-1.11125e-05
-1.0137e-05
-1.0137e-05
-8.37844e-06
-8.63511e-06
-8.63511e-06
-7.49321e-06
-7.68847e-06
-6.48437e-06
-5.55123e-06
-5.55123e-06
-5.08184e-06
-5.21619e-06
-4.7398e-06
-4.35293e-06
-4.00769e-06
-4.00769e-06
-3.7756e-06
-3.89526e-06
-3.69151e-06
-3.52373e-06
-3.36068e-06
-3.22038e-06
-3.22038e-06
-3.07332e-06
-3.18454e-06
-3.07146e-06
-2.97844e-06
-2.88317e-06
-2.80097e-06
-2.79222e-06
-2.62301e-06
-2.81508e-06
-2.70165e-06
-2.60343e-06
-2.50319e-06
-2.42906e-06
-2.42198e-06
-2.75403e-06
-2.97972e-06
-2.81863e-06
-2.9886e-06
-3.15259e-06
-3.13135e-06
-3.59423e-06
-3.85446e-06
-3.51079e-06
-3.69822e-06
-3.88441e-06
-3.85088e-06
-4.14397e-06
-4.31374e-06
-4.47174e-06
-4.57581e-06
-4.66879e-06
-4.63667e-06
-4.83804e-06
-4.93457e-06
-5.04362e-06
-5.0881e-06
-5.15091e-06
-5.10261e-06
-5.15328e-06
-5.21671e-06
-5.23743e-06
-5.26674e-06
-5.20571e-06
-5.28368e-06
-5.32539e-06
-5.37388e-06
-5.37901e-06
-5.39886e-06
-5.36279e-06
-5.4148e-06
-5.47271e-06
-5.49695e-06
-5.51951e-06
-5.47485e-06
-5.62027e-06
-5.68231e-06
-5.75897e-06
-5.7907e-06
-5.81572e-06
-5.85731e-06
-5.81463e-06
-5.89379e-06
-5.91207e-06
-5.95347e-06
-5.95307e-06
-5.9627e-06
-5.98836e-06
-5.93245e-06
-6.00203e-06
-6.02333e-06
-6.06201e-06
-6.07799e-06
-6.08405e-06
-6.10213e-06
-6.05185e-06
-6.09156e-06
-6.10163e-06
-6.12464e-06
-6.13124e-06
-6.12505e-06
-6.06994e-06
-6.15317e-06
-6.18493e-06
-6.23115e-06
-6.25054e-06
-6.25274e-06
-6.28081e-06
-6.19991e-06
-5.59461e-06
-5.72565e-06
-5.14546e-06
-5.26494e-06
-4.79521e-06
-4.8842e-06
-4.50357e-06
-4.17891e-06
-4.156e-06
-3.92003e-06
-4.02786e-06
-3.76159e-06
-3.62682e-06
-3.49386e-06
-3.57296e-06
-3.45763e-06
-3.27832e-06
-3.26808e-06
-3.13766e-06
-3.2325e-06
-3.15889e-06
-3.09705e-06
-3.03433e-06
-3.1018e-06
-3.02765e-06
-2.9018e-06
-2.89241e-06
-3.08398e-06
-3.22411e-06
-3.35894e-06
-3.4731e-06
-3.56536e-06
-3.43776e-06
-3.24176e-06
-3.23502e-06
-3.38612e-06
-3.49863e-06
-3.60449e-06
-3.70051e-06
-3.76918e-06
-3.62831e-06
-3.42227e-06
-3.28436e-06
-3.26952e-06
-3.45702e-06
-3.59316e-06
-3.71618e-06
-3.82814e-06
-3.90409e-06
-3.97867e-06
-3.7162e-06
-3.78272e-06
-3.75454e-06
-3.93493e-06
-4.06173e-06
-4.16801e-06
-4.26805e-06
-4.32771e-06
-4.38827e-06
-4.06661e-06
-4.13055e-06
-4.09887e-06
-3.79928e-06
-3.92501e-06
-4.01638e-06
-3.79668e-06
-3.60284e-06
-3.67894e-06
-3.75361e-06
-3.52105e-06
-3.59279e-06
-3.57609e-06
-3.35233e-06
-3.47711e-06
-3.32463e-06
-3.17155e-06
-3.03416e-06
-2.92872e-06
-3.02288e-06
-2.93267e-06
-3.01671e-06
-2.89375e-06
-2.88617e-06
-2.66323e-06
-2.88952e-06
-2.78531e-06
-2.70679e-06
-2.63207e-06
-2.55746e-06
-2.70022e-06
-2.64066e-06
-2.76233e-06
-2.63495e-06
-2.62648e-06
-2.44937e-06
-2.38506e-06
-2.32698e-06
-2.31794e-06
-2.15227e-06
-2.00106e-06
-1.97738e-06
-1.95177e-06
-1.92797e-06
-1.91242e-06
-1.90838e-06
-1.75708e-06
-1.76179e-06
-1.77228e-06
-1.77031e-06
-1.64272e-06
-1.68686e-06
-1.71123e-06
-1.74845e-06
-1.64258e-06
-1.6718e-06
-1.67143e-06
-1.57518e-06
-1.62891e-06
-1.68669e-06
-1.7363e-06
-1.64526e-06
-1.68442e-06
-1.68426e-06
-1.73868e-06
-1.78652e-06
-1.8285e-06
-1.74431e-06
-1.77765e-06
-1.77776e-06
-1.82016e-06
-1.85584e-06
-1.88818e-06
-1.81569e-06
-1.84147e-06
-1.86521e-06
-1.80118e-06
-1.80085e-06
-1.72981e-06
-1.78649e-06
-1.83002e-06
-1.75559e-06
-1.79703e-06
-1.83434e-06
-1.86302e-06
-1.86156e-06
-1.9227e-06
-1.9552e-06
-1.95032e-06
-2.03453e-06
-2.09664e-06
-2.08768e-06
-2.1506e-06
-2.18586e-06
-2.21337e-06
-2.07081e-06
-1.94025e-06
-1.83302e-06
-1.76327e-06
-1.8472e-06
-1.79991e-06
-1.71116e-06
-1.66139e-06
-1.75918e-06
-1.66735e-06
-1.58769e-06
-1.54907e-06
-1.67132e-06
-1.63366e-06
-1.33713e-06
-1.25896e-06
-1.22566e-06
-1.21355e-06
-1.34117e-06
-1.32736e-06
-1.11247e-06
-1.08522e-06
-9.1043e-07
-8.54869e-07
-8.48637e-07
-8.5649e-07
-1.01538e-06
-1.01292e-06
-8.42508e-07
-6.79501e-07
-5.36432e-07
-5.00053e-07
-5.12628e-07
-5.31262e-07
-7.15714e-07
-7.22249e-07
-7.23172e-07
-5.93355e-07
-4.93017e-07
-4.52432e-07
-4.76172e-07
-7.39576e-07
-7.48452e-07
-7.50134e-07
-6.74294e-07
-6.82472e-07
-7.00688e-07
-9.9265e-07
-9.08719e-07
-9.02781e-07
-9.08592e-07
-9.14032e-07
-9.03602e-07
-8.44858e-07
-8.45328e-07
-8.56784e-07
-8.63416e-07
-8.64571e-07
-8.17561e-07
-8.21449e-07
-8.2958e-07
-8.32318e-07
-8.45126e-07
-8.0383e-07
-8.10049e-07
-8.11873e-07
-8.16845e-07
-8.36045e-07
-7.74437e-07
-7.96355e-07
-8.04172e-07
-8.1828e-07
-8.60174e-07
-8.31378e-07
-8.44277e-07
-8.54172e-07
-8.88071e-07
-8.61666e-07
-8.721e-07
-8.70332e-07
-8.66334e-07
-8.95172e-07
-8.73522e-07
-8.91642e-07
-8.90024e-07
-8.84705e-07
-9.38826e-07
-9.17574e-07
-9.24124e-07
-9.17705e-07
-9.77106e-07
-9.52758e-07
-9.66638e-07
-9.69204e-07
-9.6037e-07
-1.01176e-06
-1.00011e-06
-1.0127e-06
-1.01558e-06
-1.00473e-06
-1.05983e-06
-1.04655e-06
-1.04971e-06
-1.0376e-06
-1.09605e-06
-1.08487e-06
-1.09378e-06
-1.09561e-06
-1.08292e-06
-1.13278e-06
-1.12179e-06
-1.12862e-06
-1.12733e-06
-1.11549e-06
-1.1603e-06
-1.15295e-06
-1.15949e-06
-1.15935e-06
-1.14824e-06
-1.19191e-06
-1.18265e-06
-1.18944e-06
-1.18976e-06
-1.17776e-06
-1.22453e-06
-1.21744e-06
-1.22414e-06
-1.21208e-06
-1.19967e-06
-1.25024e-06
-1.24123e-06
-1.23147e-06
-1.2192e-06
-1.28388e-06
-1.27661e-06
-1.28347e-06
-1.27034e-06
-1.25229e-06
-1.30882e-06
-1.29894e-06
-1.30916e-06
-1.29069e-06
-1.27384e-06
-1.34533e-06
-1.33662e-06
-1.34507e-06
-1.32566e-06
-1.30955e-06
-1.3789e-06
-1.36851e-06
-1.37752e-06
-1.37658e-06
-1.35529e-06
-1.43629e-06
-1.42763e-06
-1.43289e-06
-1.42657e-06
-1.40584e-06
-1.46991e-06
-1.45997e-06
-1.46533e-06
-1.46097e-06
-1.43851e-06
-1.50596e-06
-1.49784e-06
-1.48513e-06
-1.45942e-06
-1.53839e-06
-1.52821e-06
-1.53231e-06
-1.515e-06
-1.49635e-06
-1.56281e-06
-1.5518e-06
-1.55944e-06
-1.53466e-06
-1.51206e-06
-1.60347e-06
-1.59004e-06
-1.60276e-06
-1.5726e-06
-1.54277e-06
-1.66772e-06
-1.64531e-06
-1.59937e-06
-1.5596e-06
-1.74637e-06
-1.72789e-06
-1.73441e-06
-1.69723e-06
-1.66548e-06
-1.79206e-06
-1.77137e-06
-1.71919e-06
-1.81822e-06
-1.80447e-06
-1.80509e-06
-1.79005e-06
-1.75697e-06
-1.85865e-06
-1.83914e-06
-1.82965e-06
-1.83014e-06
-1.81182e-06
-1.77944e-06
-1.87747e-06
-1.8587e-06
-1.94096e-06
-1.9293e-06
-1.9254e-06
-1.91274e-06
-1.86981e-06
-1.99138e-06
-1.96343e-06
-2.06222e-06
-2.07764e-06
-2.06689e-06
-2.01049e-06
-1.95599e-06
-2.08914e-06
-2.05415e-06
-2.1596e-06
-2.16992e-06
-2.15781e-06
-2.09016e-06
-2.04016e-06
-2.18195e-06
-2.13984e-06
-2.25309e-06
-2.26278e-06
-2.25305e-06
-2.23159e-06
-2.17814e-06
-2.12544e-06
-2.22612e-06
-2.19153e-06
-2.27766e-06
-2.28448e-06
-2.25494e-06
-2.24524e-06
-2.22485e-06
-2.16688e-06
-2.11059e-06
-2.24671e-06
-2.20759e-06
-2.31387e-06
-2.32342e-06
-2.28985e-06
-2.22322e-06
-2.21359e-06
-2.2021e-06
-2.16132e-06
-2.1224e-06
-2.22519e-06
-2.19684e-06
-2.28112e-06
-2.29118e-06
-2.26895e-06
-2.21633e-06
-2.20718e-06
-2.19971e-06
-2.17117e-06
-2.142e-06
-2.21662e-06
-2.19614e-06
-2.25973e-06
-2.26796e-06
-2.25381e-06
-2.21356e-06
-2.2681e-06
-2.26315e-06
-2.25505e-06
-2.23278e-06
-2.20635e-06
-2.26015e-06
-2.24264e-06
-2.28934e-06
-2.29434e-06
-2.282e-06
-2.24944e-06
-2.29015e-06
-2.28572e-06
-2.27643e-06
-2.24911e-06
-2.2195e-06
-2.28977e-06
-2.26805e-06
-2.32898e-06
-2.33585e-06
-2.31948e-06
-2.2794e-06
-2.27227e-06
-2.26428e-06
-2.22908e-06
-2.18992e-06
-2.30317e-06
-2.27544e-06
-2.36545e-06
-2.37725e-06
-2.3569e-06
-2.30439e-06
-2.29592e-06
-2.28857e-06
-2.25414e-06
-2.22909e-06
-2.34569e-06
-2.31736e-06
-2.4073e-06
-2.42095e-06
-2.40589e-06
-2.35299e-06
-2.39589e-06
-2.38695e-06
-2.37717e-06
-2.34566e-06
-2.31293e-06
-2.40608e-06
-2.38043e-06
-2.45399e-06
-2.46244e-06
-2.44849e-06
-2.40195e-06
-2.46765e-06
-2.46178e-06
-2.427e-06
-2.38732e-06
-2.46801e-06
-2.44045e-06
-2.51397e-06
-2.51943e-06
-2.50403e-06
-2.45579e-06
-2.44874e-06
-2.43847e-06
-2.40458e-06
-2.36686e-06
-2.4707e-06
-2.44261e-06
-2.52451e-06
-2.53179e-06
-2.51228e-06
-2.46191e-06
-2.41649e-06
-2.40888e-06
-2.40281e-06
-2.37925e-06
-2.35338e-06
-2.4343e-06
-2.41418e-06
-2.47698e-06
-2.48612e-06
-2.47158e-06
-2.4332e-06
-2.42963e-06
-2.42316e-06
-2.40027e-06
-2.37558e-06
-2.45107e-06
-2.43145e-06
-2.49825e-06
-2.50772e-06
-2.49316e-06
-2.45593e-06
-2.51276e-06
-2.51037e-06
-2.50127e-06
-2.47784e-06
-2.45367e-06
-2.51384e-06
-2.49432e-06
-2.54821e-06
-2.55537e-06
-2.54062e-06
-2.50612e-06
-2.55169e-06
-2.5483e-06
-2.53644e-06
-2.50482e-06
-2.4733e-06
-2.5571e-06
-2.53104e-06
-2.60811e-06
-2.61531e-06
-2.59304e-06
-2.5481e-06
-2.61079e-06
-2.60622e-06
-2.59398e-06
-2.56653e-06
-2.53845e-06
-2.60128e-06
-2.57832e-06
-2.63629e-06
-2.64193e-06
-2.62575e-06
-2.58736e-06
-2.63599e-06
-2.63116e-06
-2.61837e-06
-2.59009e-06
-2.55994e-06
-2.62588e-06
-2.60214e-06
-2.66112e-06
-2.66758e-06
-2.65157e-06
-2.61224e-06
-2.6616e-06
-2.65689e-06
-2.64151e-06
-2.60829e-06
-2.58232e-06
-2.66641e-06
-2.63681e-06
-2.71431e-06
-2.71792e-06
-2.69558e-06
-2.6476e-06
-2.64085e-06
-2.62592e-06
-2.58991e-06
-2.56124e-06
-2.66429e-06
-2.63208e-06
-2.72499e-06
-2.70069e-06
-2.67755e-06
-2.687e-06
-2.76105e-06
-2.75237e-06
-2.72876e-06
-2.6767e-06
-2.63137e-06
-2.78473e-06
-2.73814e-06
-2.86577e-06
-2.83457e-06
-2.80104e-06
-2.81051e-06
-2.91182e-06
-2.90417e-06
-2.87998e-06
-2.83693e-06
-2.79303e-06
-2.88165e-06
-2.84357e-06
-2.81698e-06
-2.79474e-06
-2.80243e-06
-2.79528e-06
-2.77542e-06
-2.73351e-06
-2.68671e-06
-2.79539e-06
-2.77354e-06
-2.74835e-06
-2.76145e-06
-2.75156e-06
-2.72687e-06
-2.66075e-06
-2.6182e-06
-2.83058e-06
-2.78589e-06
-2.74918e-06
-2.78153e-06
-2.70316e-06
-2.69238e-06
-2.6741e-06
-2.61748e-06
-2.5701e-06
-2.76903e-06
-2.73879e-06
-2.70693e-06
-2.73782e-06
-2.6662e-06
-2.65513e-06
-2.61351e-06
-2.58053e-06
-2.72527e-06
-2.70266e-06
-2.67838e-06
-2.69735e-06
-2.63922e-06
-2.62984e-06
-2.61806e-06
-2.57535e-06
-2.54014e-06
-2.70074e-06
-2.67924e-06
-2.65476e-06
-2.68378e-06
-2.6227e-06
-2.61112e-06
-2.60071e-06
-2.55199e-06
-2.51031e-06
-2.70943e-06
-2.68499e-06
-2.65768e-06
-2.58956e-06
-2.62235e-06
-2.61125e-06
-2.60094e-06
-2.55326e-06
-2.51609e-06
-2.75446e-06
-2.72174e-06
-2.68938e-06
-2.72639e-06
-2.71085e-06
-2.69336e-06
-2.64411e-06
-2.5949e-06
-2.84122e-06
-2.81357e-06
-2.77561e-06
-2.81539e-06
-2.80092e-06
-2.77787e-06
-2.72704e-06
-2.66606e-06
-2.88583e-06
-2.8508e-06
-2.8135e-06
-2.84622e-06
-2.83046e-06
-2.80837e-06
-2.76227e-06
-2.71144e-06
-2.68231e-06
-2.66876e-06
-2.64563e-06
-2.68583e-06
-2.67494e-06
-2.66632e-06
-2.63344e-06
-2.5928e-06
-2.57321e-06
-2.56489e-06
-2.54937e-06
-2.59179e-06
-2.53905e-06
-2.5273e-06
-2.52961e-06
-2.51159e-06
-2.48518e-06
-2.47263e-06
-2.46986e-06
-2.46127e-06
-2.50588e-06
-2.4625e-06
-2.45239e-06
-2.46226e-06
-2.44926e-06
-2.42625e-06
-2.41798e-06
-2.41969e-06
-2.41486e-06
-2.46566e-06
-2.42037e-06
-2.40939e-06
-2.43042e-06
-2.42075e-06
-2.40071e-06
-2.39954e-06
-2.39988e-06
-2.39846e-06
-2.45508e-06
-2.40223e-06
-2.38797e-06
-2.43374e-06
-2.42792e-06
-2.40244e-06
-2.40421e-06
-2.41489e-06
-2.41806e-06
-2.51113e-06
-2.4463e-06
-2.43026e-06
-2.45622e-06
-2.44433e-06
-2.429e-06
-2.43121e-06
-2.44354e-06
-2.44472e-06
-2.51108e-06
-2.46351e-06
-2.4498e-06
-2.48473e-06
-2.4731e-06
-2.45313e-06
-2.45896e-06
-2.47016e-06
-2.47345e-06
-2.55259e-06
-2.49799e-06
-2.56565e-06
-2.55673e-06
-2.57427e-06
-2.56258e-06
-2.55738e-06
-2.556e-06
-2.56098e-06
-2.55883e-06
-2.61637e-06
-2.5713e-06
-2.62078e-06
-2.61068e-06
-2.63604e-06
-2.62066e-06
-2.59701e-06
-2.59658e-06
-2.60497e-06
-2.60317e-06
-2.6801e-06
-2.62334e-06
-2.60908e-06
-2.62945e-06
-2.61858e-06
-2.60052e-06
-2.60207e-06
-2.60812e-06
-2.60721e-06
-2.67055e-06
-2.62428e-06
-2.61444e-06
-2.64822e-06
-2.63711e-06
-2.62453e-06
-2.62829e-06
-2.63921e-06
-2.64002e-06
-2.72153e-06
-2.66372e-06
-2.64936e-06
-2.68104e-06
-2.67114e-06
-2.65321e-06
-2.65683e-06
-2.66644e-06
-2.6678e-06
-2.75502e-06
-2.7009e-06
-2.68719e-06
-2.74375e-06
-2.7323e-06
-2.73262e-06
-2.73925e-06
-2.75392e-06
-2.75649e-06
-2.87658e-06
-2.80406e-06
-2.79754e-06
-2.82215e-06
-2.80777e-06
-2.8084e-06
-2.80661e-06
-2.81486e-06
-2.81167e-06
-2.891e-06
-2.8361e-06
-2.81487e-06
-2.88116e-06
-2.87008e-06
-2.88394e-06
-2.86964e-06
-2.8668e-06
-2.86238e-06
-2.86529e-06
-2.86024e-06
-2.91623e-06
-2.87079e-06
-2.85333e-06
-2.90475e-06
-2.89663e-06
-2.91399e-06
-2.90012e-06
-2.8972e-06
-2.89244e-06
-2.89921e-06
-2.89359e-06
-2.96574e-06
-2.91385e-06
-2.89691e-06
-2.95801e-06
-2.94701e-06
-2.96645e-06
-2.95047e-06
-2.94355e-06
-2.93801e-06
-2.94531e-06
-2.93887e-06
-3.01662e-06
-2.95933e-06
-2.94066e-06
-3.0078e-06
-2.92693e-06
-2.91884e-06
-2.93801e-06
-2.92404e-06
-2.90771e-06
-2.90533e-06
-2.91283e-06
-2.9077e-06
-2.98216e-06
-2.93042e-06
-2.9134e-06
-2.9781e-06
-2.90179e-06
-2.89305e-06
-2.91448e-06
-2.90188e-06
-2.88804e-06
-2.8888e-06
-2.89473e-06
-2.89055e-06
-2.96818e-06
-2.91987e-06
-2.90325e-06
-2.827e-06
-2.89324e-06
-2.88528e-06
-2.90714e-06
-2.89484e-06
-2.88782e-06
-2.88649e-06
-2.89714e-06
-2.89269e-06
-2.97312e-06
-2.92252e-06
-2.90564e-06
-2.9723e-06
-2.96176e-06
-2.9861e-06
-2.96924e-06
-2.96644e-06
-2.96263e-06
-2.96734e-06
-2.96062e-06
-3.05513e-06
-2.99531e-06
-2.97457e-06
-3.04866e-06
-3.03978e-06
-3.05425e-06
-3.03544e-06
-3.03288e-06
-3.01268e-06
-3.01899e-06
-3.00988e-06
-3.08497e-06
-3.03136e-06
-3.01084e-06
-3.07468e-06
-2.99515e-06
-2.98566e-06
-2.99774e-06
-2.98325e-06
-2.97869e-06
-2.96278e-06
-2.96634e-06
-2.95936e-06
-3.02335e-06
-2.97777e-06
-2.96097e-06
-3.01563e-06
-2.948e-06
-2.93889e-06
-2.94935e-06
-2.93769e-06
-2.93269e-06
-2.91964e-06
-2.92304e-06
-2.91744e-06
-2.97157e-06
-2.93268e-06
-2.91848e-06
-2.96519e-06
-2.95613e-06
-2.96456e-06
-2.95322e-06
-2.94889e-06
-2.93626e-06
-2.93928e-06
-2.93343e-06
-2.98284e-06
-2.94657e-06
-2.93287e-06
-2.97669e-06
-3.01639e-06
-3.0086e-06
-3.02337e-06
-3.00739e-06
-2.98925e-06
-2.97215e-06
-2.97795e-06
-2.97077e-06
-3.04319e-06
-2.99312e-06
-2.97501e-06
-3.03752e-06
-3.09472e-06
-3.02152e-06
-3.01069e-06
-3.03867e-06
-3.0179e-06
-2.99793e-06
-2.97595e-06
-2.98729e-06
-2.9796e-06
-3.08974e-06
-3.02297e-06
-2.9996e-06
-3.09124e-06
-3.17054e-06
-3.07439e-06
-3.06456e-06
-3.08046e-06
-3.0588e-06
-3.04991e-06
-3.02697e-06
-3.03573e-06
-3.02491e-06
-3.11177e-06
-3.05233e-06
-3.02925e-06
-3.10375e-06
-3.1742e-06
-3.0889e-06
-3.07854e-06
-3.08594e-06
-3.06696e-06
-3.06036e-06
-3.04746e-06
-3.05065e-06
-3.03945e-06
-3.10473e-06
-3.05733e-06
-3.03685e-06
-3.09287e-06
-3.14491e-06
-3.07548e-06
-3.06818e-06
-3.07106e-06
-3.05379e-06
-3.04585e-06
-3.03341e-06
-3.03378e-06
-3.02283e-06
-3.0711e-06
-3.03083e-06
-3.01256e-06
-3.05566e-06
-3.09478e-06
-3.03592e-06
-3.02797e-06
-3.04178e-06
-3.01876e-06
-3.01231e-06
-2.99764e-06
-3.00415e-06
-2.99155e-06
-3.07996e-06
-3.02094e-06
-2.99654e-06
-3.06862e-06
-3.13746e-06
-3.05312e-06
-3.04434e-06
-3.04853e-06
-3.02909e-06
-3.01035e-06
-2.99691e-06
-2.99812e-06
-2.98633e-06
-3.04235e-06
-2.99568e-06
-2.97579e-06
-3.02637e-06
-3.07282e-06
-3.00877e-06
-3.00129e-06
-3.01058e-06
-2.98856e-06
-2.96561e-06
-2.95149e-06
-2.95586e-06
-2.94361e-06
-3.01979e-06
-2.9663e-06
-2.94379e-06
-3.01115e-06
-3.07299e-06
-2.99731e-06
-2.98868e-06
-2.99903e-06
-2.97549e-06
-2.96721e-06
-2.95159e-06
-2.95579e-06
-2.94229e-06
-3.02148e-06
-2.96681e-06
-2.94264e-06
-3.01185e-06
-3.07666e-06
-2.99717e-06
-2.98798e-06
-2.99967e-06
-2.97382e-06
-2.96941e-06
-2.95223e-06
-2.9567e-06
-2.94192e-06
-3.0294e-06
-2.96964e-06
-2.9435e-06
-3.02336e-06
-3.0936e-06
-3.00935e-06
-2.98846e-06
-3.0223e-06
-2.99012e-06
-2.98498e-06
-2.96708e-06
-2.98236e-06
-2.9671e-06
-3.11831e-06
-3.0349e-06
-3.00127e-06
-3.11913e-06
-3.22768e-06
-3.11177e-06
-3.10481e-06
-3.11165e-06
-3.08154e-06
-3.06777e-06
-3.04715e-06
-3.04833e-06
-3.03054e-06
-2.96922e-06
-2.91339e-06
-2.83078e-06
-2.8245e-06
-2.83828e-06
-2.82423e-06
-2.82152e-06
-2.81282e-06
-2.82008e-06
-2.81235e-06
-2.7725e-06
-2.73324e-06
-2.67028e-06
-2.66273e-06
-2.69239e-06
-2.68482e-06
-2.67994e-06
-2.6782e-06
-2.69669e-06
-2.69477e-06
-2.65343e-06
-2.61274e-06
-2.54356e-06
-2.53387e-06
-2.57112e-06
-2.5818e-06
-2.59868e-06
-2.6018e-06
-2.62508e-06
-2.62727e-06
-2.588e-06
-2.55123e-06
-2.48767e-06
-2.47567e-06
-2.5359e-06
-2.55391e-06
-2.5698e-06
-2.58039e-06
-2.60963e-06
-2.61769e-06
-2.57102e-06
-2.5298e-06
-2.45494e-06
-2.44576e-06
-2.49869e-06
-2.5161e-06
-2.52152e-06
-2.53328e-06
-2.56674e-06
-2.57594e-06
-2.53785e-06
-2.50283e-06
-2.43679e-06
-2.45654e-06
-2.44561e-06
-2.49646e-06
-2.51423e-06
-2.52981e-06
-2.5481e-06
-2.5823e-06
-2.59149e-06
-2.55726e-06
-2.52419e-06
-2.46225e-06
-2.48114e-06
-2.39167e-06
-2.37871e-06
-2.45257e-06
-2.48173e-06
-2.5073e-06
-2.54787e-06
-2.59324e-06
-2.60744e-06
-2.5683e-06
-2.53108e-06
-2.46082e-06
-2.48788e-06
-2.38607e-06
-2.31904e-06
-2.30706e-06
-2.37358e-06
-2.40737e-06
-2.43295e-06
-2.46381e-06
-2.51023e-06
-2.52609e-06
-2.49468e-06
-2.46444e-06
-2.4044e-06
-2.43222e-06
-2.34227e-06
-2.28324e-06
-2.27454e-06
-2.34485e-06
-2.38123e-06
-2.40746e-06
-2.44639e-06
-2.48793e-06
-2.50537e-06
-2.47528e-06
-2.44544e-06
-2.3852e-06
-2.41335e-06
-2.32315e-06
-2.26461e-06
-2.2546e-06
-2.38172e-06
-2.44469e-06
-2.48758e-06
-2.55137e-06
-2.61562e-06
-2.63923e-06
-2.58839e-06
-2.5432e-06
-2.45352e-06
-2.49464e-06
-2.37182e-06
-2.29312e-06
-2.27781e-06
-2.36592e-06
-2.41506e-06
-2.45193e-06
-2.49798e-06
-2.5509e-06
-2.57153e-06
-2.53546e-06
-2.50173e-06
-2.43453e-06
-2.46736e-06
-2.36743e-06
-2.3028e-06
-2.2924e-06
-2.40706e-06
-2.46582e-06
-2.51041e-06
-2.5699e-06
-2.63583e-06
-2.6587e-06
-2.61586e-06
-2.57384e-06
-2.49143e-06
-2.5316e-06
-2.41533e-06
-2.34028e-06
-2.32636e-06
-2.42509e-06
-2.4764e-06
-2.51561e-06
-2.55683e-06
-2.61363e-06
-2.63583e-06
-2.59793e-06
-2.56083e-06
-2.48861e-06
-2.52711e-06
-2.42011e-06
-2.3508e-06
-2.33957e-06
-2.4273e-06
-2.47343e-06
-2.51347e-06
-2.55104e-06
-2.6031e-06
-2.62386e-06
-2.58988e-06
-2.55583e-06
-2.48951e-06
-2.52498e-06
-2.42495e-06
-2.36004e-06
-2.39642e-06
-2.38356e-06
-2.44176e-06
-2.4787e-06
-2.50504e-06
-2.54002e-06
-2.58069e-06
-2.59573e-06
-2.56884e-06
-2.54249e-06
-2.49054e-06
-2.5176e-06
-2.43702e-06
-2.38473e-06
-2.41176e-06
-2.40417e-06
-2.44302e-06
-2.46764e-06
-2.48547e-06
-2.50973e-06
-2.53735e-06
-2.54799e-06
-2.52835e-06
-2.50749e-06
-2.46636e-06
-2.4861e-06
-2.42072e-06
-2.37806e-06
-2.39787e-06
-2.32918e-06
-2.32298e-06
-2.40365e-06
-2.45422e-06
-2.48859e-06
-2.53485e-06
-2.5835e-06
-2.60234e-06
-2.57167e-06
-2.53892e-06
-2.47409e-06
-2.50792e-06
-2.41325e-06
-2.35172e-06
-2.38556e-06
-2.3779e-06
-2.47588e-06
-2.52953e-06
-2.57024e-06
-2.62507e-06
-2.68009e-06
-2.69859e-06
-2.65668e-06
-2.61509e-06
-2.53926e-06
-2.57679e-06
-2.46684e-06
-2.39507e-06
-2.43276e-06
-2.42354e-06
-2.50327e-06
-2.54669e-06
-2.57582e-06
-2.61996e-06
-2.66615e-06
-2.6819e-06
-2.6451e-06
-2.60744e-06
-2.53744e-06
-2.56979e-06
-2.46944e-06
-2.4034e-06
-2.43643e-06
-2.46108e-06
-2.45171e-06
-2.52105e-06
-2.55848e-06
-2.58635e-06
-2.62513e-06
-2.66831e-06
-2.68173e-06
-2.64772e-06
-2.61192e-06
-2.54775e-06
-2.5759e-06
-2.48115e-06
-2.41869e-06
-2.44833e-06
-2.47034e-06
-2.45849e-06
-2.53819e-06
-2.58024e-06
-2.61098e-06
-2.65693e-06
-2.70799e-06
-2.72229e-06
-2.68437e-06
-2.60883e-06
-2.64145e-06
-2.66965e-06
-2.56489e-06
-2.49533e-06
-2.521e-06
-2.511e-06
-2.57961e-06
-2.61452e-06
-2.64515e-06
-2.68471e-06
-2.72925e-06
-2.74006e-06
-2.70224e-06
-2.62881e-06
-2.65917e-06
-2.6836e-06
-2.61007e-06
-2.54134e-06
-2.56267e-06
-2.51489e-06
-2.50227e-06
-2.54822e-06
-2.57203e-06
-2.59675e-06
-2.6235e-06
-2.65599e-06
-2.66449e-06
-2.63663e-06
-2.58062e-06
-2.60471e-06
-2.62329e-06
-2.56568e-06
-2.51111e-06
-2.46316e-06
-2.43579e-06
-2.40062e-06
-2.3656e-06
-2.32587e-06
-2.3178e-06
-2.41703e-06
-2.47026e-06
-2.51769e-06
-2.57288e-06
-2.63293e-06
-2.65058e-06
-2.60986e-06
-2.52834e-06
-2.57125e-06
-2.60361e-06
-2.52263e-06
-2.54845e-06
-2.47983e-06
-2.43117e-06
-2.38126e-06
-2.33414e-06
-2.27893e-06
-2.24203e-06
-2.23074e-06
-2.31176e-06
-2.35752e-06
-2.39857e-06
-2.44743e-06
-2.50018e-06
-2.51841e-06
-2.48783e-06
-2.42199e-06
-2.45907e-06
-2.48901e-06
-2.42197e-06
-2.44606e-06
-2.38788e-06
-2.35286e-06
-2.30876e-06
-2.26902e-06
-2.22269e-06
-2.19083e-06
-2.18392e-06
-2.2402e-06
-2.27284e-06
-2.30507e-06
-2.34297e-06
-2.38263e-06
-2.39732e-06
-2.37509e-06
-2.32487e-06
-2.35448e-06
-2.37817e-06
-2.39878e-06
-2.41591e-06
-2.36764e-06
-2.33548e-06
-2.29823e-06
-2.26441e-06
-2.22434e-06
-2.19386e-06
-2.18695e-06
-2.22601e-06
-2.24857e-06
-2.27115e-06
-2.29761e-06
-2.32684e-06
-2.33759e-06
-2.31983e-06
-2.2795e-06
-2.30256e-06
-2.32054e-06
-2.33472e-06
-2.34785e-06
-2.30876e-06
-2.28421e-06
-2.25459e-06
-2.22741e-06
-2.19425e-06
-2.16836e-06
-2.16022e-06
-2.19694e-06
-2.21828e-06
-2.23971e-06
-2.26557e-06
-2.2933e-06
-2.30368e-06
-2.28714e-06
-2.24917e-06
-2.27059e-06
-2.28781e-06
-2.30145e-06
-2.31412e-06
-2.27815e-06
-2.25572e-06
-2.22765e-06
-2.20183e-06
-2.17056e-06
-2.14589e-06
-2.14046e-06
-2.18655e-06
-2.21299e-06
-2.24097e-06
-2.27436e-06
-2.30759e-06
-2.31949e-06
-2.29936e-06
-2.25775e-06
-2.28255e-06
-2.30255e-06
-2.32069e-06
-2.33518e-06
-2.29287e-06
-2.26163e-06
-2.22929e-06
-2.19968e-06
-2.16356e-06
-2.1395e-06
-2.13192e-06
-2.19612e-06
-2.23211e-06
-2.2655e-06
-2.30954e-06
-2.35275e-06
-2.36727e-06
-2.34061e-06
-2.28781e-06
-2.31884e-06
-2.3437e-06
-2.36581e-06
-2.38349e-06
-2.33141e-06
-2.29822e-06
-2.25855e-06
-2.22252e-06
-2.17977e-06
-2.148e-06
-2.14087e-06
-2.18747e-06
-2.21352e-06
-2.23971e-06
-2.2698e-06
-2.3031e-06
-2.31427e-06
-2.29247e-06
-2.24892e-06
-2.27337e-06
-2.29312e-06
-2.31072e-06
-2.32492e-06
-2.28083e-06
-2.25185e-06
-2.21871e-06
-2.19004e-06
-2.15315e-06
-2.12662e-06
-2.11858e-06
-2.16833e-06
-2.19617e-06
-2.22393e-06
-2.25937e-06
-2.29437e-06
-2.30606e-06
-2.28339e-06
-2.23835e-06
-2.26653e-06
-2.28704e-06
-2.30538e-06
-2.32011e-06
-2.27573e-06
-2.24703e-06
-2.21281e-06
-2.18025e-06
-2.14187e-06
-2.11465e-06
-2.10842e-06
-2.14523e-06
-2.16582e-06
-2.1871e-06
-2.21448e-06
-2.24165e-06
-2.25073e-06
-2.23217e-06
-2.19504e-06
-2.21593e-06
-2.23233e-06
-2.24699e-06
-2.25888e-06
-2.22168e-06
-2.19283e-06
-2.16395e-06
-2.13628e-06
-2.10343e-06
-2.08001e-06
-2.07202e-06
-2.1076e-06
-2.12784e-06
-2.14836e-06
-2.17474e-06
-2.20129e-06
-2.21062e-06
-2.19356e-06
-2.15924e-06
-2.18061e-06
-2.19681e-06
-2.21155e-06
-2.22343e-06
-2.18824e-06
-2.16098e-06
-2.13344e-06
-2.10722e-06
-2.07596e-06
-2.05371e-06
-2.04793e-06
-2.08219e-06
-2.10168e-06
-2.12175e-06
-2.14684e-06
-2.17251e-06
-2.18154e-06
-2.16501e-06
-2.13033e-06
-2.15097e-06
-2.16671e-06
-2.18107e-06
-2.19266e-06
-2.15854e-06
-2.13208e-06
-2.1056e-06
-2.07415e-06
-2.05224e-06
-2.02696e-06
-2.02494e-06
-2.18577e-06
-2.00354e-06
-2.17048e-06
-2.31511e-06
-2.36038e-06
-2.29486e-06
-2.17313e-06
-2.26385e-06
-2.3268e-06
-2.38177e-06
-2.42212e-06
-2.31012e-06
-2.2354e-06
-2.16549e-06
-2.08772e-06
-2.03683e-06
-1.95928e-06
-1.95921e-06
-2.0376e-06
-1.94222e-06
-2.03327e-06
-2.11906e-06
-2.15124e-06
-2.11598e-06
-2.04122e-06
-2.10165e-06
-2.14619e-06
-2.07659e-06
-2.12297e-06
-2.123e-06
-2.20115e-06
-2.23872e-06
-2.14931e-06
-2.20222e-06
-2.2542e-06
-2.18625e-06
-2.15225e-06
-2.08625e-06
-2.12804e-06
-2.1585e-06
-2.10106e-06
-2.13798e-06
-2.08279e-06
-2.08279e-06
-2.14344e-06
-2.18266e-06
-2.10557e-06
-2.14749e-06
-2.1893e-06
-2.13942e-06
-2.10857e-06
-2.04975e-06
-2.08363e-06
-2.10825e-06
-2.05667e-06
-2.08695e-06
-2.03737e-06
-2.0596e-06
-2.01021e-06
-2.01021e-06
-2.05263e-06
-2.08045e-06
-2.02119e-06
-2.05191e-06
-2.08308e-06
-2.04245e-06
-2.01798e-06
-1.97079e-06
-1.99653e-06
-2.01541e-06
-1.97339e-06
-1.99762e-06
-1.95822e-06
-1.97555e-06
-1.93441e-06
-1.95073e-06
-1.95073e-06
-1.97164e-06
-1.98539e-06
-1.94882e-06
-1.96504e-06
-1.98196e-06
-1.9536e-06
-1.9375e-06
-1.90635e-06
-1.9207e-06
-1.93128e-06
-1.90359e-06
-1.91729e-06
-1.89006e-06
-1.89961e-06
-1.87072e-06
-1.87972e-06
-1.89184e-06
-1.89184e-06
-1.90353e-06
-1.91096e-06
-1.88488e-06
-1.89432e-06
-1.90436e-06
-1.8837e-06
-1.87165e-06
-1.84865e-06
-1.85725e-06
-1.86347e-06
-1.8423e-06
-1.8506e-06
-1.83001e-06
-1.83555e-06
-1.81353e-06
-1.81878e-06
-1.82627e-06
-1.82627e-06
-1.83347e-06
-1.83782e-06
-1.8177e-06
-1.82373e-06
-1.83021e-06
-1.81416e-06
-1.80458e-06
-1.78649e-06
-1.79205e-06
-1.79599e-06
-1.77879e-06
-1.78416e-06
-1.76772e-06
-1.77225e-06
-1.75457e-06
-1.75728e-06
-1.76226e-06
-1.76226e-06
-1.76694e-06
-1.76957e-06
-1.75329e-06
-1.75734e-06
-1.76175e-06
-1.74967e-06
-1.74176e-06
-1.72691e-06
-1.73068e-06
-1.73327e-06
-1.71842e-06
-1.72228e-06
-1.70866e-06
-1.71234e-06
-1.69763e-06
-1.69961e-06
-1.70303e-06
-1.70303e-06
-1.7061e-06
-1.70766e-06
-1.69403e-06
-1.69681e-06
-1.69986e-06
-1.68972e-06
-1.68299e-06
-1.67045e-06
-1.67305e-06
-1.66154e-06
-1.64915e-06
-1.65192e-06
-1.64049e-06
-1.64271e-06
-1.63034e-06
-1.63151e-06
-1.63401e-06
-1.63401e-06
-1.6362e-06
-1.63721e-06
-1.6257e-06
-1.62778e-06
-1.63007e-06
-1.62151e-06
-1.61582e-06
-1.60516e-06
-1.60711e-06
-1.59774e-06
-1.58725e-06
-1.58931e-06
-1.57952e-06
-1.58152e-06
-1.57088e-06
-1.5717e-06
-1.57357e-06
-1.57433e-06
-1.57433e-06
-1.57582e-06
-1.57638e-06
-1.56649e-06
-1.568e-06
-1.56967e-06
-1.56197e-06
-1.55706e-06
-1.54785e-06
-1.54927e-06
-1.54117e-06
-1.53239e-06
-1.53388e-06
-1.52536e-06
-1.52682e-06
-1.51755e-06
-1.51802e-06
-1.5194e-06
-1.51983e-06
-1.51983e-06
-1.52082e-06
-1.52107e-06
-1.51243e-06
-1.51352e-06
-1.51474e-06
-1.50802e-06
-1.50371e-06
-1.49563e-06
-1.49666e-06
-1.48945e-06
-1.48173e-06
-1.48284e-06
-1.47533e-06
-1.47639e-06
-1.46821e-06
-1.46843e-06
-1.46943e-06
-1.46961e-06
-1.46961e-06
-1.47024e-06
-1.47027e-06
-1.46262e-06
-1.46341e-06
-1.4643e-06
-1.45835e-06
-1.45452e-06
-1.44734e-06
-1.44166e-06
-1.43531e-06
-1.4284e-06
-1.42922e-06
-1.42259e-06
-1.42337e-06
-1.41613e-06
-1.4162e-06
-1.41696e-06
-1.417e-06
-1.417e-06
-1.41742e-06
-1.41734e-06
-1.41057e-06
-1.41117e-06
-1.41186e-06
-1.40687e-06
-1.40349e-06
-1.39711e-06
-1.39206e-06
-1.38642e-06
-1.38023e-06
-1.38088e-06
-1.37495e-06
-1.37556e-06
-1.36908e-06
-1.36908e-06
-1.36967e-06
-1.36962e-06
-1.36962e-06
-1.36986e-06
-1.3697e-06
-1.36363e-06
-1.36409e-06
-1.36462e-06
-1.36039e-06
-1.35737e-06
-1.35164e-06
-1.34712e-06
-1.34205e-06
-1.33653e-06
-1.337e-06
-1.33166e-06
-1.33211e-06
-1.32626e-06
-1.32617e-06
-1.32662e-06
-1.32649e-06
-1.32649e-06
-1.3266e-06
-1.32637e-06
-1.32088e-06
-1.32123e-06
-1.32162e-06
-1.31781e-06
-1.31508e-06
-1.30989e-06
-1.30581e-06
-1.30117e-06
-1.29589e-06
-1.29624e-06
-1.2914e-06
-1.29173e-06
-1.28642e-06
-1.28627e-06
-1.2866e-06
-1.2864e-06
-1.2864e-06
-1.2864e-06
-1.28612e-06
-1.28113e-06
-1.28138e-06
-1.28166e-06
-1.27764e-06
-1.27517e-06
-1.27045e-06
-1.26673e-06
-1.26232e-06
-1.25768e-06
-1.25794e-06
-1.25352e-06
-1.25375e-06
-1.24889e-06
-1.2487e-06
-1.24894e-06
-1.2487e-06
-1.2487e-06
-1.24861e-06
-1.24829e-06
-1.24372e-06
-1.24389e-06
-1.24408e-06
-1.24041e-06
-1.23815e-06
-1.23383e-06
-1.23042e-06
-1.22637e-06
-1.22208e-06
-1.22225e-06
-1.21819e-06
-1.21834e-06
-1.21388e-06
-1.21365e-06
-1.21381e-06
-1.21354e-06
-1.21354e-06
-1.21338e-06
-1.21303e-06
-1.20883e-06
-1.20893e-06
-1.20905e-06
-1.20567e-06
-1.2036e-06
-1.19962e-06
-1.19648e-06
-1.19276e-06
-1.18882e-06
-1.18893e-06
-1.18519e-06
-1.18527e-06
-1.18115e-06
-1.1809e-06
-1.181e-06
-1.18069e-06
-1.18069e-06
-1.18048e-06
-1.1801e-06
-1.17622e-06
-1.17626e-06
-1.17632e-06
-1.17349e-06
-1.17157e-06
-1.16789e-06
-1.16499e-06
-1.16154e-06
-1.15787e-06
-1.15792e-06
-1.15445e-06
-1.15448e-06
-1.15065e-06
-1.15036e-06
-1.1504e-06
-1.15008e-06
-1.15008e-06
-1.14982e-06
-1.14942e-06
-1.14582e-06
-1.14582e-06
-1.14583e-06
-1.14319e-06
-1.14142e-06
-1.138e-06
-1.13531e-06
-1.1321e-06
-1.12872e-06
-1.12872e-06
-1.12549e-06
-1.12547e-06
-1.12191e-06
-1.1216e-06
-1.1216e-06
-1.12126e-06
-1.12126e-06
-1.12097e-06
-1.12055e-06
-1.1172e-06
-1.11716e-06
-1.11712e-06
-1.1146e-06
-1.11295e-06
-1.10976e-06
-1.10725e-06
-1.10426e-06
-1.10096e-06
-1.10093e-06
-1.09791e-06
-1.09773e-06
-1.0944e-06
-1.09409e-06
-1.09405e-06
-1.0937e-06
-1.0937e-06
-1.09338e-06
-1.09295e-06
-1.08982e-06
-1.08975e-06
-1.08968e-06
-1.08736e-06
-1.08583e-06
-1.08284e-06
-1.0805e-06
-1.07771e-06
-1.07472e-06
-1.07465e-06
-1.07183e-06
-1.07163e-06
-1.06851e-06
-1.06819e-06
-1.06812e-06
-1.06776e-06
-1.06776e-06
-1.06741e-06
-1.06698e-06
-1.06404e-06
-1.06395e-06
-1.06385e-06
-1.06167e-06
-1.06023e-06
-1.05743e-06
-1.055e-06
-1.05239e-06
-1.04959e-06
-1.04949e-06
-1.04684e-06
-1.04649e-06
-1.04356e-06
-1.04324e-06
-1.04312e-06
-1.04276e-06
-1.04276e-06
-1.0424e-06
-1.04197e-06
-1.03921e-06
-1.03909e-06
-1.03897e-06
-1.03692e-06
-1.03557e-06
-1.03294e-06
-1.03066e-06
-1.02825e-06
-1.02561e-06
-1.02549e-06
-1.023e-06
-1.02265e-06
-1.01989e-06
-1.01956e-06
-1.01943e-06
-1.01906e-06
-1.01906e-06
-1.01869e-06
-1.01826e-06
-1.01566e-06
-1.01553e-06
-1.01538e-06
-1.01346e-06
-1.01219e-06
-1.00971e-06
-1.00757e-06
-1.00521e-06
-1.00272e-06
-1.0026e-06
-1.00025e-06
-9.99891e-07
-9.97294e-07
-9.9697e-07
-9.96814e-07
-9.96448e-07
-9.96448e-07
-9.96061e-07
-9.95632e-07
-9.93181e-07
-9.93034e-07
-9.92876e-07
-9.91059e-07
-9.89864e-07
-9.87525e-07
-9.85503e-07
-9.83536e-07
-9.8123e-07
-9.81087e-07
-9.78869e-07
-9.78508e-07
-9.76051e-07
-9.7573e-07
-9.75561e-07
-9.75195e-07
-9.75195e-07
-9.74802e-07
-9.74374e-07
-9.72055e-07
-9.71897e-07
-9.71725e-07
-9.69966e-07
-9.68837e-07
-9.66623e-07
-9.6471e-07
-9.62849e-07
-9.60643e-07
-9.60483e-07
-9.58383e-07
-9.58139e-07
-9.5581e-07
-9.55484e-07
-9.55303e-07
-9.54938e-07
