8.78205e-08
8.78189e-08
8.78171e-08
8.78154e-08
8.78138e-08
8.78101e-08
8.78101e-08
8.78085e-08
8.78068e-08
8.78052e-08
8.78036e-08
8.77998e-08
8.77998e-08
8.77982e-08
8.77966e-08
8.77949e-08
8.77934e-08
8.77896e-08
8.77896e-08
8.7788e-08
8.77864e-08
8.77848e-08
8.77832e-08
8.77796e-08
8.77796e-08
8.7778e-08
8.77764e-08
8.77748e-08
8.77733e-08
8.77696e-08
8.77681e-08
8.77681e-08
8.77666e-08
8.7765e-08
8.77634e-08
8.77619e-08
8.77582e-08
8.77567e-08
8.77567e-08
8.77551e-08
8.77536e-08
8.77521e-08
8.77506e-08
8.77468e-08
8.77453e-08
8.77453e-08
8.77438e-08
8.77422e-08
8.77407e-08
8.77392e-08
8.77354e-08
8.77339e-08
8.77339e-08
8.77325e-08
8.77309e-08
8.77294e-08
8.7728e-08
8.77241e-08
8.77227e-08
1.7385e-07
1.73844e-07
1.73837e-07
1.73831e-07
1.73825e-07
1.7381e-07
1.73804e-07
3.01046e-07
3.01028e-07
3.01009e-07
3.00991e-07
3.00973e-07
3.00928e-07
3.0091e-07
6.17893e-07
6.17814e-07
6.17732e-07
6.17652e-07
6.17577e-07
6.17383e-07
6.17306e-07
1.82398e-06
1.82327e-06
1.82257e-06
1.8219e-06
1.8213e-06
1.81948e-06
1.81883e-06
2.33874e-06
3.35212e-06
3.35136e-06
3.78489e-06
3.78388e-06
3.78056e-06
4.77281e-06
4.77117e-06
4.76579e-06
4.76101e-06
4.75681e-06
5.16392e-06
5.16139e-06
5.15607e-06
5.15111e-06
5.14664e-06
5.14226e-06
5.13422e-06
6.12125e-06
6.11756e-06
6.10963e-06
6.10264e-06
6.09572e-06
6.08953e-06
6.89132e-06
6.88647e-06
6.87716e-06
6.86897e-06
6.86064e-06
6.85309e-06
7.51008e-06
7.50366e-06
7.49319e-06
7.48406e-06
7.47454e-06
7.46581e-06
7.45708e-06
8.70393e-06
8.69493e-06
8.68131e-06
8.66905e-06
8.65633e-06
8.64467e-06
8.63307e-06
9.62793e-06
9.61586e-06
9.59986e-06
9.58426e-06
9.56887e-06
9.5538e-06
1.1099e-05
1.10836e-05
1.10614e-05
1.10403e-05
1.10194e-05
1.09998e-05
1.09807e-05
1.21858e-05
1.21644e-05
1.21377e-05
1.21126e-05
1.20875e-05
1.20636e-05
1.20406e-05
1.237e-05
1.2345e-05
1.23186e-05
1.22938e-05
1.22687e-05
1.22442e-05
1.22207e-05
1.22022e-05
1.30555e-05
1.30291e-05
1.29997e-05
1.29707e-05
1.29418e-05
1.29123e-05
1.28855e-05
1.28648e-05
1.42161e-05
1.41866e-05
1.41468e-05
1.41116e-05
1.40759e-05
1.40421e-05
1.40095e-05
1.39852e-05
1.48655e-05
1.48316e-05
1.47891e-05
1.47497e-05
1.47099e-05
1.46722e-05
1.46355e-05
1.4609e-05
1.64329e-05
1.63937e-05
1.63372e-05
1.62865e-05
1.62358e-05
1.61872e-05
1.61415e-05
1.61086e-05
1.77302e-05
1.76829e-05
1.76164e-05
1.75553e-05
1.74949e-05
1.74369e-05
1.73824e-05
1.73435e-05
1.73295e-05
1.83224e-05
1.82699e-05
1.8198e-05
1.81298e-05
1.80639e-05
1.79985e-05
1.79387e-05
1.78973e-05
1.78822e-05
1.86426e-05
1.85868e-05
1.85113e-05
1.84403e-05
1.83719e-05
1.83034e-05
1.82407e-05
1.81967e-05
1.89055e-05
1.88444e-05
1.87659e-05
1.86928e-05
1.86221e-05
1.85506e-05
1.84854e-05
1.84404e-05
1.93007e-05
1.92351e-05
1.91528e-05
1.90754e-05
1.90004e-05
1.8925e-05
1.88557e-05
1.88058e-05
1.87874e-05
1.97204e-05
1.9652e-05
1.95627e-05
1.94797e-05
1.93949e-05
1.93101e-05
1.92352e-05
1.91835e-05
2.03008e-05
2.02271e-05
2.01303e-05
2.00398e-05
1.99473e-05
1.98547e-05
1.97733e-05
1.9718e-05
2.02621e-05
2.01854e-05
2.00885e-05
1.99982e-05
1.99057e-05
1.98135e-05
1.97319e-05
1.96745e-05
2.05801e-05
2.05001e-05
2.03997e-05
2.03047e-05
2.02071e-05
2.01124e-05
2.00198e-05
1.99598e-05
2.09798e-05
2.08955e-05
2.079e-05
2.06889e-05
2.0585e-05
2.04845e-05
2.03865e-05
2.03237e-05
2.03006e-05
2.13287e-05
2.12426e-05
2.11196e-05
2.10124e-05
2.09027e-05
2.07928e-05
2.06905e-05
2.06237e-05
2.22911e-05
2.21966e-05
2.20553e-05
2.1923e-05
2.18015e-05
2.16812e-05
2.15699e-05
2.14894e-05
2.14606e-05
2.22531e-05
2.21506e-05
2.20125e-05
2.18893e-05
2.1766e-05
2.16414e-05
2.15265e-05
2.14464e-05
2.14177e-05
2.26468e-05
2.25411e-05
2.23921e-05
2.22549e-05
2.21184e-05
2.19876e-05
2.18669e-05
2.17832e-05
2.17527e-05
2.2679e-05
2.25683e-05
2.24165e-05
2.22764e-05
2.21366e-05
2.20022e-05
2.18781e-05
2.1792e-05
2.17604e-05
2.23723e-05
2.22615e-05
2.21107e-05
2.19744e-05
2.18411e-05
2.17103e-05
2.15814e-05
2.14966e-05
2.14642e-05
2.21892e-05
2.20765e-05
2.19274e-05
2.17876e-05
2.1648e-05
2.15141e-05
2.13849e-05
2.12961e-05
2.23633e-05
2.22449e-05
2.20928e-05
2.19478e-05
2.18073e-05
2.16686e-05
2.15349e-05
2.14432e-05
2.1409e-05
2.28291e-05
2.2707e-05
2.25486e-05
2.2389e-05
2.22335e-05
2.20822e-05
2.19371e-05
2.18438e-05
2.18083e-05
2.1658e-05
2.23836e-05
2.2258e-05
2.21077e-05
2.19562e-05
2.18137e-05
2.16735e-05
2.15355e-05
2.1431e-05
2.1394e-05
2.12505e-05
2.22556e-05
2.21257e-05
2.1964e-05
2.18124e-05
2.16696e-05
2.15289e-05
2.13878e-05
2.12836e-05
2.12452e-05
2.11012e-05
2.22188e-05
2.20861e-05
2.19315e-05
2.17764e-05
2.16275e-05
2.14849e-05
2.13463e-05
2.12368e-05
2.1197e-05
2.10506e-05
2.20829e-05
2.19469e-05
2.1779e-05
2.16232e-05
2.14641e-05
2.13113e-05
2.1164e-05
2.10529e-05
2.10114e-05
2.08655e-05
2.2939e-05
2.27954e-05
2.25981e-05
2.24193e-05
2.22387e-05
2.2067e-05
2.19007e-05
2.17724e-05
2.17251e-05
2.1562e-05
2.25721e-05
2.24149e-05
2.22269e-05
2.20542e-05
2.18816e-05
2.17128e-05
2.15467e-05
2.14261e-05
2.13775e-05
2.12163e-05
2.21614e-05
2.20031e-05
2.18191e-05
2.16496e-05
2.14766e-05
2.13058e-05
2.11419e-05
2.10159e-05
2.09669e-05
2.08084e-05
2.2255e-05
2.20954e-05
2.19021e-05
2.17226e-05
2.15452e-05
2.1366e-05
2.11949e-05
2.10656e-05
2.10152e-05
2.08493e-05
2.22169e-05
2.20536e-05
2.18439e-05
2.16597e-05
2.14692e-05
2.12867e-05
2.11111e-05
2.09723e-05
2.09196e-05
2.07505e-05
2.1899e-05
2.1729e-05
2.15242e-05
2.13412e-05
2.11504e-05
2.09686e-05
2.0789e-05
2.06523e-05
2.05995e-05
2.04299e-05
2.18992e-05
2.1729e-05
2.15118e-05
2.132e-05
2.11197e-05
2.09224e-05
2.07382e-05
2.05962e-05
2.05412e-05
2.03665e-05
2.019e-05
2.12529e-05
2.1073e-05
2.08711e-05
2.06704e-05
2.04716e-05
2.02846e-05
2.01086e-05
1.99639e-05
1.99061e-05
1.9741e-05
1.9573e-05
2.21511e-05
2.19629e-05
2.17152e-05
2.14748e-05
2.12444e-05
2.10274e-05
2.08266e-05
2.06572e-05
2.05904e-05
2.14696e-05
2.12769e-05
2.10463e-05
2.08467e-05
2.06231e-05
2.04103e-05
2.02118e-05
2.00536e-05
1.99907e-05
1.9819e-05
2.1019e-05
2.08263e-05
2.05883e-05
2.03895e-05
2.01651e-05
1.99512e-05
1.97026e-05
1.96326e-05
1.94302e-05
2.09743e-05
2.07765e-05
2.0551e-05
2.03633e-05
2.03e-05
2.00841e-05
1.84241e-05
1.834e-05
1.92929e-05
1.91056e-05
1.90424e-05
1.893e-05
1.8871e-05
1.87445e-05
1.79536e-05
1.78869e-05
1.90746e-05
1.89184e-05
1.88664e-05
1.82966e-05
1.82399e-05
1.81956e-05
1.76797e-05
1.76224e-05
1.87761e-05
1.8638e-05
1.85663e-05
1.79985e-05
1.79785e-05
1.7931e-05
1.78792e-05
1.89574e-05
1.88282e-05
1.87402e-05
1.87153e-05
1.86162e-05
1.979e-05
1.96545e-05
1.95458e-05
1.95182e-05
1.94158e-05
2.06144e-05
2.04722e-05
2.03385e-05
2.03206e-05
2.02144e-05
2.01012e-05
2.10382e-05
2.08892e-05
2.07357e-05
2.07306e-05
2.06976e-05
2.06226e-05
2.18915e-05
2.17417e-05
2.15422e-05
2.15366e-05
2.15018e-05
2.14068e-05
2.26061e-05
2.24524e-05
2.22058e-05
2.21989e-05
2.21803e-05
2.19692e-05
2.34858e-05
2.33285e-05
2.30082e-05
2.2996e-05
2.29618e-05
2.26843e-05
2.36817e-05
2.35104e-05
2.3154e-05
2.3151e-05
2.31324e-05
2.26567e-05
2.31474e-05
2.29545e-05
2.26174e-05
2.26156e-05
2.26113e-05
2.21411e-05
2.30724e-05
2.28717e-05
2.2491e-05
2.24892e-05
2.24883e-05
2.19862e-05
2.30364e-05
2.28322e-05
2.23962e-05
2.23908e-05
2.23907e-05
2.15523e-05
2.24644e-05
2.22454e-05
2.1801e-05
2.17974e-05
2.17916e-05
2.07066e-05
2.06858e-05
2.17925e-05
2.15649e-05
2.11099e-05
2.11055e-05
2.11028e-05
1.9851e-05
1.98402e-05
2.05689e-05
2.03327e-05
1.98893e-05
1.98821e-05
1.98818e-05
1.98672e-05
1.78395e-05
1.85909e-05
1.83699e-05
1.80069e-05
1.79978e-05
1.7997e-05
1.79809e-05
1.58597e-05
1.66454e-05
1.64506e-05
1.61616e-05
1.61535e-05
1.61527e-05
1.61437e-05
1.34623e-05
1.33157e-05
1.44028e-05
1.4238e-05
1.40344e-05
1.40236e-05
1.40191e-05
1.40153e-05
1.21341e-05
1.20267e-05
1.29741e-05
1.15948e-05
1.15379e-05
1.14959e-05
1.1465e-05
1.14616e-05
1.04036e-05
1.037e-05
1.1201e-05
1.05924e-05
1.0562e-05
1.05184e-05
1.04884e-05
1.04789e-05
9.69381e-06
9.67253e-06
1.06803e-05
9.84982e-06
9.83056e-06
9.77782e-06
9.74609e-06
9.73461e-06
9.07755e-06
8.99063e-06
