5.1339e-07
5.10097e-07
5.06847e-07
5.0364e-07
5.00472e-07
4.97344e-07
4.94255e-07
4.91204e-07
6.86446e-07
6.80528e-07
6.74718e-07
6.69007e-07
6.63394e-07
6.57875e-07
6.52444e-07
6.47104e-07
6.41852e-07
1.5318e-06
1.50259e-06
1.47452e-06
1.44748e-06
1.42141e-06
1.39626e-06
1.372e-06
1.34856e-06
7.83928e-06
7.13361e-06
6.54464e-06
1.35118e-05
1.15385e-05
1.00704e-05
8.93376e-06
8.02779e-06
7.28816e-06
7.97805e-06
7.23885e-06
6.62727e-06
6.10981e-06
5.66726e-06
5.28652e-06
1.2035e-05
1.04343e-05
9.21172e-06
8.24592e-06
7.46482e-06
6.81712e-06
6.2749e-06
7.28624e-06
6.66738e-06
6.14636e-06
5.70177e-06
5.31496e-06
4.979e-06
4.68313e-06
4.41929e-06
4.18359e-06
6.09447e-06
5.65332e-06
5.27258e-06
4.93862e-06
4.64428e-06
4.38486e-06
4.15174e-06
7.723e-06
7.02133e-06
6.4387e-06
5.94418e-06
5.52227e-06
5.1543e-06
4.83378e-06
4.54921e-06
4.89573e-06
4.60125e-06
4.33969e-06
4.10609e-06
3.89782e-06
3.70979e-06
3.53974e-06
3.38296e-06
3.99061e-06
3.79203e-06
3.61212e-06
3.44807e-06
3.29948e-06
3.16368e-06
3.03738e-06
2.92175e-06
4.02826e-06
3.82581e-06
3.6433e-06
3.47826e-06
3.32765e-06
3.18925e-06
3.06083e-06
2.94211e-06
2.83268e-06
3.6551e-06
3.48755e-06
3.33516e-06
3.19496e-06
3.06546e-06
2.94639e-06
2.83718e-06
2.73608e-06
4.1801e-06
3.96406e-06
3.76978e-06
3.59249e-06
3.43253e-06
3.28474e-06
3.14954e-06
3.02654e-06
2.91257e-06
3.1138e-06
2.99162e-06
2.87956e-06
2.77521e-06
2.67828e-06
2.58673e-06
2.50097e-06
2.42263e-06
6.42472e-06
5.93481e-06
5.51656e-06
5.15295e-06
4.83582e-06
4.55184e-06
4.29961e-06
4.0763e-06
4.68105e-06
4.41341e-06
4.17638e-06
3.963e-06
3.77162e-06
3.59443e-06
3.43304e-06
3.28805e-06
3.15292e-06
4.28013e-06
4.05622e-06
3.85598e-06
3.6712e-06
3.5034e-06
3.3535e-06
3.21536e-06
3.56669e-06
3.4087e-06
3.26532e-06
3.1304e-06
3.00609e-06
2.89359e-06
2.79002e-06
5.16676e-06
4.84469e-06
4.5624e-06
4.31049e-06
4.08662e-06
3.88545e-06
3.69859e-06
3.52856e-06
3.90123e-06
3.71405e-06
3.54089e-06
3.3828e-06
3.24142e-06
3.11268e-06
2.99311e-06
5.21919e-06
4.89122e-06
4.59697e-06
4.34257e-06
4.11411e-06
4.19736e-06
3.9804e-06
3.78025e-06
3.60508e-06
3.44595e-06
3.29566e-06
3.16136e-06
3.91634e-06
3.7267e-06
3.55491e-06
3.39863e-06
3.25704e-06
3.12718e-06
3.00248e-06
3.76216e-06
3.58703e-06
3.42761e-06
3.28353e-06
3.14616e-06
3.02356e-06
2.91172e-06
3.25313e-06
3.1213e-06
2.99966e-06
2.88882e-06
2.78629e-06
2.686e-06
2.59626e-06
2.50893e-06
3.54476e-06
3.38976e-06
3.24322e-06
3.11307e-06
2.99326e-06
2.88388e-06
2.77751e-06
2.6835e-06
4.0449e-06
3.84536e-06
3.66635e-06
3.50211e-06
3.34698e-06
3.20996e-06
3.79328e-06
3.61644e-06
3.4573e-06
3.31034e-06
3.17057e-06
3.04217e-06
4.03077e-06
3.83009e-06
3.65074e-06
3.48807e-06
3.33789e-06
3.20246e-06
3.07108e-06
2.95491e-06
3.41323e-06
3.2703e-06
3.13327e-06
3.01225e-06
2.90229e-06
2.8005e-06
2.70449e-06
2.61041e-06
3.35934e-06
3.22128e-06
3.08843e-06
2.97116e-06
2.85794e-06
2.75917e-06
2.66583e-06
5.18473e-06
4.86419e-06
4.57292e-06
4.3219e-06
4.10044e-06
3.90148e-06
3.71962e-06
4.73089e-06
4.46313e-06
4.21557e-06
4.00153e-06
3.81152e-06
3.63811e-06
3.48185e-06
3.32965e-06
4.89491e-06
4.61007e-06
4.34742e-06
4.11285e-06
3.91246e-06
3.72909e-06
3.56513e-06
4.76581e-06
4.49538e-06
4.24489e-06
4.02106e-06
3.82939e-06
3.6561e-06
3.49652e-06
5.47467e-06
5.12057e-06
4.79911e-06
4.52656e-06
4.27384e-06
4.05888e-06
3.86276e-06
6.62455e-06
6.11387e-06
5.66395e-06
5.28679e-06
4.96176e-06
4.6725e-06
4.41937e-06
4.18035e-06
4.56038e-06
4.3139e-06
4.08265e-06
3.87492e-06
3.69807e-06
3.53773e-06
3.38882e-06
4.7623e-06
4.49287e-06
4.24176e-06
4.01724e-06
3.82679e-06
3.65208e-06
3.49572e-06
3.66092e-06
3.50002e-06
3.34386e-06
3.21139e-06
3.07849e-06
2.96653e-06
2.86072e-06
2.76255e-06
3.23893e-06
3.11345e-06
2.98915e-06
2.88384e-06
2.77805e-06
2.68761e-06
2.60219e-06
4.92678e-06
4.64121e-06
4.37503e-06
4.1517e-06
3.94938e-06
3.76527e-06
3.6018e-06
3.45288e-06
3.30535e-06
3.75605e-06
3.58913e-06
3.42593e-06
3.2889e-06
3.15286e-06
3.03747e-06
2.93097e-06
2.82009e-06
2.72612e-06
2.63018e-06
2.84588e-06
2.74963e-06
2.65193e-06
2.56745e-06
2.49082e-06
2.41906e-06
2.34234e-06
2.27019e-06
2.20893e-06
2.46821e-06
2.39576e-06
2.3208e-06
2.25597e-06
2.18865e-06
2.12536e-06
2.07285e-06
2.02317e-06
1.97446e-06
3.18079e-06
3.06054e-06
2.94086e-06
2.83713e-06
2.741e-06
2.65286e-06
2.57171e-06
2.48799e-06
2.40761e-06
4.74893e-06
4.48549e-06
4.23805e-06
4.02655e-06
3.83979e-06
3.67079e-06
3.51383e-06
3.36028e-06
4.63771e-06
4.38671e-06
4.14895e-06
3.94637e-06
3.7528e-06
3.59075e-06
3.43997e-06
3.30524e-06
3.1803e-06
3.06475e-06
4.21074e-06
4.00551e-06
3.80628e-06
3.6369e-06
3.48651e-06
3.33426e-06
3.20854e-06
3.08949e-06
2.97954e-06
3.45209e-06
3.31428e-06
3.17558e-06
3.05757e-06
2.95182e-06
2.8509e-06
2.75703e-06
2.67253e-06
2.59248e-06
2.51872e-06
2.4366e-06
3.84958e-06
3.67948e-06
3.51059e-06
3.37059e-06
3.24295e-06
3.12188e-06
3.01027e-06
2.91016e-06
4.0909e-06
3.89782e-06
3.70738e-06
3.55047e-06
3.4082e-06
3.27811e-06
3.15793e-06
3.03071e-06
2.92724e-06
2.83087e-06
2.73989e-06
3.39433e-06
3.26179e-06
3.12598e-06
3.01505e-06
2.91319e-06
2.8167e-06
2.72851e-06
2.6314e-06
2.55538e-06
2.48417e-06
2.73904e-06
2.65321e-06
2.56136e-06
2.4875e-06
2.41577e-06
2.34852e-06
2.28824e-06
2.22988e-06
2.16318e-06
2.11132e-06
3.48516e-06
3.34647e-06
3.2046e-06
3.08884e-06
2.98103e-06
2.87929e-06
2.7849e-06
2.69858e-06
2.61967e-06
2.54591e-06
2.47315e-06
2.39357e-06
2.3193e-06
2.6917e-06
2.61126e-06
2.52479e-06
2.45501e-06
2.38875e-06
2.32496e-06
2.26755e-06
2.21052e-06
2.15864e-06
2.1084e-06
2.53529e-06
2.46426e-06
2.38664e-06
2.32464e-06
2.26548e-06
2.20825e-06
2.15679e-06
2.10633e-06
2.05951e-06
2.01561e-06
1.8654e-06
1.82123e-06
1.94813e-06
1.89888e-06
1.85299e-06
1.8086e-06
1.7664e-06
1.72619e-06
1.68783e-06
1.65121e-06
1.61625e-06
1.58276e-06
2.45115e-06
2.37452e-06
2.30346e-06
2.23605e-06
2.17264e-06
2.11281e-06
2.05639e-06
2.00299e-06
1.95249e-06
1.90455e-06
1.85898e-06
2.43164e-06
2.35675e-06
2.2867e-06
2.22079e-06
2.15873e-06
2.10013e-06
2.04489e-06
1.99272e-06
1.94306e-06
1.89594e-06
4.31863e-06
4.09065e-06
3.88555e-06
3.70137e-06
3.53435e-06
3.38223e-06
3.24319e-06
3.11594e-06
2.99886e-06
2.8901e-06
2.78911e-06
4.69051e-06
4.42517e-06
4.18609e-06
3.97525e-06
3.78094e-06
3.6087e-06
3.45184e-06
3.30834e-06
3.1748e-06
3.05422e-06
2.94361e-06
4.50741e-06
4.26462e-06
4.04273e-06
3.84813e-06
3.67102e-06
3.51189e-06
3.36686e-06
3.22776e-06
3.10446e-06
2.98764e-06
2.88273e-06
2.78589e-06
3.4722e-06
3.32888e-06
3.19198e-06
3.07171e-06
2.96041e-06
2.8583e-06
2.75707e-06
2.66906e-06
2.58571e-06
2.50451e-06
2.43124e-06
2.3632e-06
4.43265e-06
4.20206e-06
3.98682e-06
3.80134e-06
3.634e-06
3.47943e-06
3.33909e-06
3.20234e-06
3.07885e-06
2.97097e-06
2.87007e-06
2.77535e-06
3.98654e-06
3.80104e-06
3.62343e-06
3.47141e-06
3.33214e-06
3.19764e-06
3.07125e-06
2.96412e-06
2.86502e-06
2.77071e-06
2.68385e-06
3.79027e-06
3.62462e-06
3.46306e-06
3.32604e-06
3.20025e-06
3.08411e-06
2.96658e-06
2.86652e-06
2.76776e-06
2.68319e-06
2.60182e-06
3.26636e-06
3.14344e-06
3.0198e-06
2.91598e-06
2.81972e-06
2.72273e-06
2.62947e-06
2.55142e-06
2.47784e-06
2.39993e-06
2.33703e-06
2.27736e-06
2.21942e-06
3.15304e-06
3.0406e-06
2.9256e-06
2.82997e-06
2.73902e-06
2.64518e-06
2.56684e-06
2.49411e-06
2.41926e-06
2.35685e-06
2.29805e-06
2.24114e-06
2.93702e-06
2.84071e-06
2.7397e-06
2.65702e-06
2.57769e-06
2.494e-06
2.42613e-06
2.3551e-06
2.29643e-06
2.24035e-06
2.18822e-06
2.12808e-06
2.07963e-06
2.03545e-06
3.59453e-06
3.45042e-06
3.30338e-06
3.18316e-06
3.06968e-06
2.95251e-06
2.85749e-06
2.75973e-06
2.67574e-06
2.59792e-06
2.52602e-06
2.46022e-06
2.3984e-06
2.3392e-06
4.62203e-06
4.38516e-06
4.15144e-06
3.96233e-06
3.78765e-06
3.63269e-06
3.49336e-06
3.36395e-06
3.23035e-06
3.12269e-06
3.02176e-06
2.9254e-06
3.64624e-06
3.5034e-06
3.35197e-06
3.23285e-06
3.11953e-06
3.01573e-06
2.90797e-06
2.81764e-06
2.73779e-06
2.64456e-06
2.57269e-06
2.50547e-06
2.70995e-06
2.6331e-06
2.54539e-06
2.47871e-06
2.41332e-06
2.35259e-06
2.29649e-06
2.23334e-06
2.1697e-06
2.10834e-06
2.06357e-06
2.0196e-06
2.7065e-06
2.6293e-06
2.54178e-06
2.4594e-06
2.39497e-06
2.33438e-06
2.2784e-06
2.21618e-06
2.16812e-06
2.12149e-06
2.07853e-06
2.03569e-06
1.98171e-06
4.03098e-06
3.85508e-06
3.67207e-06
3.52717e-06
3.39314e-06
3.27019e-06
3.14327e-06
3.03907e-06
2.94157e-06
2.85615e-06
2.77657e-06
2.69985e-06
2.6275e-06
2.98488e-06
2.89368e-06
2.78808e-06
2.70891e-06
2.63335e-06
2.56272e-06
2.48442e-06
2.42236e-06
2.36522e-06
2.29893e-06
2.23134e-06
2.18347e-06
2.13609e-06
2.09488e-06
3.22902e-06
3.12157e-06
2.99954e-06
2.90737e-06
2.82001e-06
2.73872e-06
2.64966e-06
2.56646e-06
2.48297e-06
2.42233e-06
2.36314e-06
2.30718e-06
2.25618e-06
2.20663e-06
3.60307e-06
3.46791e-06
3.31833e-06
3.20447e-06
3.10328e-06
3.0044e-06
2.9178e-06
2.83402e-06
2.754e-06
2.66473e-06
2.59684e-06
2.51136e-06
2.45092e-06
4.15084e-06
3.97202e-06
3.77808e-06
3.63092e-06
3.50115e-06
3.37606e-06
3.26691e-06
3.1623e-06
3.0452e-06
2.95612e-06
2.87285e-06
2.79182e-06
2.69397e-06
2.62428e-06
4.58617e-06
4.36824e-06
4.13468e-06
3.95872e-06
3.80327e-06
3.65628e-06
3.52857e-06
3.40814e-06
3.29367e-06
3.19059e-06
3.09857e-06
2.97848e-06
4.12371e-06
3.95189e-06
3.75793e-06
3.61613e-06
3.49205e-06
3.37098e-06
3.26275e-06
3.13765e-06
3.01308e-06
2.92606e-06
2.84352e-06
2.76882e-06
2.69687e-06
2.17067e-05
1.72506e-05
1.41879e-05
1.2042e-05
1.05735e-05
9.34291e-06
9.45209e-06
8.53553e-06
7.71753e-06
7.10274e-06
6.59936e-06
6.15634e-06
9.9811e-06
8.9812e-06
8.08077e-06
7.41876e-06
6.8148e-06
6.35753e-06
5.95795e-06
5.61488e-06
5.31324e-06
5.05484e-06
4.81909e-06
1.13662e-05
1.01004e-05
8.97766e-06
8.18934e-06
7.46297e-06
6.91412e-06
6.45398e-06
6.06546e-06
5.72559e-06
5.41531e-06
5.14723e-06
4.90541e-06
1.79946e-05
1.49354e-05
1.26017e-05
1.1059e-05
9.86932e-06
8.9529e-06
8.20722e-06
7.57004e-06
7.04837e-06
6.59757e-06
9.74947e-06
8.85978e-06
7.98595e-06
7.39324e-06
6.89085e-06
6.45572e-06
6.08084e-06
5.74998e-06
5.47249e-06
5.22678e-06
4.93306e-06
1.30741e-05
1.1456e-05
1.00358e-05
8.96727e-06
8.20036e-06
7.56497e-06
7.03989e-06
6.58196e-06
6.18668e-06
5.85601e-06
5.55654e-06
2.7934e-05
2.0741e-05
1.67473e-05
1.41252e-05
1.20808e-05
1.07268e-05
9.65481e-06
8.82426e-06
8.13907e-06
3.02796e-05
2.20122e-05
1.75794e-05
1.47515e-05
1.27788e-05
1.13483e-05
1.02382e-05
9.33348e-06
4.34011e-05
2.82122e-05
2.13957e-05
1.74208e-05
1.47288e-05
1.2842e-05
1.14407e-05
1.03755e-05
9.5008e-06
6.07838e-05
3.46857e-05
2.49024e-05
1.97347e-05
1.64399e-05
1.3653e-05
2.64724e-05
2.00247e-05
1.64409e-05
1.40352e-05
1.23074e-05
1.07479e-05
9.54012e-06
3.91887e-05
2.64757e-05
2.04238e-05
1.71988e-05
1.42943e-05
1.25401e-05
1.12325e-05
1.01963e-05
9.35399e-06
4.36015e-05
2.85378e-05
2.18199e-05
1.79049e-05
1.48185e-05
1.26386e-05
5.0838e-05
3.14148e-05
2.3402e-05
1.89593e-05
1.55694e-05
1.36324e-05
1.21736e-05
1.07331e-05
9.57599e-06
8.65091e-06
3.97028e-05
2.68775e-05
2.09425e-05
1.73942e-05
1.45379e-05
1.25129e-05
1.13493e-05
1.04231e-05
9.71314e-06
3.47624e-05
2.46312e-05
1.96958e-05
1.65857e-05
1.40015e-05
1.25254e-05
1.13927e-05
1.04536e-05
9.75854e-06
4.22594e-05
2.81622e-05
2.186e-05
1.81935e-05
1.57384e-05
1.39943e-05
1.25961e-05
1.15188e-05
1.06528e-05
9.94417e-06
4.5423e-05
2.96472e-05
2.28936e-05
1.82542e-05
1.57754e-05
1.40667e-05
1.27953e-05
1.18077e-05
1.06252e-05
9.66686e-06
4.1064e-05
2.88639e-05
2.2725e-05
1.82548e-05
1.59139e-05
1.42724e-05
1.25013e-05
1.1554e-05
1.03627e-05
9.72557e-06
3.50051e-05
2.59571e-05
2.09995e-05
1.7884e-05
1.58012e-05
1.42506e-05
1.30692e-05
1.21136e-05
1.13488e-05
1.0711e-05
4.19526e-05
2.97665e-05
2.35956e-05
1.9827e-05
1.7315e-05
1.54523e-05
1.41461e-05
1.30995e-05
1.21507e-05
1.13735e-05
1.0713e-05
3.94495e-05
2.88722e-05
2.33154e-05
1.98302e-05
1.74854e-05
1.57396e-05
1.45069e-05
1.351e-05
1.25939e-05
1.18248e-05
1.1178e-05
4.5116e-05
3.18583e-05
2.53531e-05
2.14106e-05
1.8954e-05
1.71645e-05
1.58156e-05
1.4686e-05
1.37783e-05
3.97306e-05
2.97976e-05
2.47122e-05
2.14911e-05
1.92789e-05
1.76346e-05
1.63679e-05
1.52872e-05
1.43991e-05
4.42546e-05
3.23743e-05
2.65881e-05
2.30659e-05
2.06492e-05
1.88938e-05
1.75335e-05
1.64894e-05
1.55813e-05
1.47962e-05
5.29685e-05
3.67462e-05
2.92747e-05
2.49526e-05
2.20882e-05
2.01034e-05
4.05594e-05
2.885e-05
5.5878e-05
3.50763e-05
2.74763e-05
5.81256e-05
3.58854e-05
2.80649e-05
2.40598e-05
2.1143e-05
1.8238e-05
1.69927e-05
1.5768e-05
1.46551e-05
4.36858e-05
3.03798e-05
2.5e-05
2.1618e-05
1.84923e-05
1.71181e-05
1.58618e-05
1.4742e-05
1.26232e-05
1.1486e-05
4.12338e-05
2.89315e-05
2.37912e-05
2.05827e-05
1.77271e-05
1.62156e-05
1.48893e-05
1.41184e-05
1.2026e-05
4.29372e-05
2.96648e-05
2.42572e-05
2.0925e-05
1.80126e-05
1.64684e-05
1.51271e-05
1.27843e-05
1.11472e-05
1.05355e-05
9.87163e-06
8.93055e-06
3.67646e-05
2.65078e-05
2.20284e-05
1.92374e-05
1.67529e-05
1.53876e-05
1.42066e-05
1.21561e-05
1.06961e-05
1.0136e-05
9.55707e-06
8.69366e-06
8.40637e-06
3.59361e-05
2.44036e-05
1.93284e-05
1.66272e-05
1.45267e-05
1.32693e-05
1.22459e-05
1.07153e-05
9.57945e-06
8.42729e-06
7.33298e-06
6.68084e-06
6.14188e-06
5.60914e-06
3.46438e-05
2.42514e-05
1.8749e-05
1.53989e-05
1.30905e-05
1.14653e-05
1.02231e-05
9.11998e-06
8.24736e-06
7.52799e-06
6.88211e-06
6.34082e-06
3.83062e-05
2.59547e-05
1.9748e-05
1.60239e-05
1.35965e-05
1.1854e-05
1.03893e-05
9.26575e-06
8.36235e-06
7.57147e-06
6.92321e-06
6.38029e-06
5.91799e-06
3.33549e-05
2.35955e-05
1.83498e-05
1.50919e-05
1.29219e-05
1.13415e-05
9.99698e-06
8.95555e-06
8.11147e-06
7.3638e-06
6.74621e-06
6.22874e-06
3.36617e-05
2.37406e-05
1.84263e-05
1.50897e-05
1.28728e-05
1.12767e-05
9.94699e-06
8.91483e-06
8.08066e-06
7.34719e-06
6.74011e-06
6.22756e-06
3.60448e-05
2.49114e-05
1.9122e-05
1.55483e-05
1.3204e-05
1.15314e-05
1.0147e-05
9.0774e-06
8.15784e-06
7.4132e-06
6.79664e-06
6.27326e-06
3.26704e-05
2.32562e-05
1.81687e-05
1.50491e-05
1.29154e-05
1.12002e-05
9.88445e-06
8.80328e-06
7.94095e-06
7.23727e-06
3.62649e-05
2.50106e-05
1.92287e-05
1.57776e-05
1.34545e-05
1.16066e-05
1.02012e-05
9.05748e-06
8.14548e-06
7.40478e-06
6.78839e-06
6.26828e-06
3.36884e-05
2.37646e-05
1.84802e-05
1.52659e-05
1.29078e-05
1.11866e-05
9.83183e-06
8.77418e-06
7.92204e-06
7.21927e-06
3.60483e-05
2.49154e-05
1.9158e-05
1.57203e-05
1.32325e-05
1.14311e-05
1.0021e-05
8.92492e-06
8.04743e-06
7.32744e-06
6.72971e-06
2.86955e-05
2.11771e-05
1.68827e-05
1.41621e-05
1.21158e-05
1.05939e-05
9.37476e-06
8.4109e-06
7.62813e-06
6.98185e-06
6.43905e-06
5.97342e-06
3.92773e-05
2.64162e-05
2.0022e-05
1.62891e-05
1.36365e-05
1.17357e-05
1.02571e-05
9.11352e-06
8.20074e-06
7.44318e-06
6.82716e-06
6.30692e-06
3.11552e-05
2.24827e-05
1.77019e-05
1.47372e-05
1.25392e-05
1.09205e-05
9.63169e-06
8.61849e-06
7.79917e-06
7.1244e-06
6.54664e-06
6.06778e-06
5.65581e-06
3.51569e-05
2.44891e-05
1.89146e-05
1.55647e-05
1.31345e-05
1.13708e-05
9.98126e-06
8.89801e-06
8.02779e-06
7.31493e-06
6.707e-06
6.2042e-06
5.77416e-06
5.40058e-06
3.60699e-05
2.49283e-05
1.91781e-05
1.5748e-05
1.32693e-05
1.14763e-05
1.00648e-05
8.96605e-06
8.08438e-06
7.36465e-06
6.76345e-06
3.52633e-05
2.45439e-05
1.89851e-05
1.56474e-05
1.32088e-05
1.14397e-05
1.00397e-05
8.9485e-06
8.07179e-06
7.35564e-06
6.75632e-06
3.52993e-05
2.45648e-05
1.90147e-05
1.56833e-05
1.3242e-05
1.14716e-05
1.00674e-05
8.97302e-06
8.09363e-06
7.37543e-06
6.77629e-06
3.57393e-05
2.47795e-05
1.91571e-05
1.57938e-05
1.33278e-05
1.15428e-05
1.01254e-05
9.02171e-06
8.13524e-06
7.41174e-06
6.80844e-06
3.3206e-05
2.35425e-05
1.84316e-05
1.53154e-05
1.2994e-05
1.12996e-05
9.94171e-06
8.87874e-06
8.0213e-06
7.31922e-06
6.73215e-06
3.31335e-05
2.38204e-05
1.88575e-05
1.54561e-05
1.31134e-05
1.13177e-05
9.95923e-06
8.8921e-06
8.0369e-06
7.33418e-06
3.4241e-05
2.40655e-05
1.87818e-05
1.55849e-05
1.32021e-05
1.14705e-05
1.00809e-05
8.99541e-06
8.12106e-06
7.40634e-06
6.80938e-06
3.35024e-05
2.37055e-05
1.85714e-05
1.54483e-05
1.31102e-05
1.1408e-05
1.00368e-05
8.9638e-06
8.09818e-06
7.38981e-06
6.7976e-06
6.26744e-06
3.36381e-05
2.37749e-05
1.86123e-05
1.54791e-05
1.31366e-05
1.14339e-05
1.00605e-05
8.98585e-06
8.11883e-06
7.40935e-06
6.81622e-06
6.28536e-06
3.35063e-05
2.37155e-05
1.85898e-05
1.54769e-05
1.31428e-05
1.14469e-05
1.00752e-05
9.00146e-06
8.1348e-06
7.42552e-06
6.83244e-06
6.29982e-06
3.36287e-05
2.37838e-05
1.86474e-05
1.55326e-05
1.31917e-05
1.14932e-05
1.01161e-05
9.03833e-06
8.16843e-06
7.45669e-06
6.86162e-06
6.32505e-06
3.0925e-05
2.24131e-05
1.78219e-05
1.49783e-05
1.28004e-05
1.12058e-05
9.89846e-06
8.86891e-06
8.03372e-06
7.34774e-06
6.77232e-06
6.24995e-06
3.37989e-05
2.38832e-05
1.87376e-05
1.56231e-05
1.32729e-05
1.15722e-05
1.01872e-05
9.10345e-06
8.22869e-06
7.5132e-06
6.91508e-06
6.37216e-06
3.62898e-05
2.51034e-05
1.94881e-05
1.61534e-05
1.3662e-05
1.18767e-05
1.04282e-05
9.30033e-06
8.39342e-06
7.65408e-06
7.03764e-06
6.47714e-06
3.27407e-05
2.33742e-05
1.84698e-05
1.54812e-05
1.31937e-05
1.15366e-05
1.0173e-05
9.10349e-06
8.23827e-06
7.52974e-06
6.93671e-06
6.3928e-06
3.46265e-05
2.43232e-05
1.90646e-05
1.56596e-05
1.32104e-05
1.14339e-05
1.00824e-05
9.02529e-06
8.17392e-06
7.42961e-06
3.64753e-05
2.52155e-05
1.95898e-05
1.6017e-05
1.34693e-05
1.16322e-05
1.02407e-05
9.15601e-06
8.28478e-06
7.52256e-06
3.39691e-05
2.44306e-05
1.90941e-05
1.55757e-05
1.3168e-05
1.14116e-05
1.00808e-05
9.03524e-06
8.13623e-06
3.02448e-05
2.2118e-05
1.76033e-05
1.45605e-05
1.24297e-05
1.08506e-05
9.63868e-06
8.67753e-06
7.84715e-06
1.95545e-05
1.58379e-05
1.96526e-05
2.00115e-05
1.60258e-05
1.60258e-05
1.33665e-05
1.33665e-05
1.14679e-05
1.00607e-05
1.00607e-05
8.96449e-06
4.40525e-05
4.54082e-05
4.70793e-05
2.93327e-05
3.03705e-05
2.18614e-05
2.38128e-05
1.82403e-05
1.85427e-05
1.89415e-05
2.05053e-05
1.61831e-05
1.64812e-05
1.35773e-05
1.15382e-05
1.32234e-05
1.12803e-05
1.13713e-05
9.91077e-06
8.78149e-06
9.22841e-06
8.24076e-06
9.68851e-06
8.60901e-06
1.07965e-05
9.47838e-06
1.03151e-05
9.10611e-06
8.15209e-06
1.0332e-05
9.12449e-06
9.20673e-06
8.23333e-06
7.44801e-06
8.94134e-06
8.02335e-06
7.27867e-06
7.52591e-06
6.86474e-06
6.31255e-06
5.84494e-06
6.06294e-06
5.62811e-06
5.25323e-06
6.21729e-06
5.76026e-06
5.36795e-06
5.86507e-06
5.45592e-06
5.1021e-06
5.59827e-06
5.22719e-06
5.94243e-06
5.52617e-06
6.65852e-06
6.13827e-06
5.69613e-06
7.07064e-06
6.49035e-06
7.25774e-06
6.64698e-06
6.13337e-06
8.34021e-06
7.54616e-06
6.89261e-06
9.82521e-06
8.74036e-06
7.87633e-06
7.16794e-06
8.86346e-06
7.97631e-06
7.2508e-06
8.36688e-06
7.56846e-06
6.91351e-06
6.36227e-06
7.08038e-06
6.50346e-06
6.78399e-06
6.24917e-06
5.79434e-06
6.11782e-06
5.68002e-06
6.91401e-06
6.35789e-06
5.88667e-06
6.13225e-06
5.69158e-06
5.82938e-06
5.42895e-06
5.85158e-06
5.44553e-06
5.93309e-06
5.51541e-06
5.15506e-06
6.78601e-06
6.249e-06
6.34701e-06
5.8712e-06
5.46442e-06
6.67531e-06
6.15205e-06
5.70751e-06
7.03517e-06
6.45728e-06
5.96985e-06
6.29695e-06
5.82963e-06
5.42919e-06
6.49668e-06
6.0009e-06
5.57789e-06
8.77304e-06
7.89109e-06
7.17429e-06
7.47367e-06
6.82533e-06
6.28329e-06
7.57677e-06
6.91179e-06
6.35689e-06
6.42734e-06
5.94197e-06
5.52701e-06
6.89874e-06
6.34342e-06
5.8732e-06
7.09029e-06
6.5053e-06
6.01215e-06
6.18566e-06
5.73507e-06
5.34771e-06
5.00861e-06
4.71061e-06
6.73787e-06
6.20937e-06
5.75952e-06
5.37086e-06
6.14394e-06
5.70162e-06
5.31967e-06
4.98656e-06
6.43271e-06
5.95055e-06
5.53688e-06
5.17754e-06
6.9105e-06
6.35833e-06
5.88942e-06
5.48522e-06
7.77396e-06
7.08282e-06
6.50657e-06
6.01715e-06
7.38061e-06
6.75426e-06
6.22807e-06
5.77789e-06
9.3975e-06
8.40722e-06
7.60579e-06
8.54565e-06
7.71827e-06
7.04003e-06
6.47086e-06
9.27487e-06
8.31133e-06
7.52845e-06
8.16188e-06
7.4028e-06
6.7763e-06
6.24676e-06
6.81648e-06
6.27907e-06
5.82294e-06
5.42777e-06
5.08502e-06
5.71485e-06
5.33307e-06
5.00149e-06
4.70955e-06
4.44852e-06
6.21088e-06
5.76332e-06
5.37872e-06
5.04322e-06
4.74546e-06
4.99272e-06
4.70003e-06
4.44208e-06
4.21167e-06
4.00227e-06
4.45872e-06
4.22418e-06
4.01522e-06
3.8244e-06
3.6532e-06
6.07868e-06
5.65074e-06
5.28217e-06
4.95966e-06
4.67222e-06
5.94377e-06
5.53437e-06
5.18083e-06
4.87088e-06
4.59356e-06
5.42157e-06
5.07921e-06
4.78045e-06
4.51589e-06
4.27662e-06
6.12932e-06
5.69517e-06
5.32189e-06
4.99563e-06
4.70434e-06
7.26219e-06
6.66089e-06
6.1557e-06
5.71889e-06
5.34438e-06
6.53603e-06
6.04527e-06
5.62693e-06
5.26013e-06
4.94225e-06
6.00804e-06
5.59125e-06
5.23217e-06
4.91359e-06
4.63566e-06
5.64354e-06
5.2774e-06
4.95277e-06
6.39504e-06
5.92366e-06
5.52116e-06
5.17116e-06
4.85966e-06
7.33308e-06
6.71975e-06
6.20599e-06
5.76206e-06
5.38266e-06
6.79295e-06
6.26412e-06
5.81632e-06
5.42494e-06
5.08773e-06
7.75599e-06
7.0736e-06
6.50702e-06
6.02637e-06
5.60788e-06
6.89788e-06
6.35323e-06
5.89328e-06
5.49198e-06
5.1474e-06
4.84117e-06
6.97802e-06
6.42191e-06
5.95307e-06
5.54431e-06
5.19344e-06
4.88088e-06
5.43866e-06
5.09485e-06
4.7959e-06
4.52703e-06
4.28703e-06
4.0751e-06
4.58564e-06
4.34066e-06
4.12358e-06
3.92443e-06
3.7438e-06
3.58275e-06
5.19193e-06
4.87967e-06
4.60627e-06
4.35991e-06
4.13779e-06
3.93757e-06
4.8986e-06
4.62014e-06
4.37462e-06
4.15489e-06
3.95325e-06
4.79846e-06
4.53086e-06
4.29468e-06
4.07908e-06
3.88527e-06
4.42437e-06
4.19859e-06
3.99183e-06
3.8016e-06
3.6338e-06
4.09811e-06
3.90178e-06
3.72526e-06
3.56507e-06
3.41578e-06
3.27913e-06
3.60072e-06
3.44871e-06
3.31093e-06
3.18316e-06
3.06388e-06
2.95597e-06
4.4877e-06
4.2556e-06
4.04563e-06
3.85724e-06
3.68268e-06
6.02159e-06
5.60433e-06
5.24567e-06
4.92948e-06
4.64694e-06
4.40042e-06
4.86137e-06
4.58687e-06
4.34566e-06
4.12771e-06
3.92856e-06
3.75258e-06
6.71166e-06
6.19737e-06
5.76211e-06
5.38143e-06
5.05351e-06
4.75793e-06
6.25215e-06
5.80408e-06
5.42164e-06
5.08199e-06
4.78947e-06
5.27959e-06
4.95598e-06
4.67495e-06
4.42618e-06
4.19743e-06
4.63832e-06
4.38833e-06
4.16841e-06
3.96523e-06
3.78711e-06
4.98023e-06
4.69271e-06
4.44157e-06
4.21163e-06
4.01048e-06
5.05255e-06
4.75675e-06
4.49885e-06
4.26283e-06
4.05701e-06
4.94122e-06
4.65806e-06
4.4108e-06
4.1908e-06
3.98607e-06
4.23296e-06
4.02398e-06
3.83925e-06
3.6667e-06
3.51496e-06
4.69304e-06
4.43708e-06
4.21281e-06
4.00544e-06
3.82423e-06
6.04709e-06
5.62709e-06
5.26848e-06
4.94742e-06
4.67187e-06
4.75607e-06
4.49372e-06
4.26431e-06
4.0524e-06
3.86765e-06
4.61154e-06
4.36973e-06
4.14665e-06
3.9516e-06
5.24004e-06
4.92194e-06
4.64692e-06
4.39552e-06
4.54551e-06
4.3045e-06
4.09333e-06
3.89718e-06
4.25712e-06
4.04532e-06
3.8586e-06
3.68374e-06
3.53094e-06
3.87079e-06
3.6951e-06
3.53945e-06
3.39206e-06
3.26007e-06
3.6794e-06
3.52073e-06
3.37966e-06
3.24531e-06
3.12741e-06
3.01244e-06
4.62439e-06
4.37587e-06
4.15825e-06
3.95635e-06
3.77339e-06
3.60607e-06
4.14447e-06
3.94438e-06
3.76705e-06
3.60102e-06
3.4492e-06
3.30983e-06
3.92495e-06
3.74558e-06
3.58551e-06
3.43515e-06
3.29713e-06
3.169e-06
4.08136e-06
3.88689e-06
3.71373e-06
3.5521e-06
3.40422e-06
3.26854e-06
3.54244e-06
3.39642e-06
3.26466e-06
3.14005e-06
3.02481e-06
2.91799e-06
3.61683e-06
3.46483e-06
3.32766e-06
3.19835e-06
3.07895e-06
2.96846e-06
4.55225e-06
4.31262e-06
4.10015e-06
3.90469e-06
3.72616e-06
3.56462e-06
5.63028e-06
5.26635e-06
4.95059e-06
4.6673e-06
4.41534e-06
4.18796e-06
4.32301e-06
4.10653e-06
3.91355e-06
3.73522e-06
3.57286e-06
3.79032e-06
3.62336e-06
3.47306e-06
3.3322e-06
3.2027e-06
5.45864e-06
5.11584e-06
4.81763e-06
4.54891e-06
4.30923e-06
4.67084e-06
4.41822e-06
4.1951e-06
3.99028e-06
3.80512e-06
3.63542e-06
4.18865e-06
3.98503e-06
3.80336e-06
3.63467e-06
3.48081e-06
3.33934e-06
4.85661e-06
4.58431e-06
4.3445e-06
4.12536e-06
3.92791e-06
3.74888e-06
4.91606e-06
4.63745e-06
4.39229e-06
4.16856e-06
3.96555e-06
3.78277e-06
5.8625e-06
5.46874e-06
5.12898e-06
4.82541e-06
4.55618e-06
4.94359e-06
4.66147e-06
4.41371e-06
4.18756e-06
3.98383e-06
4.7039e-06
4.45148e-06
4.22106e-06
4.01399e-06
5.8398e-06
5.44806e-06
5.11101e-06
4.80893e-06
4.54077e-06
4.7982e-06
4.5315e-06
4.2974e-06
4.0824e-06
3.88802e-06
3.71044e-06
4.48745e-06
4.25397e-06
4.04759e-06
3.85671e-06
3.68317e-06
3.52388e-06
4.51477e-06
4.27873e-06
4.07008e-06
3.87726e-06
3.70249e-06
3.54151e-06
5.36367e-06
5.03241e-06
4.7445e-06
4.48372e-06
4.25058e-06
4.03932e-06
4.90778e-06
4.62974e-06
4.38579e-06
4.16249e-06
3.96107e-06
4.34681e-06
4.12792e-06
3.93392e-06
3.7537e-06
3.58968e-06
3.4382e-06
6.14544e-06
5.714e-06
5.34489e-06
5.01597e-06
4.72407e-06
4.46678e-06
5.40977e-06
5.07385e-06
4.78214e-06
4.51787e-06
4.28201e-06
4.06834e-06
5.25172e-06
4.93499e-06
4.65906e-06
4.40811e-06
4.18353e-06
3.98163e-06
5.31657e-06
4.99249e-06
4.71049e-06
4.45429e-06
4.22296e-06
4.01715e-06
4.73847e-06
4.48023e-06
4.25296e-06
4.04357e-06
3.85233e-06
3.68091e-06
4.74769e-06
4.4881e-06
4.25987e-06
4.04957e-06
3.85762e-06
3.68545e-06
4.37494e-06
4.15362e-06
3.95784e-06
3.77569e-06
3.6083e-06
3.45705e-06
3.71276e-06
3.55347e-06
3.41068e-06
3.27539e-06
3.14917e-06
3.03403e-06
3.42813e-06
3.29241e-06
3.17012e-06
3.05325e-06
2.94348e-06
2.84326e-06
5.34268e-06
5.01567e-06
4.73166e-06
4.47331e-06
4.24037e-06
4.03319e-06
4.45972e-06
4.23001e-06
4.02738e-06
3.83895e-06
3.66617e-06
3.51051e-06
3.36772e-06
5.61696e-06
5.25605e-06
4.94446e-06
4.66271e-06
4.40985e-06
4.18592e-06
3.98436e-06
4.8049e-06
4.5406e-06
4.30838e-06
4.09425e-06
3.89883e-06
3.724e-06
3.56423e-06
5.75103e-06
5.37485e-06
5.05035e-06
4.75771e-06
4.4956e-06
4.26402e-06
4.05525e-06
5.6602e-06
5.29586e-06
4.9809e-06
4.69627e-06
4.44086e-06
4.2152e-06
5.28718e-06
4.96828e-06
4.69095e-06
4.43784e-06
4.20918e-06
4.0056e-06
4.29729e-06
4.08571e-06
3.89826e-06
3.72276e-06
3.56106e-06
3.41554e-06
4.20209e-06
3.99972e-06
3.82028e-06
3.65166e-06
3.49601e-06
3.35575e-06
3.226e-06
5.25288e-06
4.93813e-06
4.66454e-06
4.41428e-06
4.18801e-06
3.98709e-06
3.80429e-06
5.62127e-06
5.26e-06
4.94883e-06
4.6667e-06
4.41369e-06
4.18964e-06
3.98728e-06
4.71451e-06
4.46108e-06
4.23821e-06
4.03159e-06
3.84263e-06
3.67366e-06
3.51894e-06
5.0924e-06
4.79735e-06
4.5398e-06
4.30318e-06
4.08811e-06
3.89671e-06
4.42012e-06
4.19704e-06
4.00005e-06
3.81574e-06
3.64882e-06
4.53411e-06
4.29925e-06
4.09279e-06
3.89976e-06
3.7256e-06
3.56639e-06
3.7094e-06
3.55218e-06
3.41201e-06
3.27768e-06
3.15448e-06
3.32404e-06
3.19784e-06
3.08488e-06
2.97502e-06
2.87342e-06
4.43676e-06
4.21157e-06
4.01402e-06
3.8281e-06
3.65978e-06
3.87127e-06
3.69959e-06
3.54782e-06
3.4023e-06
3.26917e-06
3.4634e-06
3.326e-06
3.20399e-06
3.08522e-06
2.97605e-06
2.87426e-06
3.58618e-06
3.43891e-06
3.30835e-06
3.18178e-06
3.06531e-06
3.4805e-06
3.34173e-06
3.21872e-06
3.09884e-06
2.98839e-06
5.24755e-06
4.93328e-06
4.66287e-06
4.41257e-06
4.18969e-06
5.11718e-06
4.81836e-06
4.56099e-06
4.32148e-06
4.10765e-06
4.8822e-06
4.61006e-06
4.37499e-06
4.15447e-06
3.95681e-06
3.777e-06
5.4698e-06
5.12974e-06
4.83866e-06
4.56997e-06
4.33113e-06
4.11614e-06
5.69086e-06
5.32368e-06
5.01042e-06
4.72289e-06
4.46877e-06
6.91807e-06
6.37969e-06
5.9314e-06
5.53098e-06
5.18324e-06
7.98321e-06
7.27122e-06
6.69113e-06
6.18628e-06
5.75243e-06
6.23667e-06
5.79602e-06
5.42569e-06
5.0905e-06
4.79554e-06
5.32517e-06
5.0023e-06
4.7269e-06
4.47067e-06
4.24252e-06
4.71862e-06
4.46446e-06
4.24567e-06
4.03887e-06
3.85243e-06
4.1345e-06
3.9392e-06
3.76974e-06
3.60735e-06
3.45861e-06
4.86486e-06
4.59503e-06
4.36349e-06
4.14536e-06
8.28363e-06
7.51687e-06
6.89909e-06
6.36134e-06
5.90446e-06
5.50453e-06
5.70098e-06
5.33147e-06
5.01909e-06
4.73126e-06
5.90562e-06
5.5086e-06
5.1753e-06
4.86938e-06
4.59813e-06
4.95315e-06
4.67251e-06
4.43339e-06
4.20848e-06
4.00225e-06
6.0248e-06
5.61165e-06
5.26584e-06
4.94957e-06
4.66956e-06
6.5761e-06
6.08165e-06
5.67336e-06
5.3041e-06
4.98175e-06
6.3888e-06
5.92298e-06
5.53682e-06
5.18649e-06
7.27267e-06
6.67289e-06
6.18434e-06
5.749e-06
5.37109e-06
5.82711e-06
5.43819e-06
5.11345e-06
4.81278e-06
5.4791e-06
5.13423e-06
4.84528e-06
4.57579e-06
4.33214e-06
4.8088e-06
4.54185e-06
4.31619e-06
4.09856e-06
3.9042e-06
3.72839e-06
6.88769e-06
6.34962e-06
5.90766e-06
5.51015e-06
5.16499e-06
7.89865e-06
7.19945e-06
6.63465e-06
6.13699e-06
5.71193e-06
6.45018e-06
5.97852e-06
5.58824e-06
5.23236e-06
4.91606e-06
4.64121e-06
7.52751e-06
6.89113e-06
6.3734e-06
5.91392e-06
5.51754e-06
5.16737e-06
5.53596e-06
5.18708e-06
4.8932e-06
4.61927e-06
4.37184e-06
4.15477e-06
4.40241e-06
4.18071e-06
3.99078e-06
3.80928e-06
3.64284e-06
3.48815e-06
6.17926e-06
5.74683e-06
5.38571e-06
5.05581e-06
4.76054e-06
7.04732e-06
6.48778e-06
6.02813e-06
5.61775e-06
5.25501e-06
4.94694e-06
7.34871e-06
6.74092e-06
6.24654e-06
5.81434e-06
5.42983e-06
5.09038e-06
4.79565e-06
5.84449e-06
5.45692e-06
5.13361e-06
4.83342e-06
4.57369e-06
4.33528e-06
4.11742e-06
3.92501e-06
5.06565e-06
4.77443e-06
4.52798e-06
4.29565e-06
4.09095e-06
3.89694e-06
6.5716e-06
6.09026e-06
5.69129e-06
5.32931e-06
5.01635e-06
4.7332e-06
4.47562e-06
4.25517e-06
4.05152e-06
5.13455e-06
4.84222e-06
4.59349e-06
4.35926e-06
4.14694e-06
3.9491e-06
3.77689e-06
3.62166e-06
9.09183e-06
8.19767e-06
7.48275e-06
6.86686e-06
6.35222e-06
5.90575e-06
5.51054e-06
5.17443e-06
6.40963e-06
7.11849e-06
9.78753e-06
8.75978e-06
7.92846e-06
7.22719e-06
8.44532e-06
7.67301e-06
7.03072e-06
6.475e-06
6.01442e-06
5.61678e-06
6.54844e-06
6.08022e-06
5.67463e-06
5.32086e-06
5.0078e-06
4.73115e-06
4.73115e-06
4.48778e-06
4.2675e-06
4.06882e-06
3.8882e-06
3.8882e-06
3.72542e-06
3.57509e-06
3.43792e-06
3.30892e-06
3.18384e-06
3.07415e-06
3.07415e-06
2.97419e-06
2.87971e-06
2.79073e-06
2.70805e-06
2.62968e-06
2.55686e-06
2.55686e-06
2.48936e-06
2.42432e-06
2.36313e-06
2.30503e-06
2.24924e-06
2.24924e-06
2.19805e-06
2.14818e-06
2.10096e-06
2.05591e-06
2.01224e-06
1.96684e-06
1.96684e-06
1.92858e-06
1.89087e-06
1.85502e-06
1.82053e-06
1.78696e-06
1.75484e-06
1.72065e-06
1.72065e-06
1.69219e-06
1.66376e-06
1.63306e-06
1.60694e-06
1.58123e-06
1.55702e-06
1.55702e-06
1.53426e-06
1.51146e-06
1.48962e-06
1.46822e-06
1.44721e-06
1.42433e-06
1.42433e-06
1.40573e-06
1.38694e-06
1.36868e-06
1.34837e-06
1.33141e-06
1.33141e-06
1.31546e-06
1.29928e-06
1.28364e-06
1.26828e-06
1.25086e-06
1.25086e-06
1.23703e-06
1.22296e-06
1.20937e-06
1.19608e-06
1.18282e-06
1.17003e-06
1.15535e-06
1.15535e-06
1.14388e-06
1.13208e-06
1.12078e-06
1.10952e-06
1.09648e-06
1.09648e-06
1.08634e-06
1.07582e-06
1.06575e-06
1.05573e-06
1.0458e-06
1.03618e-06
1.02492e-06
1.02492e-06
1.01631e-06
1.00728e-06
9.98429e-07
9.88048e-07
9.79787e-07
9.79787e-07
9.72053e-07
9.63915e-07
9.56175e-07
9.48292e-07
9.40578e-07
9.31459e-07
9.31459e-07
9.24626e-07
9.17384e-07
9.10229e-07
9.03306e-07
8.96503e-07
8.88309e-07
8.81949e-07
8.81949e-07
8.75991e-07
8.69608e-07
8.63564e-07
8.5744e-07
8.51372e-07
8.44011e-07
8.44011e-07
8.38674e-07
8.32916e-07
8.27234e-07
8.21652e-07
8.1624e-07
8.1106e-07
8.04418e-07
8.04418e-07
7.99698e-07
7.94553e-07
7.88201e-07
7.83265e-07
7.78379e-07
7.73782e-07
7.73782e-07
7.6951e-07
7.64819e-07
7.5898e-07
7.54504e-07
7.50131e-07
7.45789e-07
7.45789e-07
7.41906e-07
7.3761e-07
7.32253e-07
7.28122e-07
7.23981e-07
7.20137e-07
7.20137e-07
7.16594e-07
7.12644e-07
7.09e-07
7.05198e-07
7.01419e-07
6.96584e-07
6.92837e-07
6.92837e-07
6.8964e-07
6.86042e-07
6.82741e-07
6.79254e-07
6.75799e-07
6.72604e-07
6.68246e-07
6.68246e-07
6.65346e-07
6.62081e-07
6.59074e-07
6.55868e-07
6.52707e-07
6.49794e-07
6.49794e-07
6.47114e-07
6.44069e-07
6.4128e-07
6.38305e-07
6.35399e-07
6.31567e-07
6.28807e-07
6.28807e-07
6.26359e-07
6.23534e-07
6.20977e-07
6.1823e-07
6.155e-07
6.12832e-07
6.10384e-07
6.06859e-07
6.06859e-07
6.04637e-07
6.02108e-07
5.99779e-07
5.97263e-07
5.94834e-07
5.92363e-07
5.90116e-07
5.8688e-07
5.8688e-07
5.84855e-07
5.82533e-07
5.80402e-07
5.78088e-07
5.75847e-07
5.73599e-07
5.71543e-07
5.69356e-07
5.69356e-07
5.67496e-07
5.65354e-07
5.63394e-07
5.60461e-07
5.58351e-07
5.56324e-07
5.54225e-07
5.5236e-07
5.5236e-07
5.50659e-07
5.48684e-07
5.46877e-07
5.44935e-07
5.42958e-07
5.40989e-07
5.38304e-07
5.38304e-07
5.36725e-07
5.34883e-07
5.32265e-07
5.30458e-07
5.28579e-07
5.26942e-07
5.25175e-07
5.25175e-07
5.23708e-07
5.2197e-07
5.2021e-07
5.18453e-07
5.16773e-07
5.15239e-07
5.15239e-07
5.13856e-07
5.12209e-07
5.10587e-07
5.08917e-07
5.07469e-07
5.05864e-07
5.03565e-07
5.03565e-07
5.02274e-07
5.00727e-07
4.98514e-07
4.96931e-07
4.95465e-07
4.94115e-07
4.92704e-07
4.92704e-07
4.91499e-07
4.90045e-07
4.88657e-07
4.87254e-07
4.85757e-07
4.84473e-07
4.82424e-07
4.80988e-07
4.80988e-07
4.79871e-07
4.78525e-07
4.77231e-07
4.75827e-07
4.74528e-07
4.73346e-07
4.71377e-07
4.71377e-07
4.70331e-07
4.69062e-07
4.67843e-07
4.66596e-07
4.6527e-07
4.64158e-07
4.62885e-07
4.61016e-07
1.11524e-06
1.10464e-06
1.09351e-06
1.08278e-06
1.07218e-06
1.06144e-06
1.05132e-06
1.04174e-06
1.03166e-06
2.03747e-06
1.99584e-06
1.95427e-06
1.91552e-06
1.87415e-06
1.83729e-06
1.80283e-06
1.7688e-06
1.7688e-06
1.73826e-06
1.70807e-06
1.67918e-06
1.65004e-06
1.6197e-06
1.6197e-06
1.5946e-06
1.56899e-06
1.54502e-06
1.52069e-06
1.49799e-06
1.47298e-06
1.45193e-06
1.45193e-06
1.43232e-06
1.4121e-06
1.39317e-06
1.37424e-06
1.35525e-06
1.33521e-06
1.31823e-06
1.31823e-06
1.30253e-06
1.28615e-06
1.26982e-06
1.25473e-06
1.23992e-06
1.22486e-06
1.21118e-06
1.19535e-06
1.17996e-06
1.17996e-06
1.1678e-06
1.15502e-06
1.14214e-06
1.13013e-06
1.11785e-06
1.10674e-06
1.09501e-06
1.08218e-06
1.08218e-06
1.07225e-06
1.06172e-06
1.04976e-06
1.03985e-06
1.02965e-06
1.02029e-06
1.01132e-06
1.0005e-06
