0.0012179
0.0010785
0.00112561
-0.00170094
0.00103606
0.00102022
0.00204214
0.00173143
0.00185893
-0.00297611
0.0017161
0.00167815
0.00182805
0.00297632
0.00249033
0.00272029
-0.00449206
0.00248185
0.00242137
0.00263365
0.00316363
0.0041021
0.00435334
0.00346721
-0.00183191
0.00430837
-0.00242745
0.00426113
-0.00181538
0.004607
-0.00311085
0.00466516
-0.00238762
0.00619575
0.0043628
-0.00421982
0.00456192
-0.00333405
0.00641946
0.0046372
-0.00529095
0.00486355
-0.00422215
0.00548601
0.00509769
0.00493128
-0.00631483
0.00518144
-0.00504221
0.00581009
0.00559941
0.00753256
0.00565429
-0.00824755
0.00552068
-0.00661591
0.00635738
0.0061233
0.0061292
-0.00925782
0.00644879
-0.00739508
0.00741725
0.00711537
0.00808726
0.00603035
-0.0106894
0.00624762
-0.00847011
0.00692493
0.0067819
0.00858651
0.00607676
-0.0118428
0.0066014
-0.00921124
0.00795262
0.00720207
0.00707324
-0.012481
0.00768324
-0.00996797
0.00940678
0.00820052
0.0101928
0.00638364
-0.0139927
0.00785206
-0.0112177
0.0094739
0.00852624
0.01062
0.00737041
-0.0152321
0.00875084
-0.0122898
0.00979796
0.00919027
0.0114747
0.00794944
-0.0164915
0.00885946
-0.013267
0.0105705
0.00993318
0.0120203
0.00801792
-0.017859
0.00916119
-0.0139135
0.0111405
0.0103347
0.0125369
0.00870938
-0.0192357
0.00933777
-0.0150427
0.0115605
0.0109219
0.0130149
0.00866438
-0.0205007
0.00975576
-0.0159965
0.0118109
0.0111532
0.0139551
0.00981723
-0.0217676
0.0104675
-0.0171314
0.0124558
0.0124921
0.0144537
0.0101166
-0.0228706
0.010716
-0.0179525
0.0136784
0.0131287
0.0148194
0.0116612
-0.0241656
0.0108476
-0.018946
0.0135844
0.0134178
0.0150926
0.0102891
-0.025335
0.012629
-0.0198893
0.0139007
0.0134898
0.0152929
0.0102974
-0.0263094
0.012792
-0.0210126
0.0139475
0.0141201
0.0162515
0.0111653
-0.0272397
0.0120326
-0.0215802
0.0149882
0.0144053
-0.0129954
0.0176759
0.0123165
-0.027676
0.0150805
-0.0217987
0.0160048
0.0154004
-0.013091
0.0194849
0.0141514
-0.0284668
0.0161501
-0.0222802
0.0174026
0.0168602
-0.0132486
0.0207242
0.0160259
-0.0295671
0.0155765
-0.0231627
0.0191055
0.0182351
0.020666
0.0174733
-0.0312073
0.0155745
-0.0241899
0.0189861
0.0181468
0.0139235
0.0206325
0.0166541
-0.0337239
0.0153977
-0.0264412
0.0200659
0.0180446
0.013716
-0.0173588
0.0209365
0.0171363
-0.0351356
0.0157275
-0.0278721
0.0203678
0.0183398
0.0138579
-0.0179486
0.0215781
0.0178256
-0.0359843
0.0161343
-0.0283318
0.0210807
0.0187947
0.014727
-0.0184288
0.0213298
0.0172339
-0.036337
0.0159062
-0.0288127
0.0208739
0.0186095
0.0145816
-0.0187496
0.0195467
0.020523
0.0182698
-0.0368851
0.0154873
-0.0294937
0.0199198
0.0179165
0.0141228
-0.0189089
0.0190433
0.020671
0.0174834
-0.0369405
0.0155909
-0.0298975
0.0200193
0.0180126
0.014242
-0.0191257
0.0191534
0.0209271
0.0175277
-0.0370187
0.0157652
-0.0296137
0.0202357
0.0181315
0.0142824
0.0186349
-0.0195848
0.021025
0.0167458
-0.0372838
0.0158421
-0.0300313
0.0204317
0.0181684
0.016109
0.0184111
-0.0200602
0.020578
0.0149102
-0.0374172
0.0154432
-0.0304433
0.0199095
0.0183045
0.0147346
0.0183483
-0.0201674
0.0223398
0.0168609
-0.0379406
0.016792
-0.0300109
0.02143
0.0195708
0.0145126
0.0192563
-0.020489
0.0207085
0.0150043
-0.0378572
0.0154377
-0.0302741
0.0188967
0.0183573
0.0143594
0.0182811
-0.0204968
0.0212851
0.0152565
-0.037866
0.0159093
-0.0299037
0.0208508
0.0187038
0.014693
0.0183572
-0.0206734
0.0211089
0.0153361
-0.0381763
0.0157267
-0.0305494
0.0207791
0.017674
0.0145104
0.0180885
-0.0212598
0.0210756
0.0150346
-0.0384684
0.0156571
-0.0311642
0.0207491
0.0157359
0.0145665
0.0181211
-0.0214029
0.0168116
0.020869
0.0147936
-0.0389121
0.0153107
-0.0317776
0.0208267
0.0176636
0.0143683
0.0180669
-0.0215498
0.0167584
0.0179132
0.0204626
0.0143456
-0.0391169
0.0149234
-0.0319454
0.021063
0.0188161
0.0146633
0.0175572
-0.0219655
0.0163362
0.0174791
0.0199104
0.0140201
-0.0391731
0.0143129
-0.0323678
0.0202972
0.019082
0.0141043
0.0172477
-0.0219173
0.0157271
0.0172922
0.0213745
0.0152006
-0.0391726
0.0154482
-0.0323324
0.0215195
0.019994
0.0163422
0.018162
-0.0217526
0.0171357
0.0181747
0.0210652
0.01876
-0.0391005
0.0150057
-0.0322329
0.0210598
0.0187006
0.0156294
0.0176996
-0.0218489
0.0167555
0.0177707
0.0213103
0.0189308
-0.0391896
0.015145
-0.0320008
0.0212655
0.0195766
0.0156111
0.0176227
-0.0222288
0.0167664
0.017727
0.020489
0.017934
-0.0392408
0.0156024
-0.0322326
0.0205579
0.0175891
0.014677
0.0168537
-0.022517
0.0161154
0.0170258
0.0201751
0.0188032
-0.039556
0.0156866
-0.0324271
0.0203566
0.0168689
0.0142886
0.0163001
-0.0228384
0.0156987
0.0165242
0.0193754
0.0181644
-0.0398295
0.0147967
-0.0326439
0.0195388
0.0147454
0.0138326
0.015844
-0.0229798
0.0152896
0.016165
0.0199887
0.0173308
-0.0397366
0.0156473
-0.0329193
0.0198568
0.0152563
0.014305
0.0162952
-0.0229892
0.0157438
0.0180049
0.0203453
0.0176708
-0.0394102
0.0159144
-0.0326018
0.0200094
0.0154934
0.0145469
-0.0221866
-0.021732
0.0171211
-0.0338506
-0.0247879
0.0252313
0.021975
-0.0367844
0.019698
-0.030234
0.0239113
0.0191266
-0.0200079
-0.0189249
0.0225596
-0.0331455
-0.0305628
0.0258606
-0.0335424
0.0234325
-0.0272427
0.023567
0.022435
-0.0174194
-0.0163354
0.0256097
-0.0308446
-0.0282391
0.0336548
-0.0319059
0.0300873
-0.0259544
0.025653
0.0242468
-0.0165396
-0.0153794
0.0273135
-0.0297302
-0.019693
0.0327693
-0.0316113
0.0326919
-0.0255947
0.0279637
0.0265812
-0.016086
0.0295734
0.0275459
-0.0322839
-0.020802
0.03084
-0.0323555
0.0324175
-0.0261844
0.0285753
0.0266068
-0.016172
0.0299781
-0.0211793
-0.0312838
0.0323396
-0.031893
0.0332687
-0.0258177
0.0293823
0.0275439
-0.0155629
-0.0200059
-0.0290893
0.03408
0.0461384
-0.0327383
0.0347997
-0.0265472
0.0306628
0.0346727
-0.0171651
-0.0212977
-0.0296691
0.0352681
0.0454703
-0.0336326
0.033826
-0.0273138
-0.00356683
-0.0124415
0.142396
0.016721
-0.0309885
0.013128
-0.0256636
-0.00566189
-0.0127255
0.0590232
0.0143707
-0.0298909
0.0139284
-0.0203765
-0.0335637
-0.0196991
0.0187988
-0.0261804
-0.00979617
-0.0154968
-0.0306207
-0.0152615
0.0238894
-0.0221893
-0.00614026
-0.0120888
-0.0280598
-0.0125464
0.0286431
-0.0205024
-0.00359878
-0.00993478
-0.0290543
-0.0103198
0.0329703
-0.0188606
-0.00122164
-0.00833489
-0.0283436
-0.00883988
0.0343095
-0.0184686
0.000192182
-0.00706677
-0.0276288
-0.00754385
0.0378553
-0.0177407
0.0018972
-0.00597369
-0.0288354
-0.00665846
0.0394487
-0.0174451
0.00262909
-0.00546151
-0.0288406
-0.00609594
0.0405893
-0.0165592
0.00453214
-0.00450883
-0.0288892
-0.00569788
-0.0212689
-0.0134974
0.00795037
-0.00122577
-0.0271216
-0.00290706
-0.0266318
-0.0107953
0.0116064
0.000772138
-0.0256839
-5.35323e-05
-0.0238212
-0.00874584
0.0129344
0.00272413
-0.0244509
0.00183606
-0.0233464
-0.00743388
0.0150671
0.00442053
-0.0242265
0.00354266
-0.0228797
-0.00593206
0.0165615
0.0058548
-0.0240877
0.00491311
-0.00690042
-0.0224181
-0.00489254
0.0180478
0.00702576
-0.0239148
0.00618293
-0.00611634
-0.0221679
-0.00421436
0.019246
0.00810876
-0.023842
0.00696762
-0.00565341
0.0182653
-0.0233229
0.00164713
0.019191
0.00879128
-0.0256071
0.00719484
0.000523925
0.0185516
-0.025133
0.00130126
0.0196045
0.00856986
-0.0273708
0.00767413
0.000227735
0.0190695
-0.0267024
0.00111528
0.0197459
0.00884574
-0.0287496
0.00747585
-0.000130422
0.0193646
-0.0263407
0.000777913
-0.0241101
0.00208381
-0.00704791
-0.0569767
-0.0184403
0.00577942
-0.0196914
0.00647092
-0.0649075
-0.0686786
-0.00992935
0.0120034
-0.0673413
-0.0593348
0.00182786
0.0160413
-0.023942
-0.0528274
0.00111398
0.00698062
-0.00417035
0.00321088
-0.00980472
0.0011228
-0.0125087
0.0349655
-0.00515869
-0.0188956
0.0352645
-0.006999
-0.0219812
0.0363244
-0.00769395
-0.0239302
0.0388456
-0.0108715
-0.00659815
-0.0250009
0.0388138
-0.010168
-0.00568738
-0.0258989
0.0405767
-0.00544278
0.0316044
-0.00973552
0.0267377
-0.0145796
0.019569
-0.02332
0.0175255
0.0126514
0.004561
0.0034273
-0.00528427
0.00147784
0.103217
-0.0365365
0.32257
-0.0843245
-0.0414712
0.319286
-0.124315
-0.104
-0.0519172
-0.0430644
0.141315
-0.0802844
-0.0689128
-0.0602979
-0.0535272
-0.00167187
-0.0256411
-0.0160642
0.00927826
0.00806921
0.00718008
0.00631503
0.00573644
0.00230657
-0.0118183
0.00421168
0.00378774
0.00366709
0.00362857
0.00337946
0.00323186
0.00186569
0.00124908
-0.012224
0.00348196
0.00310135
0.00301049
0.00304562
0.00283248
0.00265508
0.00131793
0.000612353
0.00065173
-0.00123927
-0.000924257
-0.00038627
0.00103132
0.000425724
0.000678458
0.000769577
-0.000476865
-0.00106279
-0.0154993
0.00206334
-0.00144275
-0.00204649
-0.00110411
-0.000452527
0.000479317
-8.7227e-06
0.000350465
0.000502618
-0.000865062
-0.00149459
0.000518697
-0.00316565
-0.00317867
-0.00212385
-0.000921819
-6.55075e-05
-0.000823721
-4.09825e-05
0.000183637
-0.0013432
-0.00186073
0.000426541
-0.00177224
-0.00549245
-0.0055732
-0.00347184
-0.00130202
-0.00141681
-0.00335706
-0.00290618
4.32887e-05
-0.00540484
-0.00293136
-0.000603408
-0.00110938
-0.00353484
-0.00299313
0.000366454
-0.00304198
-0.00373865
-0.00244759
-0.00106943
0.000254738
-0.0026318
-0.00409293
0.00128433
0.00132049
-0.000173064
-0.00621462
-0.00321913
-0.000858358
-0.00122479
-0.0042176
-0.00355701
0.000267431
0.000399366
-0.00114452
-0.0073988
-0.00395425
-0.00135039
-0.00210604
-0.00470783
-0.00395682
0.000290972
0.000175804
-0.00128369
-0.00621461
-0.00625119
-0.00365808
-0.00101224
-0.00196333
-0.00248591
-0.00338489
0.0333923
-0.00967011
-0.00867175
-0.00536402
-0.00220612
-0.00305761
-0.00375382
-0.00430272
0.0351129
-0.00465747
0.0336264
0.0300171
0.0265097
-0.0105313
-0.0195412
-0.0150206
-0.00786278
-0.00792907
-0.00802956
-0.00813919
0.0356747
-0.00770611
0.0315381
0.030817
0.0246036
-0.0133607
-0.0221202
-0.0165674
-0.00851046
-0.00852088
-0.00836578
-0.00871002
0.0392767
-0.00830499
0.034752
0.0335839
0.0269865
-0.0147554
0.0297714
-0.0157308
-0.0246525
-0.0221392
-0.0182718
-0.00990367
-0.0102146
-0.0102071
-0.0120261
0.0370036
-0.0087569
0.0357976
0.031217
0.0310641
-0.0145224
0.0336242
-0.0153595
0.0288231
-0.0279727
-0.0214511
-0.0135147
-0.00971234
-0.0129964
-0.0135606
0.0395526
-0.0112251
0.0401163
0.0347642
0.0319216
-0.018193
0.0345834
-0.0168354
0.0296215
-0.0325639
-0.0260883
-0.0163909
-0.0125853
-0.0154601
-0.0161057
0.0414417
-0.0130085
0.0398203
0.0367681
0.0338255
-0.0196361
0.0363912
-0.0185523
0.0313096
-0.0344794
-0.0270743
-0.016278
-0.0145178
-0.0152703
-0.0162449
0.0444555
-0.0127526
0.0423413
0.033771
0.0362037
-0.0196061
0.0384281
-0.0190711
0.0335465
-0.0326892
-0.0293373
-0.0241824
-0.0137615
-0.0129116
-0.0158066
-0.0166443
0.0474048
-0.0113726
0.0450121
0.0356899
0.0388356
-0.018153
0.04065
-0.0181187
0.0322638
-0.0332397
-0.0262556
-0.0142463
-0.011801
-0.0155877
-0.0175686
0.0486033
-0.0113837
0.045639
0.0349146
0.0387485
-0.0190291
0.0403602
-0.0195981
0.0323436
-0.0269765
-0.0215262
-0.0281382
-0.0257521
-0.0210924
-0.011707
-0.009925
-0.0140719
-0.017656
0.048462
-0.00999646
0.0456296
0.0356844
0.0391681
-0.0168067
0.0404646
-0.0177177
0.031119
-0.0257472
-0.0194164
-0.0278659
-0.0213719
-0.0117677
-0.00960667
-0.0156885
-0.0169864
0.0472902
-0.00939244
0.0440653
0.0400032
0.0365615
-0.0172327
0.0377773
-0.0180542
0.0290725
-0.0266593
-0.0194124
-0.0224355
-0.0187535
-0.0146718
-0.00621159
-0.00579262
-0.00706033
-0.0144048
0.0490065
-0.0067697
0.0390393
0.0415962
0.0379109
-0.0147018
0.0386058
-0.0157269
0.0294583
-0.0250943
-0.0172712
-0.0236492
-0.0190657
-0.0104934
-0.00952809
-0.0102048
0.0353705
0.0369967
-0.0137291
0.0296277
0.0329287
0.0302713
0.0218401
0.0291942
-0.0213165
-0.0224179
-0.0217626
-0.0167974
-0.00869373
0.0284294
-0.0141049
0.0262725
0.0284964
-0.0160142
0.0225673
0.0220729
0.0243021
0.0173388
0.0237328
-0.0250313
-0.0198003
0.0213898
-0.0176114
0.0198934
0.0228442
-0.0181438
0.017948
0.0166866
0.0202439
0.0137509
0.0113824
-0.0251255
0.0148183
0.0121168
-0.0238139
0.0131113
0.0166978
-0.0221977
0.0130295
0.012253
0.00877077
0.0057758
-0.02732
0.00868955
-0.0229071
0.0115067
0.0105853
0.0061375
0.0036719
-0.0268945
0.00821621
0.00807313
0.00713173
0.00655645
0.00334468
0.00188899
-0.028661
0.00662469
0.00673655
0.00594657
0.00552743
0.0025134
0.00135368
-0.0288925
0.0062793
0.00640557
0.00564014
0.00525733
0.00286541
0.00154276
-0.0286201
0.00603211
0.00619242
0.00552283
0.00516685
0.0162339
0.00119783
0.0010011
-0.0284772
0.0053907
0.00691613
0.0047231
0.0043459
0.0152717
0.00234772
0.000598108
-0.0282533
0.00458952
0.00618646
0.00420608
0.00386252
0.0144353
0.0018732
0.000256382
-0.0269741
0.00470692
0.00613547
0.00418141
0.00378112
0.0138722
0.00187021
0.000194165
-0.0256757
0.00473239
0.00604434
0.00415726
0.00360456
0.0132706
0.00224832
0.000552823
-0.0245562
0.0044189
0.00557439
0.00401035
0.00344503
0.0124671
0.00211658
0.000502958
-0.0225248
0.00467061
0.00551075
0.00408912
0.00343276
0.0115871
0.0203616
0.0136288
0.0154152
0.0109878
0.0208547
0.0188822
0.00774581
0.00815242
0.0161254
0.0147327
0.0137665
0.00305111
0.00516676
0.010892
0.00980997
0.00945957
0.00872587
0.000433137
0.00331323
0.00734044
0.00645011
0.00641981
0.00582952
-0.000148488
0.0027774
0.0062375
0.00571376
0.0056381
0.00509205
0.00207716
0.00250943
0.00498388
0.0019769
0.000939485
0.00275547
0.00278918
0.00498645
0.00207189
0.000699934
0.00274127
0.00202728
0.00117034
0.00177657
0.00136009
0.00298442
0.00277437
0.00124446
0.00242031
0.000761677
0.0029761
0.00182569
0.00303467
0.00180707
0.00401508
0.00349187
0.00250624
0.00316273
0.00279022
0.00347932
0.00235228
0.00326278
0.00289641
0.00436967
0.00332661
0.00234478
0.00342012
0.00275222
0.00159692
0.00380588
0.00364524
0.00197051
0.00310743
0.00249006
0.00137198
0.00389789
0.00386966
0.00205665
0.0028453
0.00265521
0.00194293
0.00375004
0.00328559
0.00189956
0.00292095
0.00334298
0.00422543
0.00417689
0.00216259
0.00302771
0.00350543
0.00181478
0.00244461
0.00460476
0.010993
0.00203576
0.00971668
0.00301186
0.00892752
0.00832763
-2.85291e-05
0.00342158
0.0086049
0.00551476
0.00566037
0.00252501
0.00512787
0.00717969
-0.00069401
0.00293196
0.00502888
0.00448459
0.00455599
0.0024945
0.00503879
0.00711786
0.00339307
0.00373037
0.00209223
0.00263642
0.00294124
0.00552916
0.00748555
0.00294364
0.00261978
0.00172207
0.00169484
0.0029265
0.00479092
0.00665446
-0.00408887
0.00343129
0.00324905
0.0020725
0.00198915
0.00319034
0.00243956
0.00672736
0.00258771
0.00400668
0.00381953
0.00277771
0.00233981
0.00346922
0.00268954
0.00674593
0.0023912
0.000198211
0.00389243
0.00377914
0.00666819
0.00629195
0.00310959
0.00238987
0.00635914
0.00222065
-0.000409487
0.00348075
0.00569632
0.00600707
0.0057156
0.00459307
0.00203526
0.00408195
0.00201411
-0.00413523
-9.31153e-05
0.00368006
0.00513617
0.00442518
0.00436904
0.00427286
0.00212696
0.00344279
0.00207517
-0.00391649
0.000239716
0.0057365
0.00476465
0.00164994
-0.000642058
0.00669707
0.00649297
0.00598311
0.00549205
0.00021511
0.00726517
0.00643349
0.00293719
0.00722381
0.00681027
0.00590024
-0.00100565
0.00576408
0.00363216
0.00791821
0.00686254
0.0064958
-0.000134839
0.00635005
0.00706767
0.00659448
0.00629706
-0.000118468
0.00621272
0.00635461
0.00608271
0.00577574
-0.000557292
0.00579299
0.00556732
-0.000811904
0.00216841
0.00627249
0.00592375
-0.000518926
0.00601235
0.00573977
0.00541694
0.00677581
0.00582061
0.00737675
0.00668245
0.00763927
-0.0210747
-0.019495
-0.0140878
0.00927803
0.00664941
-0.0157921
0.00972906
0.00689417
-0.0154927
0.0106387
0.00794086
-0.0148087
0.00861211
0.0156212
0.00975577
0.00748428
-0.0159459
0.00740955
0.0155265
0.00994156
0.0143814
0.00827865
0.00624862
-0.01758
0.0067693
0.0139597
0.0144681
0.0138868
0.00688564
0.00537125
-0.0192338
0.00552795
0.00835703
0.0131032
0.0135031
0.00547416
-0.0191266
0.00620476
0.00833228
0.00813604
0.00653685
-0.0183804
0.00969291
0.00815791
0.00706134
0.00967498
0.00929402
0.00745502
0.00650825
0.00895472
0.00850917
0.00689497
0.00603738
0.00824981
0.008334
0.00652874
0.00594931
0.00807354
0.0105185
0.00836967
0.00781886
0.00903974
0.00817368
0.00756033
0.00894918
0.00923636
0.00758002
0.00677788
0.00881867
0.00939682
0.00763092
0.00664585
0.00833981
0.00815876
0.00697574
0.00855523
0.00968222
0.00804625
0.00711349
0.00879737
0.00890045
0.00747585
0.0064745
0.00819994
0.00778452
0.00675287
0.00841488
0.00856318
0.00736426
0.00630108
0.00799259
0.00833663
0.0070459
0.00623131
0.00797962
0.00792466
0.00680447
0.0059931
0.00749743
0.00790753
0.00679041
0.0059398
0.00747954
0.00756784
0.00619563
0.00566534
0.00715734
0.00675488
0.00605592
0.00794704
0.00762212
0.00624307
0.00545928
0.00721884
0.00785363
0.00625429
0.00570638
0.00719571
0.00745357
0.00588631
0.00550123
0.00696189
0.00754728
0.00638119
0.00535882
0.00725417
0.0072131
0.00597175
0.00518059
0.00689588
0.00739736
0.00623453
0.00526097
0.00702738
0.00624373
0.00550596
0.00719748
0.00764142
0.00634787
0.00575058
0.00739995
0.00804837
0.00648368
0.00592831
0.00745848
0.00828004
0.00662831
0.0058253
0.00712747
0.00819746
0.0069834
0.00788422
0.00882597
0.00712836
0.00639394
0.00755441
0.00549645
0.00433508
0.00644945
0.00723236
0.00591979
0.00518634
0.00677889
0.00475127
0.00665726
0.00527702
0.00468796
0.00634937
0.00437981
0.00575792
0.00656251
0.00549929
0.00449763
0.00596856
0.00399597
0.00531198
0.00423546
0.00492511
0.00422931
0.00572492
0.00373499
0.00502521
0.00392982
0.00503105
0.00461058
0.00567239
0.00371116
0.00495685
0.00393469
0.0052482
0.0040383
0.00349107
0.00492811
0.00322535
0.00456979
0.00363833
0.00266791
0.00525831
0.00404954
0.0034444
0.00493162
0.00303072
0.00432779
0.00339668
0.00242413
0.00134406
0.00463945
0.00349515
0.00309702
0.00461058
0.0028535
0.00421094
0.00325073
0.00253519
0.00134285
0.00454449
0.00347222
0.00308131
0.00467323
0.00299631
0.00437766
0.00340158
0.00287829
0.00159727
0.0039961
0.00403623
0.00312026
0.00251669
0.00434409
0.00268746
0.00410418
0.00317387
0.002681
0.0014253
0.00380106
0.00394468
0.00303554
0.00259237
0.00410341
0.00250448
0.00388411
0.00298674
0.0024177
0.00119906
0.00445656
0.00346418
0.00287921
0.00442085
0.00274055
0.00402879
0.0031033
0.00250863
0.00129267
0.00451748
0.00352417
0.00321505
0.0045432
0.00278695
0.00404678
0.00325477
0.00286314
0.00131634
0.00334022
0.00442618
0.00347987
0.00304943
0.00455751
0.00285251
0.00410558
0.00329312
0.0029989
0.00146015
0.00381499
0.00342377
0.00279632
0.0042131
0.00282443
0.00404651
0.00322096
0.00298149
0.00144274
0.00460176
0.00367026
0.00312142
0.0045025
0.00297607
0.00413916
0.00333733
0.00286241
0.00156775
0.00168736
0.00457491
0.00369678
0.00324167
0.00458009
0.00311623
0.0042651
0.00353283
0.00302723
0.00180561
0.00420029
0.00334165
0.00291817
0.00427914
0.00281232
0.00402218
0.00335824
0.00276235
0.00154924
0.00376698
0.00364888
0.00277257
0.00241955
0.00381086
0.00237181
0.00360595
0.00307071
0.00240709
0.00118268
0.0033759
0.00356102
0.00265952
0.00231891
0.00356772
0.00220114
0.00346203
0.00272676
0.00199396
0.000971265
0.00317927
0.00341112
0.00253464
0.00218414
0.00350645
0.00214233
0.00339312
0.00283711
0.00226192
0.000961431
0.00315707
0.00351064
0.00263244
0.00216988
0.00356261
0.00223331
0.00342425
0.00294409
0.00240254
0.00104541
0.00318088
0.00361109
0.0027502
0.00257778
0.00352219
0.00224318
0.00344441
0.00268084
0.00221035
0.00101833
0.00397689
0.00309126
0.00279602
0.00379777
0.00251382
0.00361038
0.002532
0.00243811
0.00290818
0.00326971
0.00444853
0.00352717
0.00325393
0.00400477
0.00273915
0.00368299
0.00283026
0.00254521
0.00290923
0.00324355
0.00396743
0.0031322
0.00267213
0.00355011
0.0025521
0.00270022
0.00276592
0.00304258
0.00419926
0.00334591
0.00269025
0.00364505
0.00314762
0.00283315
0.00321773
0.00508987
0.00406067
0.003644
0.00398388
0.00315102
0.00307927
0.00344718
0.00190641
0.00463862
0.00356059
0.00328791
0.00367263
0.00303958
0.00283827
0.00325741
0.00170961
0.0035053
0.0033796
0.00369646
0.00314357
0.00296884
0.00329273
0.00161761
0.00443621
0.00338349
0.00317995
0.00358485
0.00307324
0.00287219
0.00333301
0.00151532
0.00469055
0.00358568
0.00326206
0.00366134
0.00313651
0.00293443
0.00180088
0.00317071
0.00457293
0.00360604
0.00303453
0.00342023
0.00280567
0.00270216
0.00304856
0.00488833
0.00404171
0.00345665
0.00357569
0.00328067
0.0028491
0.00325655
0.00474019
0.00394305
0.00307341
0.00352312
0.00308769
0.00288021
0.00320781
0.00486877
0.00411066
0.00342499
0.00341076
0.00344776
0.00310814
0.00348406
0.00472415
0.00399714
0.00329385
0.00333709
0.00332354
0.0030663
0.0033573
0.00196899
0.00478057
0.00419671
0.00351979
0.00343093
0.00345154
0.00320802
0.00351936
0.00213384
0.00484226
0.00424753
0.00356629
0.00345855
0.00349977
0.00321877
0.00346903
0.00207534
0.005063
0.00440534
0.00373054
0.00364472
0.00331437
0.00322159
0.00324999
0.00197267
0.00558717
0.0047499
0.0038787
0.00367655
0.00342723
0.0032054
0.00324527
0.00200562
0.00521652
0.00441795
0.00393065
0.00381385
0.00371895
0.00340502
0.00346543
0.00232807
0.00547708
0.00462707
0.00400176
0.00393651
0.00370427
0.00347812
0.00349588
0.00235058
0.00321485
0.00455828
0.00391415
0.00338351
0.00336261
0.00325411
0.00304988
0.00311651
0.00205256
0.00291872
0.00471275
0.00400316
0.00342485
0.00333758
0.00321577
0.00297246
0.00302387
0.00192354
0.00489792
0.00425089
0.0036442
0.00367554
0.00350376
0.0033234
0.00335722
0.00230983
0.00500882
0.00429007
0.00381304
0.00358568
0.00338389
0.0031755
0.00308659
0.00213898
0.0052363
0.00454014
0.00394759
0.00384177
0.0036139
0.00344104
0.00347179
0.00242786
0.00594314
0.00503043
0.004656
0.00409436
0.00377872
0.00354087
0.00342019
0.00247553
0.00438424
0.00372834
0.00333704
0.00316974
0.00307316
0.00284967
0.00282121
0.00193728
0.00239136
0.00249518
0.00428229
0.0036916
0.00334133
0.00321233
0.0031007
0.00295221
0.00283204
0.0020901
0.00259613
0.00262917
0.00423117
0.00367018
0.00325515
0.00311414
0.0030478
0.00283305
0.0027878
0.00196501
0.00257182
0.00252993
0.00443185
0.00385261
0.00330244
0.00325652
0.00316859
0.00294437
0.0027857
0.00203746
0.00266065
0.00256008
0.00182859
0.00398905
0.0034473
0.00305265
0.00287431
0.00281506
0.0026349
0.00246403
0.00180071
0.00240134
0.00229688
0.00158179
0.00384897
0.00331671
0.00296005
0.00280459
0.00264674
0.00251937
0.00236295
0.00183512
0.00229344
0.00156
0.00211767
0.00363049
0.00311186
0.00290405
0.00250446
0.0025928
0.0023423
0.00222297
0.00159437
0.00213947
0.00199863
0.00387612
0.00332639
0.00286397
0.00266847
0.00261148
0.00246976
0.00232543
0.00170462
0.00222791
0.00199307
0.00360815
0.00310528
0.00276415
0.00259811
0.00258763
0.00234501
0.00216028
0.00161673
0.00215289
0.00194764
0.00135831
0.00353347
0.00306697
0.00261473
0.00260989
0.0025541
0.00238947
0.00215392
0.00163561
0.00223275
0.0019624
0.00146346
0.00355862
0.00311757
0.00261795
0.00268774
0.00263545
0.00248351
0.00218841
0.00175365
0.00234883
0.00202069
0.00369028
0.00326746
0.00278755
0.00284532
0.00277386
0.00264257
0.00227106
0.0019334
0.00251739
0.00216559
0.00212863
0.00381175
0.00334963
0.00288394
0.0028555
0.00274758
0.00259513
0.0021709
0.0018627
0.0024212
0.00198281
0.00196502
0.00158058
0.00403085
0.00349837
0.00308086
0.00288754
0.00272946
0.00254724
0.00205937
0.00181144
0.00231148
0.00181237
0.00178095
0.00149974
0.00352705
0.00306272
0.00248677
0.00256094
0.00251222
0.00228818
0.00181268
0.00159773
0.00212178
0.00160211
0.00159825
0.001297
0.00337403
0.0029605
0.00249651
0.00263693
0.00249062
0.00229238
0.00182852
0.00165137
0.00217138
0.00165555
0.00163377
0.00141096
0.00316066
0.0027746
0.00234606
0.0024948
0.00236759
0.0021856
0.00175486
0.00154788
0.00210023
0.00165619
0.00158592
0.00134048
0.00339711
0.00295096
0.00243636
0.00257451
0.00240332
0.00219152
0.00168135
0.00150909
0.0020428
0.00145739
0.00146781
0.00120851
0.00312429
0.00273253
0.00237768
0.00243398
0.00229671
0.002113
0.00161185
0.0013459
0.00202478
0.00153033
0.00148412
0.00128045
0.00316931
0.00275226
0.00228776
0.0024173
0.00226266
0.00206685
0.00151511
0.00135986
0.00195328
0.0014178
0.00137514
0.00120243
0.00317891
0.0027543
0.00223746
0.00240838
0.00224766
0.00204875
0.00145667
0.00144005
0.0019259
0.00133504
0.00129334
0.00115941
0.00323177
0.0027948
0.00236669
0.00242357
0.00225353
0.00204954
0.00141762
0.00140556
0.00191741
0.00134848
0.00126676
0.00121334
0.00513505
0.00450721
0.00379725
0.00380479
0.00348304
0.00319174
0.00237936
0.0024348
0.00283897
0.00200043
0.00194233
0.00193842
0.00358387
0.00315566
0.00260523
0.00276041
0.00256434
0.00236369
0.00175357
0.00172763
0.00171037
0.00322901
0.00285238
0.00232138
0.00253447
0.0023692
0.00219669
0.00175891
0.00159383
0.00149609
0.00338756
0.00298949
0.00260884
0.00261532
0.00240786
0.00224268
0.00176927
0.00163143
0.00149344
0.00356563
0.00328476
0.00274667
0.00278957
0.00257951
0.00240826
0.0018843
0.0018078
0.0017936
0.00416041
0.00375823
0.00340158
0.0032149
0.00283251
0.00275786
0.00217635
0.0021306
0.00201658
0.0038826
0.00354051
0.00303198
0.00306649
0.00282806
0.00264986
0.002151
0.00206105
0.00193087
0.00232237
0.0039426
0.00362548
0.00333167
0.00327118
0.00291478
0.00274377
0.00230779
0.00217726
0.00217084
0.00241012
0.00396456
0.00427623
0.00392511
0.00357975
0.00323743
0.00310086
0.00291694
0.00245498
0.00233828
0.00229072
0.00252874
0.00410124
0.00210053
0.00393655
0.00371796
0.00328166
0.00328704
0.00290654
0.00274484
0.00231886
0.0022157
0.00218209
0.0023872
0.00404191
0.0020438
0.00355418
0.00335564
0.00294125
0.00265027
0.00252233
0.00244777
0.00206179
0.00194149
0.00190189
0.00212822
0.00379213
0.00181072
0.00379631
0.0035001
0.00300866
0.00269462
0.00248767
0.00236392
0.00184364
0.00182133
0.00193069
0.00194078
0.00359439
0.00159863
0.0036448
0.00348257
0.00299138
0.00267621
0.0025547
0.00247388
0.00201627
0.00198002
0.00195356
0.00207784
0.00382664
0.00182782
0.00362082
0.00336124
0.0029323
0.00261615
0.00244456
0.00233819
0.00194842
0.00183257
0.0016701
0.00193254
0.00366164
0.00165837
0.0036038
0.00338421
0.00294043
0.00287507
0.00245559
0.00241586
0.00202585
0.00193841
0.00193028
0.00205927
0.00378952
0.00178044
0.00340397
0.00319875
0.00288187
0.00275222
0.00234398
0.00232514
0.00194824
0.00187642
0.00191261
0.00194471
0.00375962
0.00166979
0.0017663
0.00330905
0.00330084
0.00282009
0.00254771
0.00242437
0.00241734
0.00204901
0.00201653
0.00205505
0.00210828
0.00395998
0.00192979
0.00193841
0.00298782
0.00302041
0.00261399
0.00228883
0.00223724
0.00224125
0.00195338
0.00187296
0.00191536
0.00199448
0.00386173
0.00184809
0.0018719
0.005053
0.00299396
0.00296718
0.0024537
0.00216884
0.00203028
0.00205773
0.00175059
0.00164085
0.00150478
0.00170807
0.00354743
0.00154214
0.00157844
0.00288732
0.00276582
0.00232305
0.00205885
0.00188004
0.00188445
0.00150563
0.00145467
0.0014217
0.00154575
0.00332191
0.0013278
0.00138857
0.00272442
0.00263102
0.00212425
0.00191417
0.00175658
0.00182386
0.0014554
0.0014057
0.00127407
0.00150678
0.00328846
0.00129149
0.00138868
0.00166724
0.00269838
0.00261767
0.00220423
0.00191417
0.00181404
0.00183272
0.00147833
0.00141653
0.00140127
0.00151385
0.00329129
0.0012943
0.00141956
0.00169976
0.00305665
0.00291652
0.00253074
0.00217448
0.00211951
0.00209537
0.00173944
0.00160712
0.00177285
0.00171639
0.00349895
0.00149275
0.00195677
0.00298005
0.00284685
0.00254886
0.00211608
0.00207829
0.00205287
0.00169358
0.00156438
0.00179314
0.00169404
0.00161117
0.00152171
0.00196699
0.00110408
0.00304804
0.0029548
0.00270963
0.00238288
0.00223708
0.00223552
0.00189881
0.00178385
0.00200882
0.00190368
0.00185159
0.00176601
0.00158111
0.00149511
0.00132992
0.00106291
0.00158499
0.00323384
0.00306138
0.00268623
0.0022713
0.00220531
0.00216627
0.00180089
0.0016614
0.00188575
0.00174688
0.00167004
0.00196591
0.00139744
0.000838309
0.0010299
0.00084863
0.00114302
0.000752606
0.00306532
0.00293329
0.00258217
0.0021953
0.00215328
0.00213295
0.0017814
0.00165127
0.00183538
0.00176009
0.0016896
0.00199506
0.0013278
0.00112019
0.000924221
0.000942719
0.0013386
0.000796724
0.00259832
0.00250747
0.00228012
0.00186147
0.00183872
0.00183425
0.0014885
0.00136559
0.00165828
0.00154799
0.00181934
0.0018043
0.0011118
0.000792103
0.000738143
0.000798361
0.00109363
0.000521481
0.00241502
0.00234326
0.00208643
0.00171294
0.00173321
0.00173562
0.00139
0.00126711
0.00159518
0.00149354
0.00184224
0.00176519
0.00103081
0.000835428
0.000775376
0.000805539
0.00108918
0.000486075
0.00249491
0.00242845
0.00217217
0.00183627
0.00181544
0.00182324
0.00148269
0.00136007
0.00165509
0.00157748
0.00192623
0.00184919
0.00121076
0.000967052
0.000838819
0.000893794
0.00117322
0.000573705
0.00241088
0.00233007
0.00212496
0.00178076
0.00170078
0.00169744
0.00134255
0.0013885
0.0014898
0.00144334
0.00185651
0.00170597
0.000992838
0.000689797
0.000679324
0.000735769
0.0008922
0.000579161
0.00252045
0.00241376
0.00203998
0.00180317
0.00173778
0.00172105
0.00135451
0.00138714
0.0014373
0.00143211
0.00179617
0.00167699
0.000976636
0.000710754
0.000636547
0.000690901
0.00088963
0.000508241
0.00230239
0.00221658
0.00195041
0.00168883
0.0015977
0.00158784
0.00122072
0.00125457
0.00134322
0.00134597
0.00171924
0.00160838
0.000787
0.000569169
0.000578078
0.000764866
0.000820325
0.000334263
0.00238572
0.00229539
0.00199137
0.00169816
0.00166488
0.00165308
0.00128375
0.00131228
0.00146574
0.00139703
0.00176652
0.00165346
0.00100156
0.000678598
0.000614763
0.000533924
0.000748674
0.000377254
0.002211
0.0021359
0.00188903
0.00162015
0.00154925
0.00154273
0.0011719
0.00115217
0.0013704
0.00132541
0.00170263
0.00159653
0.00092825
0.000461979
0.000556189
0.000478562
0.000692628
0.000329076
0.00232134
0.00225215
0.00196303
0.00168558
0.00166029
0.00166072
0.00129719
0.00136195
0.00148309
0.00143215
0.00181822
0.00170201
0.00104752
0.000580483
0.000611572
0.000594488
0.000806406
0.00044178
0.00225004
0.00218262
0.00190861
0.00160153
0.00160074
0.00160112
0.00123467
0.00108546
0.00143526
0.00138578
0.00177265
0.00165785
0.000994192
0.000532347
0.000559469
0.000769297
0.000443021
0.000376865
0.00245661
0.00135228
0.00159867
0.00148118
0.00136654
0.000916127
0.000711525
0.00108131
0.000986758
0.00132423
0.00116818
-0.000281742
3.21372e-05
6.54044e-05
0.000268943
-3.61782e-05
-0.000233698
0.00131693
0.000287648
0.000777923
0.000775169
0.000720633
0.000280908
0.000100624
0.000624798
0.000560882
0.000121494
0.000331258
0.00111364
0.000966031
-0.000125455
0.000506307
0.000530687
-0.000557878
2.80203e-05
-0.000165727
0.000476505
0.000410844
0.000117563
0.000490614
-0.000175015
0.000988749
0.000953466
-0.000329404
0.000402846
0.000438706
-0.000571827
-0.000131197
-0.000342128
0.000394589
0.000324463
-4.38655e-05
0.000374207
-0.000371761
0.000752774
-0.000560092
0.000936268
0.000898315
-0.000460264
0.000366728
0.000411285
-0.000764783
-0.000222413
-0.000454815
0.000370776
0.000294879
-0.000148495
0.000381727
-0.000275296
0.00074157
-0.00066289
0.000653889
0.000915535
0.000878944
-0.000555027
0.000358569
0.000411876
-0.000841502
-0.00029131
-0.000548389
0.00035909
0.000278965
-0.000213696
0.000374366
-0.000357918
0.000719008
-0.000743838
0.000644406
0.00039821
0.000916987
0.000874297
-0.000629474
0.000364112
0.000422957
-0.000895249
-0.00034299
-0.000623161
0.000360884
0.000275218
-0.000360677
0.000362286
-0.000425945
0.000714658
-0.000811968
0.00064264
0.000393243
0.000928161
0.000878125
-0.000685564
0.000377008
0.000439804
-0.000942088
-0.00037923
-0.000679504
0.000370776
0.000279861
-0.0005224
0.000360302
-0.000478314
0.000516273
-0.000862637
0.00049606
0.000411572
0.00094618
0.000889035
-0.000726672
0.000395789
0.000461633
-0.000977338
-0.000402967
-0.000720992
0.000387053
0.000291411
-0.000775951
0.000445582
-0.000517074
0.000463628
-0.000902076
0.000653513
0.000429124
0.000962761
0.000898865
-0.000762751
0.000413212
0.000481601
-0.00100385
-0.000423217
-0.00075708
0.000402472
-0.00112775
-0.000764321
0.00045239
-0.000537924
0.000580433
-0.000924632
0.000594603
0.000454348
0.000987842
0.00091877
-0.000779618
0.000438388
0.000508693
-0.00101334
-0.000427584
-0.000774335
0.000425745
-0.000952774
-0.000693314
0.000477343
-0.000558966
0.000508726
-0.000946201
0.000672324
0.000474785
0.0007798
0.00100427
0.000929919
-0.000806245
0.000454819
0.000527046
-0.00111781
-0.000440154
-0.000800024
0.000441329
-0.000975326
-0.000493953
0.000474944
-0.000586726
0.000546926
-0.000975406
0.000677638
0.000488635
0.000807477
0.00101851
0.000939248
-0.000831701
0.000469049
0.000542997
-0.00113676
-0.00045314
-0.000825208
0.000454447
-0.00101255
-0.000481177
0.000519444
-0.000612365
0.000559798
-0.0010022
0.000684299
0.000501298
0.000814071
0.00103153
0.000947694
-0.000855247
0.000482074
0.000557569
-0.00115422
-0.000465083
-0.000848427
-0.00105185
-0.00102301
-0.000588411
0.000514379
-0.000624734
0.000565145
-0.00101538
0.000688802
0.000520313
0.000828614
0.00105299
0.000965724
-0.000864422
0.000502514
0.000579251
-0.000970022
-0.000465851
-0.000858776
-0.00105863
-0.00103223
-0.000587165
0.000540385
-0.000635988
0.000596052
-0.00102809
0.000749266
0.000537753
0.000843089
0.00107157
0.000980971
-0.000875141
0.000520147
0.000598061
-0.000794944
-0.000468271
-0.000870317
-0.00106667
-0.00104256
-0.000509711
0.000521262
-0.000648445
0.000593341
-0.00104175
0.000704424
0.000553451
0.000855906
0.00108823
0.000994406
-0.000886518
0.00053594
0.00061497
-0.000800907
-0.000470697
-0.000881347
-0.00107432
-0.00104515
-0.00083803
0.000578622
-0.00065852
0.000649303
-0.00105314
0.000764309
0.000568633
0.000874819
0.00110445
0.00100763
-0.000896261
0.000551318
0.000631369
-0.000953725
-0.000471451
-0.000889937
-0.00107979
-0.00121451
-0.000619235
0.000575302
-0.000667882
0.000629248
-0.00106339
0.000775883
0.000583342
0.000869709
0.00111986
0.0010202
-0.000904924
0.000566043
0.000647037
-0.000959359
-0.000472426
-0.000898315
-0.00103989
-0.00122242
-0.000680441
0.000622834
-0.000676811
0.000656296
-0.0010733
0.000786483
0.000596976
0.000897336
0.00113383
0.00103147
-0.000913548
0.000579494
0.000661368
-0.000965082
-0.000473779
-0.000906639
-0.00104536
-0.00122999
-0.000635074
0.000601392
-0.00068567
0.000656702
-0.00108292
0.00071255
0.000609888
0.000907688
0.001147
0.00104204
-0.000921673
0.000592262
0.000674961
-0.000963727
-0.000475073
-0.000914555
-0.0010505
-0.00123711
-0.000666547
0.000647922
-0.000693999
0.00066179
-0.00109194
0.000866292
0.000621498
0.000916736
0.00115924
0.0010518
-0.000929854
0.000604033
0.000687519
-0.000968295
-0.000476652
-0.000922432
-0.00105573
-0.00124422
-0.000621122
0.000644212
-0.000702366
0.000672869
-0.001101
0.000874848
0.00063258
0.000908753
0.00117046
0.00106065
-0.000937874
0.000614941
0.000699166
-0.00105161
-0.000478138
-0.000929839
-0.00106059
-0.00125082
-0.00088526
0.000618564
-0.00070903
0.00076
-0.00110842
0.000807656
0.000643728
0.000917551
0.001182
0.00107
-0.00094402
0.000626178
0.000711079
-0.00100139
-0.000478708
-0.000935925
-0.00106428
-0.00125613
-0.000692511
0.000647816
-0.000716247
0.000790445
-0.00111624
0.000835133
0.000653756
0.000925339
0.00119233
0.00107819
-0.000950958
0.000636186
0.000721746
-0.00102755
-0.000479953
-0.000942504
-0.00124754
-0.00126127
-0.00066423
0.00069107
-0.000722667
0.000931673
-0.00112347
0.000831202
0.000704854
0.000932568
0.00120141
0.00108527
-0.000957597
0.000645191
0.000731353
-0.00103132
-0.000481395
-0.000948874
-0.00125224
-0.00115014
-0.000709981
0.000655447
-0.000729519
0.000926419
-0.00113064
0.000849886
0.000687446
0.00093905
0.00121035
0.00109228
-0.000963873
0.000653974
0.000740714
-0.00103486
-0.000482662
-0.000954889
-0.00125667
-0.00129034
-0.000681781
0.000657539
-0.000735478
0.00093294
-0.00113694
0.000794112
0.0007299
0.000945715
0.00121905
0.00109916
-0.000969406
0.00066257
0.000749851
-0.0010378
-0.000483493
-0.000960178
-0.00126042
-0.000804053
-0.000578093
0.000670246
-0.000742934
0.000939276
-0.00114477
0.000800586
0.000737116
0.000951016
0.00122623
0.0011045
-0.000976622
0.000669665
0.000757492
-0.00109729
-0.000485791
-0.000966952
-0.00126564
-0.000809835
-0.000641733
0.000696655
-0.000749787
0.000823495
-0.00115166
0.000844648
0.000744218
0.000956233
