0
-1.669e-12
2.95435e-12
7.05925e-12
4.71948e-12
2.72506e-12
7.24938e-12
1.0781e-11
1.0781e-11
7.33236e-12
1.20584e-11
1.60326e-11
1.22573e-11
1.59574e-11
1.36853e-11
1.72525e-11
7.62672e-12
5.39748e-12
5.39748e-12
2.48786e-12
9.73101e-12
1.63866e-11
1.28679e-11
1.73344e-11
1.53273e-11
1.2298e-11
1.2298e-11
1.00007e-11
1.46864e-11
1.80089e-11
1.63901e-11
2.02014e-11
2.4486e-11
2.17315e-11
2.50757e-11
2.50757e-11
2.24057e-11
2.63758e-11
3.00899e-11
2.80114e-11
2.50894e-11
2.89478e-11
2.64274e-11
2.96174e-11
2.96174e-11
2.74748e-11
3.03059e-11
3.30092e-11
3.05373e-11
3.31556e-11
3.15833e-11
3.03626e-11
3.31525e-11
2.61899e-11
2.61899e-11
2.46038e-11
2.68827e-11
2.84993e-11
2.22851e-11
2.12657e-11
2.048e-11
1.90407e-11
2.12114e-11
2.12114e-11
1.99876e-11
2.19861e-11
1.67641e-11
1.88289e-11
1.80044e-11
2.0189e-11
1.8858e-11
1.8858e-11
1.78295e-11
1.96139e-11
1.48365e-11
1.66725e-11
1.55123e-11
1.68799e-11
1.63674e-11
1.83074e-11
1.72915e-11
1.6296e-11
1.6296e-11
1.54621e-11
1.70083e-11
1.59831e-11
1.5081e-11
1.4517e-11
1.41102e-11
1.57905e-11
1.68735e-11
1.83001e-11
1.83001e-11
1.74692e-11
1.88627e-11
1.78591e-11
1.93173e-11
1.87101e-11
1.78419e-11
1.74042e-11
1.88921e-11
4.94309e-09
4.84946e-09
4.76244e-09
4.67578e-09
4.59178e-09
4.51131e-09
4.43646e-09
4.3606e-09
4.29053e-09
4.22266e-09
4.00633e-08
3.87196e-08
3.74697e-08
3.62979e-08
3.51927e-08
3.41537e-08
3.31753e-08
3.22537e-08
3.1382e-08
3.05545e-08
2.97666e-08
6.87261e-08
6.47868e-08
6.12791e-08
5.813e-08
5.52872e-08
5.2708e-08
5.03638e-08
4.82127e-08
1.01926e-07
9.54352e-08
8.97143e-08
8.46409e-08
1.68696e-07
1.57334e-07
1.4743e-07
1.38743e-07
1.31027e-07
1.24077e-07
1.17858e-07
1.12207e-07
1.0693e-07
1.85246e-07
1.73546e-07
1.62976e-07
1.53858e-07
1.45706e-07
1.38364e-07
1.31722e-07
1.25722e-07
1.2022e-07
1.1517e-07
1.77257e-07
1.65821e-07
1.55487e-07
1.46609e-07
1.38698e-07
1.31587e-07
1.2515e-07
1.19323e-07
1.14002e-07
1.09127e-07
1.63066e-07
1.55649e-07
1.49124e-07
1.43121e-07
1.37577e-07
1.32463e-07
1.27731e-07
1.23285e-07
1.19141e-07
1.67956e-07
1.61457e-07
1.55173e-07
1.49612e-07
1.44447e-07
1.39623e-07
1.35169e-07
1.3092e-07
1.26928e-07
1.23229e-07
2.13521e-07
2.03276e-07
1.93516e-07
1.85071e-07
1.77464e-07
1.70329e-07
1.6372e-07
1.57596e-07
1.51904e-07
1.46598e-07
1.41688e-07
1.37058e-07
1.872e-07
1.78897e-07
1.70864e-07
1.63928e-07
1.57649e-07
1.51695e-07
1.46168e-07
1.41022e-07
1.36216e-07
1.31727e-07
1.27507e-07
1.23537e-07
1.68228e-07
1.60557e-07
1.53094e-07
1.46729e-07
1.40967e-07
1.35507e-07
1.30436e-07
1.25729e-07
1.21329e-07
1.17231e-07
1.13373e-07
1.09785e-07
1.06385e-07
1.53692e-07
1.45582e-07
1.37734e-07
1.31306e-07
1.25294e-07
1.19799e-07
1.14746e-07
1.10067e-07
1.05731e-07
1.01732e-07
9.79846e-08
9.45514e-08
1.3714e-07
1.32287e-07
1.27905e-07
1.23699e-07
1.19763e-07
1.16029e-07
1.12539e-07
1.09201e-07
1.06056e-07
1.03078e-07
1.00277e-07
9.76193e-08
1.31957e-07
1.28314e-07
1.24987e-07
1.21757e-07
1.18695e-07
1.15734e-07
1.12952e-07
1.1026e-07
1.07714e-07
1.05287e-07
1.02915e-07
1.5046e-07
1.41795e-07
1.34271e-07
1.27371e-07
1.21125e-07
1.15361e-07
1.10076e-07
1.05302e-07
1.00917e-07
9.68558e-08
9.30782e-08
8.95062e-08
1.39721e-07
1.32251e-07
1.25727e-07
1.19705e-07
1.14215e-07
1.091e-07
1.04474e-07
1.00136e-07
9.61789e-08
9.24857e-08
8.90858e-08
1.42726e-07
1.34949e-07
1.28172e-07
1.21943e-07
1.16271e-07
1.11096e-07
1.06294e-07
1.01901e-07
9.77166e-08
9.38314e-08
9.0317e-08
1.51491e-07
1.42963e-07
1.35556e-07
1.28786e-07
1.22645e-07
1.17055e-07
1.11767e-07
1.0689e-07
1.02378e-07
9.83102e-08
9.45576e-08
2.88274e-07
2.54288e-07
2.27922e-07
2.05998e-07
1.87891e-07
1.72535e-07
1.59381e-07
1.47849e-07
1.37724e-07
2.50629e-07
2.29528e-07
2.11944e-07
1.96699e-07
1.83422e-07
1.7156e-07
1.61209e-07
1.51827e-07
2.26886e-07
2.13063e-07
2.01098e-07
1.90294e-07
1.80515e-07
1.71665e-07
1.6338e-07
2.37736e-07
2.23554e-07
2.11286e-07
2.00202e-07
1.90161e-07
1.80829e-07
1.72302e-07
1.64469e-07
1.57434e-07
2.09217e-07
2.00115e-07
1.92059e-07
1.84539e-07
1.77373e-07
1.70896e-07
1.6485e-07
1.59043e-07
1.5375e-07
1.48592e-07
1.93304e-07
1.86693e-07
1.80797e-07
1.75002e-07
1.6972e-07
1.64577e-07
1.59868e-07
1.55228e-07
2.03981e-07
1.93046e-07
1.83219e-07
1.74454e-07
1.66484e-07
1.59171e-07
1.52235e-07
1.46027e-07
2.1192e-07
1.96759e-07
1.83529e-07
1.72191e-07
1.6207e-07
1.52708e-07
1.44597e-07
1.37189e-07
2.06329e-07
1.93149e-07
1.81908e-07
1.71764e-07
1.62323e-07
1.54078e-07
1.46586e-07
1.39785e-07
1.33217e-07
1.86953e-07
1.78407e-07
1.70976e-07
1.63801e-07
1.57435e-07
1.51471e-07
1.45947e-07
1.40451e-07
1.94884e-07
1.84325e-07
1.75285e-07
1.66657e-07
1.58661e-07
1.51693e-07
1.45302e-07
1.394e-07
1.33947e-07
2.03572e-07
1.92342e-07
1.82792e-07
1.74139e-07
1.66187e-07
1.58842e-07
1.51661e-07
1.44946e-07
1.392e-07
1.99239e-07
1.87219e-07
1.77142e-07
1.68073e-07
1.5981e-07
1.5214e-07
1.44723e-07
1.37836e-07
1.94192e-07
1.85175e-07
1.77464e-07
1.70389e-07
1.63317e-07
1.57219e-07
1.51025e-07
1.45217e-07
1.893e-07
1.81647e-07
1.75068e-07
1.68435e-07
1.62722e-07
1.57165e-07
1.52136e-07
1.46932e-07
2.00585e-07
1.88912e-07
1.79117e-07
1.69682e-07
1.61646e-07
1.53717e-07
1.46451e-07
1.40325e-07
1.34582e-07
1.84844e-07
1.76497e-07
1.69406e-07
1.62911e-07
1.56923e-07
1.5077e-07
1.44938e-07
1.39552e-07
1.34899e-07
1.30528e-07
1.72109e-07
1.64967e-07
1.58919e-07
1.53352e-07
1.48105e-07
1.43201e-07
1.38096e-07
1.33217e-07
1.28681e-07
1.98734e-07
1.91389e-07
1.85144e-07
1.78804e-07
1.73337e-07
1.6765e-07
1.62777e-07
1.58154e-07
1.53254e-07
1.48867e-07
2.02402e-07
1.88694e-07
1.77538e-07
1.66785e-07
1.56998e-07
1.4814e-07
1.40814e-07
1.33347e-07
1.27202e-07
1.21579e-07
1.87055e-07
1.74116e-07
1.63694e-07
1.53374e-07
1.45095e-07
1.36745e-07
1.29122e-07
1.22907e-07
1.16436e-07
1.1119e-07
1.7311e-07
1.60308e-07
1.50163e-07
1.41236e-07
1.3324e-07
1.25034e-07
1.18134e-07
1.11366e-07
1.05102e-07
9.93245e-08
1.57203e-07
1.47809e-07
1.40269e-07
1.32562e-07
1.25554e-07
1.19547e-07
1.14324e-07
1.08759e-07
1.04286e-07
1.00136e-07
1.50988e-07
1.44043e-07
1.38427e-07
1.33291e-07
1.28497e-07
1.23297e-07
1.18376e-07
1.13708e-07
1.09665e-07
1.54008e-07
1.4784e-07
1.42894e-07
1.37613e-07
1.33273e-07
1.28509e-07
1.23965e-07
1.19612e-07
1.16125e-07
1.48774e-07
1.43483e-07
1.39254e-07
1.3528e-07
1.30879e-07
1.26652e-07
1.23263e-07
1.19484e-07
1.55582e-07
1.49315e-07
1.44345e-07
1.38947e-07
1.34594e-07
1.29772e-07
1.25909e-07
1.21494e-07
1.17284e-07
1.61283e-07
1.53105e-07
1.46699e-07
1.39806e-07
1.33486e-07
1.27561e-07
1.22855e-07
1.1753e-07
1.13447e-07
1.55445e-07
1.48798e-07
1.43589e-07
1.37854e-07
1.3251e-07
1.27354e-07
1.23356e-07
1.18832e-07
1.15234e-07
1.11031e-07
1.63196e-07
1.53343e-07
1.45765e-07
1.37725e-07
1.30213e-07
1.23441e-07
1.1704e-07
1.12178e-07
1.07612e-07
2.30088e-07
2.14565e-07
2.02485e-07
1.90066e-07
1.78992e-07
1.70132e-07
1.60834e-07
2.22214e-07
2.09651e-07
1.99784e-07
1.89461e-07
1.79973e-07
1.71021e-07
1.6404e-07
1.57647e-07
1.51651e-07
1.46095e-07
1.89692e-07
1.81234e-07
1.74673e-07
1.68613e-07
1.61809e-07
1.55248e-07
1.50263e-07
1.45519e-07
1.39975e-07
1.3483e-07
1.89971e-07
1.77853e-07
1.68697e-07
1.60465e-07
1.51421e-07
1.43151e-07
1.35359e-07
1.29593e-07
1.22806e-07
1.17822e-07
2.92814e-07
2.61113e-07
2.37962e-07
2.18491e-07
2.01688e-07
1.84873e-07
1.69906e-07
3.11086e-07
2.7637e-07
2.51164e-07
2.26658e-07
2.08818e-07
1.90835e-07
1.77415e-07
1.63538e-07
2.36496e-07
2.13951e-07
1.97509e-07
1.80713e-07
1.68417e-07
1.55414e-07
1.4577e-07
1.37163e-07
1.27351e-07
1.18386e-07
1.90712e-07
1.74236e-07
1.62264e-07
1.49357e-07
1.40106e-07
1.29957e-07
1.20556e-07
1.13812e-07
1.06226e-07
1.82023e-07
1.67999e-07
1.57696e-07
1.46772e-07
1.38569e-07
1.29449e-07
1.20932e-07
1.131e-07
1.7588e-07
1.64124e-07
1.55335e-07
1.45827e-07
1.36974e-07
1.28797e-07
1.22836e-07
1.17215e-07
1.10827e-07
1.6907e-07
1.57681e-07
1.4918e-07
1.40003e-07
1.31431e-07
1.25143e-07
1.17786e-07
1.11109e-07
1.04763e-07
1.00103e-07
1.44726e-07
1.3715e-07
1.31467e-07
1.26173e-07
1.20059e-07
1.15559e-07
1.10218e-07
1.05021e-07
1.00158e-07
1.41563e-07
1.3461e-07
1.29382e-07
1.245e-07
1.18744e-07
1.14505e-07
1.09429e-07
1.04714e-07
1.0007e-07
9.57055e-08
9.26061e-08
1.28825e-07
1.2294e-07
1.18542e-07
1.13343e-07
1.09557e-07
1.05866e-07
1.0152e-07
9.73388e-08
9.42472e-08
9.04932e-08
8.68078e-08
1.32592e-07
1.24384e-07
1.18315e-07
1.11343e-07
1.06379e-07
1.00291e-07
9.58188e-08
9.061e-08
8.57851e-08
8.21478e-08
7.87868e-08
1.25196e-07
1.19214e-07
1.14816e-07
1.09526e-07
1.05693e-07
1.00967e-07
9.65985e-08
9.33031e-08
8.91826e-08
8.54242e-08
8.16941e-08
1.1561e-07
1.0957e-07
1.05143e-07
9.98485e-08
9.49746e-08
9.02828e-08
8.59616e-08
8.28875e-08
7.98564e-08
7.70015e-08
7.42309e-08
1.08706e-07
1.03973e-07
1.00538e-07
9.72734e-08
9.33257e-08
8.94933e-08
8.68142e-08
8.32047e-08
7.98453e-08
1.28772e-07
1.18511e-07
1.11079e-07
1.02654e-07
9.66894e-08
9.10864e-08
8.60454e-08
7.99019e-08
7.44032e-08
1.47627e-07
1.3492e-07
1.25704e-07
1.15761e-07
1.0852e-07
1.01776e-07
9.39583e-08
8.68057e-08
8.03253e-08
7.57657e-08
1.35727e-07
1.25259e-07
1.17663e-07
1.09265e-07
1.03093e-07
9.57577e-08
8.8953e-08
8.27147e-08
7.82568e-08
7.30332e-08
1.25996e-07
1.17143e-07
1.10685e-07
1.03451e-07
9.80909e-08
9.17074e-08
8.56885e-08
8.02564e-08
7.62398e-08
7.13183e-08
1.42587e-07
1.31269e-07
1.22939e-07
1.13895e-07
1.05434e-07
9.9217e-08
9.35988e-08
8.69319e-08
8.20854e-08
7.65016e-08
1.3549e-07
1.25147e-07
1.17596e-07
1.09233e-07
1.01369e-07
9.56072e-08
8.90595e-08
8.42699e-08
7.84802e-08
7.30116e-08
1.36267e-07
1.24447e-07
1.15832e-07
1.06246e-07
9.76091e-08
8.98251e-08
8.28694e-08
7.76204e-08
7.2878e-08
1.37533e-07
1.26612e-07
1.18588e-07
1.09677e-07
1.02849e-07
9.53284e-08
8.85476e-08
8.35368e-08
7.74521e-08
1.26613e-07
1.18203e-07
1.11998e-07
1.06204e-07
1.00929e-07
9.45362e-08
8.87163e-08
8.44524e-08
7.9211e-08
1.40776e-07
1.29072e-07
1.20502e-07
1.10885e-07
1.03955e-07
9.73664e-08
9.00312e-08
8.4671e-08
7.83448e-08
7.23516e-08
6.6873e-08
1.22257e-07
1.14294e-07
1.08448e-07
1.01738e-07
9.65933e-08
9.1898e-08
8.75908e-08
8.21722e-08
7.72859e-08
1.13918e-07
1.06693e-07
1.01459e-07
9.52472e-08
8.94505e-08
8.51063e-08
8.00277e-08
7.63643e-08
7.16996e-08
6.84203e-08
6.41991e-08
6.03866e-08
1.18078e-07
1.06639e-07
9.83977e-08
8.94273e-08
8.24978e-08
7.65407e-08
6.95314e-08
6.3195e-08
5.7214e-08
5.29837e-08
1.16853e-07
1.06936e-07
9.97598e-08
9.31586e-08
8.6882e-08
8.14717e-08
7.50231e-08
6.90911e-08
6.34272e-08
5.81867e-08
5.32901e-08
1.2914e-07
1.14386e-07
1.03896e-07
9.246e-08
8.40424e-08
7.51097e-08
6.8715e-08
6.28327e-08
5.59504e-08
4.9597e-08
4.3987e-08
1.12251e-07
1.01317e-07
9.18257e-08
8.44696e-08
7.63666e-08
7.06897e-08
6.40176e-08
5.78404e-08
1.31811e-07
1.18769e-07
1.07388e-07
9.85527e-08
9.09781e-08
8.24249e-08
7.48208e-08
6.76574e-08
6.11945e-08
5.67336e-08
1.15395e-07
1.04662e-07
9.70823e-08
8.95699e-08
8.31412e-08
7.74084e-08
7.03415e-08
6.40002e-08
1.36458e-07
1.21853e-07
1.09218e-07
9.94661e-08
9.12853e-08
8.40863e-08
7.56213e-08
6.78282e-08
6.08607e-08
1.35024e-07
1.22104e-07
1.1071e-07
1.00488e-07
9.25796e-08
8.58674e-08
7.98871e-08
7.25177e-08
6.60101e-08
6.00761e-08
1.12999e-07
1.04278e-07
9.6517e-08
9.04028e-08
8.51442e-08
7.86578e-08
7.27452e-08
6.72537e-08
6.34317e-08
5.84636e-08
5.39755e-08
1.02844e-07
9.60288e-08
8.98957e-08
8.53619e-08
8.12181e-08
7.59404e-08
7.09692e-08
6.623e-08
1.07989e-07
1.00922e-07
9.43626e-08
8.83007e-08
8.38841e-08
7.86328e-08
7.36567e-08
6.88917e-08
6.55548e-08
1.02871e-07
9.68246e-08
9.25568e-08
8.84932e-08
8.33632e-08
7.86547e-08
7.40883e-08
1.18189e-07
1.10867e-07
1.04144e-07
9.92902e-08
9.47042e-08
8.89458e-08
8.36524e-08
1.27597e-07
1.20358e-07
1.13663e-07
1.08782e-07
1.04299e-07
9.86957e-08
9.32147e-08
8.82027e-08
8.32929e-08
7.87456e-08
1.35976e-07
1.25532e-07
1.16146e-07
1.09231e-07
1.03066e-07
9.54155e-08
8.82818e-08
8.18727e-08
1.43972e-07
1.30318e-07
1.18207e-07
1.07329e-07
9.76575e-08
9.07278e-08
8.25164e-08
7.51049e-08
6.98033e-08
1.46515e-07
1.32765e-07
1.23174e-07
1.14493e-07
1.06852e-07
9.74349e-08
8.86899e-08
8.08631e-08
7.34582e-08
1.28598e-07
1.18853e-07
1.12245e-07
1.04124e-07
9.63313e-08
9.11768e-08
8.45045e-08
8.00567e-08
7.42078e-08
1.29856e-07
1.18008e-07
1.10154e-07
1.00178e-07
9.1344e-08
8.55319e-08
8.00983e-08
7.29026e-08
6.64608e-08
6.03064e-08
1.21096e-07
1.10735e-07
1.04021e-07
9.54076e-08
8.98307e-08
8.22871e-08
7.74803e-08
7.08507e-08
6.46502e-08
1.15141e-07
1.06371e-07
1.00823e-07
9.3157e-08
8.61965e-08
8.17563e-08
7.54105e-08
6.96324e-08
6.43942e-08
5.91904e-08
1.06524e-07
9.8181e-08
9.28731e-08
8.55782e-08
7.88074e-08
7.24682e-08
6.67168e-08
6.3105e-08
5.96767e-08
5.4912e-08
5.04083e-08
4.59827e-08
9.48697e-08
8.68673e-08
8.1851e-08
7.4877e-08
6.83827e-08
6.2464e-08
5.69641e-08
5.17469e-08
4.70125e-08
4.39897e-08
4.12532e-08
3.86566e-08
3.45425e-08
7.61024e-08
7.02102e-08
6.6645e-08
6.13655e-08
5.64801e-08
5.19626e-08
4.91493e-08
4.48496e-08
4.23961e-08
3.87557e-08
3.52051e-08
7.49452e-08
6.96381e-08
6.64484e-08
6.1641e-08
5.72075e-08
5.29901e-08
4.88845e-08
4.6487e-08
4.28869e-08
8.2328e-08
7.67593e-08
7.33504e-08
6.83738e-08
6.38135e-08
5.94612e-08
5.52329e-08
5.11154e-08
4.72335e-08
4.4937e-08
8.08078e-08
7.54013e-08
7.20597e-08
6.73503e-08
6.28493e-08
5.84846e-08
5.43588e-08
5.04241e-08
4.66054e-08
4.29942e-08
8.56705e-08
7.88432e-08
7.4491e-08
6.83937e-08
6.28102e-08
5.7475e-08
5.26135e-08
4.7981e-08
4.37671e-08
8.79552e-08
8.08833e-08
7.42556e-08
6.8316e-08
6.2597e-08
5.93054e-08
5.4198e-08
9.50612e-08
8.84883e-08
8.23292e-08
7.65813e-08
7.11865e-08
6.60982e-08
6.13519e-08
5.67939e-08
5.2579e-08
9.62675e-08
8.99764e-08
8.40867e-08
7.85324e-08
7.34209e-08
6.8473e-08
6.38836e-08
5.94726e-08
5.53327e-08
1.02317e-07
9.29837e-08
8.45117e-08
7.66763e-08
6.94423e-08
6.27854e-08
5.66809e-08
5.10429e-08
4.77421e-08
4.26912e-08
9.68905e-08
8.7085e-08
7.81516e-08
7.00553e-08
6.26249e-08
5.58411e-08
4.94853e-08
4.36227e-08
1.04687e-07
9.39478e-08
8.42975e-08
7.55225e-08
6.74594e-08
6.0069e-08
5.33161e-08
4.70375e-08
4.12652e-08
3.59296e-08
9.48775e-08
8.58056e-08
7.75589e-08
6.99516e-08
6.29608e-08
5.64906e-08
5.04597e-08
4.48758e-08
3.97134e-08
1.20563e-07
1.10521e-07
1.01358e-07
9.29348e-08
8.51476e-08
7.79438e-08
7.11899e-08
6.49342e-08
5.91089e-08
5.36556e-08
8.07498e-08
7.41351e-08
6.79932e-08
6.22288e-08
5.68031e-08
5.17908e-08
4.70414e-08
4.25824e-08
3.83711e-08
8.7945e-08
7.87267e-08
7.03171e-08
6.25722e-08
5.54847e-08
4.90188e-08
4.29535e-08
3.73449e-08
3.21854e-08
2.73115e-08
8.31978e-08
7.49499e-08
6.73506e-08
6.03591e-08
5.39135e-08
4.79741e-08
4.23369e-08
3.71926e-08
3.2298e-08
2.77692e-08
7.82565e-08
7.01348e-08
6.26438e-08
5.57558e-08
4.93672e-08
4.34732e-08
3.80281e-08
3.29882e-08
2.82027e-08
2.37296e-08
1.95789e-08
1.55786e-08
6.06783e-08
5.42311e-08
4.82037e-08
4.26078e-08
3.74492e-08
3.26122e-08
2.80323e-08
2.37442e-08
1.97107e-08
1.59781e-08
5.6366e-08
5.13833e-08
4.66379e-08
4.21738e-08
3.80806e-08
3.41415e-08
3.17566e-08
2.808e-08
2.46787e-08
2.14047e-08
1.83056e-08
6.82402e-08
5.93053e-08
5.11152e-08
4.37622e-08
3.69223e-08
3.07017e-08
2.51249e-08
1.97897e-08
1.4813e-08
1.21278e-08
7.91507e-09
3.87712e-09
7.49126e-08
6.20452e-08
5.06794e-08
4.07223e-08
3.18118e-08
2.40354e-08
1.68561e-08
1.04357e-08
4.61616e-09
1.16813e-07
9.42265e-08
7.54581e-08
5.98312e-08
4.64422e-08
3.5142e-08
2.86925e-08
1.98459e-08
1.17824e-08
1.04696e-07
8.85289e-08
7.44184e-08
6.22333e-08
5.15872e-08
4.18978e-08
3.32251e-08
2.55633e-08
1.86262e-08
1.49863e-08
1.09277e-07
9.23746e-08
7.76746e-08
6.50059e-08
5.75053e-08
4.71747e-08
3.83199e-08
3.02475e-08
2.29279e-08
1.62646e-08
1.01438e-08
1.35087e-07
1.2201e-07
1.10112e-07
9.9408e-08
9.25525e-08
8.3445e-08
7.52038e-08
6.75853e-08
6.04447e-08
5.61717e-08
5.23711e-08
4.65816e-08
1.05814e-07
9.52118e-08
8.54552e-08
7.94506e-08
7.11565e-08
6.36419e-08
5.66606e-08
5.01072e-08
4.61882e-08
4.05129e-08
3.53361e-08
1.01596e-07
8.89991e-08
8.13007e-08
7.0861e-08
6.15801e-08
5.30112e-08
4.5188e-08
4.06663e-08
3.41884e-08
2.80395e-08
1.14225e-07
9.6388e-08
8.58271e-08
7.20419e-08
6.00272e-08
4.92287e-08
3.96756e-08
3.43274e-08
2.64551e-08
1.05521e-07
9.0597e-08
8.17577e-08
6.98945e-08
6.27445e-08
5.29703e-08
4.43609e-08
3.63319e-08
2.88565e-08
2.21473e-08
1.60597e-08
1.07384e-07
8.89362e-08
7.84571e-08
6.43851e-08
5.62226e-08
4.504e-08
3.512e-08
2.63391e-08
1.84177e-08
1.12598e-08
4.88987e-09
8.18327e-08
6.88131e-08
6.15666e-08
5.10432e-08
4.50359e-08
3.62829e-08
2.84152e-08
2.12218e-08
1.46634e-08
8.76126e-09
3.20707e-09
-1.79748e-09
5.70586e-08
4.92122e-08
4.19612e-08
3.78888e-08
3.15541e-08
2.55487e-08
2.01501e-08
1.51812e-08
1.03713e-08
5.87644e-09
5.27982e-08
4.61403e-08
4.23268e-08
3.63691e-08
3.07769e-08
2.80297e-08
2.31394e-08
1.84978e-08
1.4152e-08
1.01555e-08
6.32164e-08
5.36988e-08
4.82585e-08
4.0153e-08
3.27087e-08
2.60274e-08
2.28412e-08
1.6977e-08
1.157e-08
6.49103e-09
6.71818e-08
5.79205e-08
5.25924e-08
4.46427e-08
3.74229e-08
3.08239e-08
2.46313e-08
1.88891e-08
1.35939e-08
1.12707e-08
6.44048e-08
5.64147e-08
5.18368e-08
4.48324e-08
3.8312e-08
3.22839e-08
2.6705e-08
2.15926e-08
1.67037e-08
1.45232e-08
5.57262e-08
4.9806e-08
4.64672e-08
4.10622e-08
3.83762e-08
3.36386e-08
2.91437e-08
2.47944e-08
2.06844e-08
1.68225e-08
5.81673e-08
5.29777e-08
4.79585e-08
4.33892e-08
3.90112e-08
3.47664e-08
3.07803e-08
2.7059e-08
2.33945e-08
5.48629e-08
4.97384e-08
4.47652e-08
4.0171e-08
3.57273e-08
3.15076e-08
2.75758e-08
2.39554e-08
2.03737e-08
1.71171e-08
5.46661e-08
4.88806e-08
4.32932e-08
3.8055e-08
3.31763e-08
2.87658e-08
2.66201e-08
2.23643e-08
1.84349e-08
1.47953e-08
6.13516e-08
5.34533e-08
4.59795e-08
3.9059e-08
3.29459e-08
2.72301e-08
2.17859e-08
1.9376e-08
1.44556e-08
9.78897e-09
5.52227e-09
5.01212e-08
4.32728e-08
3.67295e-08
3.08759e-08
2.53082e-08
2.01206e-08
1.78759e-08
1.31488e-08
8.95567e-09
4.78437e-09
8.17551e-10
-2.85866e-09
4.21032e-08
3.48403e-08
2.82066e-08
2.19452e-08
1.61623e-08
1.07093e-08
5.65656e-09
3.74696e-09
-5.05048e-10
-4.78979e-09
4.24142e-08
3.5429e-08
2.90597e-08
2.29989e-08
1.73776e-08
1.20253e-08
7.1008e-09
5.2446e-09
7.87121e-10
-3.43409e-09
-7.35883e-09
5.25755e-08
4.25273e-08
3.35998e-08
2.53202e-08
1.77349e-08
1.07537e-08
4.35648e-09
2.1421e-09
-3.47326e-09
-8.5992e-09
-1.34e-08
-1.78224e-08
5.69073e-08
4.46769e-08
3.39941e-08
2.4289e-08
1.55322e-08
7.5806e-09
3.86769e-10
-6.14538e-09
-1.19314e-08
-1.73721e-08
-2.23299e-08
-2.65255e-08
-3.08728e-08
-3.45615e-08
2.40141e-08
1.66858e-08
9.86285e-09
3.52653e-09
-2.38349e-09
-7.83274e-09
-1.2865e-08
-1.74517e-08
-2.17614e-08
-2.57215e-08
-2.9036e-08
-3.22397e-08
-3.54141e-08
-3.86001e-08
-4.1413e-08
-4.40628e-08
-4.6293e-08
4.90255e-09
-6.02734e-09
-1.58426e-08
-2.4284e-08
-3.17911e-08
-3.8421e-08
-4.42993e-08
-4.94137e-08
-5.34763e-08
-5.73068e-08
-6.13116e-08
-6.47014e-08
-6.74152e-08
-7.05424e-08
-3.20131e-08
-5.16836e-08
-6.63796e-08
-7.7481e-08
-8.26209e-08
-8.73821e-08
-9.36053e-08
-9.86618e-08
-1.01806e-07
-1.04805e-07
-1.07696e-07
-1.09683e-07
-1.11918e-07
-1.13501e-07
-7.66981e-08
-8.62641e-08
-9.69427e-08
-1.0591e-07
-1.09003e-07
-1.12489e-07
-1.16205e-07
-1.19267e-07
-1.2248e-07
-1.23841e-07
-1.25705e-07
-1.20837e-07
-1.15697e-07
-1.25292e-07
-1.35591e-07
-1.3286e-07
-1.36712e-07
-1.41856e-07
-1.43866e-07
-1.4539e-07
-1.451e-07
-1.26845e-07
-1.21113e-07
-1.31299e-07
-1.42944e-07
-1.39854e-07
-1.44257e-07
-1.47522e-07
-1.4766e-07
-1.54304e-07
-1.45264e-07
-1.36014e-07
-1.35519e-07
-1.29931e-07
-9.74124e-08
-9.95382e-08
-1.18386e-07
-1.38766e-07
-1.37243e-07
-1.44413e-07
-1.49929e-07
-1.51132e-07
-1.49859e-07
-1.44106e-07
-1.45948e-07
-1.4957e-07
-1.4741e-07
-1.47521e-07
-1.24512e-07
-1.23187e-07
-1.42345e-07
-1.00809e-07
-1.04625e-07
-1.42426e-07
-1.39319e-07
-1.38291e-07
-1.61656e-07
-1.51906e-07
-1.50811e-07
-1.54476e-07
-1.4994e-07
-1.39576e-07
-7.95742e-08
-1.24481e-07
-2.13404e-07
-1.43e-07
-1.55951e-07
-1.64763e-07
-1.54903e-07
-1.90899e-07
-1.75592e-07
-1.84999e-07
-1.99434e-07
-2.20164e-07
-2.18043e-07
-2.07524e-07
-2.06636e-07
-2.40374e-07
-2.35192e-07
-2.54027e-07
-2.48301e-07
-2.37878e-07
-2.34866e-07
-2.27752e-07
-2.22127e-07
-2.32128e-07
-2.15044e-07
-2.16752e-07
-1.80214e-07
-1.95788e-07
-2.15321e-07
-2.01406e-07
-2.09108e-07
-2.20757e-07
-2.2052e-07
-2.00959e-07
-1.77928e-07
-1.99652e-07
-1.57462e-07
-2.03097e-07
-1.86994e-07
-2.04816e-07
-1.75151e-07
-1.76019e-07
-1.76941e-07
-1.84373e-07
-1.9027e-07
-1.90174e-07
-1.94433e-07
-2.09455e-07
-1.91174e-07
-2.22119e-07
-1.78665e-07
-2.31079e-07
-2.14055e-07
-2.34105e-07
-2.00944e-07
-2.10808e-07
-2.18234e-07
-2.42979e-07
-2.39704e-07
-2.42116e-07
-2.29789e-07
-2.36864e-07
-2.31369e-07
-2.44155e-07
-2.12697e-07
-2.61232e-07
-2.08373e-07
-2.75423e-07
-2.55143e-07
-2.79422e-07
-2.38688e-07
-2.50202e-07
-2.83789e-07
-2.79273e-07
-2.8212e-07
-3.02268e-07
-3.0175e-07
-2.95904e-07
-2.90791e-07
-2.78071e-07
-2.4945e-07
-3.0654e-07
-3.85501e-07
-3.47231e-07
-3.70738e-07
-4.15264e-07
-3.97324e-07
-4.24929e-07
-3.87994e-07
-3.48567e-07
-3.47738e-07
-3.25622e-07
-3.02825e-07
-3.05304e-07
-3.11948e-07
-3.13145e-07
-3.09183e-07
-2.87172e-07
-3.37266e-07
-4.08572e-07
-3.76466e-07
-3.99175e-07
-4.40687e-07
-4.24422e-07
-4.50576e-07
-4.15441e-07
-4.02945e-07
-3.67121e-07
-3.46451e-07
-3.41077e-07
-3.47054e-07
-3.21193e-07
-3.90432e-07
-4.79081e-07
-5.53321e-07
-5.22605e-07
-5.6258e-07
-5.05562e-07
-4.85007e-07
-4.33013e-07
-4.12868e-07
-4.13146e-07
-4.1203e-07
-4.22312e-07
-4.02697e-07
-4.66203e-07
-5.52527e-07
-6.25547e-07
-6.70665e-07
-6.08575e-07
-6.20534e-07
-5.55837e-07
-5.30173e-07
-4.98957e-07
-4.83673e-07
-4.67655e-07
-4.44331e-07
-4.28444e-07
-4.08447e-07
-5.39033e-07
-6.78138e-07
-7.81347e-07
-8.40167e-07
-8.49579e-07
-7.41902e-07
-6.64704e-07
-6.21584e-07
-5.62749e-07
-5.58691e-07
-5.7086e-07
-5.63252e-07
-5.15095e-07
-4.92852e-07
-5.89228e-07
-7.01631e-07
-7.90159e-07
-8.42482e-07
-8.48639e-07
-7.23609e-07
-6.38952e-07
-5.87304e-07
-5.36534e-07
-5.3699e-07
-5.4276e-07
-5.3904e-07
-5.41363e-07
-5.4916e-07
-5.28006e-07
-6.1477e-07
-7.18315e-07
-8.01946e-07
-8.52983e-07
-8.61024e-07
-7.39515e-07
-7.36815e-07
-6.61733e-07
-5.84312e-07
-5.40345e-07
-5.11387e-07
-5.13264e-07
-5.19832e-07
-5.17984e-07
-5.09539e-07
-5.07059e-07
-4.82095e-07
-6.134e-07
-7.46134e-07
-8.47478e-07
-9.08708e-07
-9.20632e-07
-7.88991e-07
-7.88803e-07
-7.59152e-07
-7.44978e-07
-6.78723e-07
-5.79172e-07
-5.78427e-07
-5.51229e-07
-5.56844e-07
-5.54493e-07
-5.51297e-07
-5.29479e-07
-6.90311e-07
-8.42466e-07
-9.54623e-07
-1.0207e-06
-1.01208e-06
-9.62009e-07
-9.35714e-07
-8.35872e-07
-7.32673e-07
-6.89293e-07
-6.65542e-07
-6.63514e-07
-6.40604e-07
-9.71756e-07
-1.13535e-06
-1.08104e-06
-9.19569e-07
-6.96726e-07
-6.42291e-07
-6.32916e-07
-6.05593e-07
-5.79153e-07
-1.09809e-06
-1.32903e-06
-1.26695e-06
-1.06275e-06
-8.62432e-07
-6.50644e-07
-4.95649e-07
-5.50987e-07
-5.40469e-07
-4.75037e-07
-1.18108e-06
-9.08258e-07
-4.219e-07
-1.31639e-07
-4.49645e-08
-2.59578e-07
-4.6274e-07
-5.06905e-07
-4.80641e-07
-1.01972e-06
-5.12812e-07
-8.42487e-07
-5.40251e-07
-7.29515e-07
-5.93804e-07
-5.50375e-07
-6.40689e-07
-6.587e-07
-6.39758e-07
-1.04465e-06
-1.29013e-06
-1.10288e-06
-1.1022e-06
-8.99874e-07
-9.36204e-07
-7.33042e-07
-5.80324e-07
-6.62668e-07
-5.90799e-07
-6.34204e-07
-6.08044e-07
-1.12092e-06
-1.4106e-06
-1.20155e-06
-1.21028e-06
-1.30596e-06
-1.32839e-06
-1.14752e-06
-9.94888e-07
-8.72601e-07
-7.69962e-07
-6.91371e-07
-7.46454e-07
-6.58225e-07
-6.26126e-07
-1.32015e-06
-8.2546e-07
-6.31283e-07
-4.65591e-07
-2.52467e-07
-4.7976e-07
-3.39657e-07
-2.88513e-07
-2.27524e-07
-1.97339e-06
-1.11456e-06
-7.47483e-07
-5.3802e-07
-4.35615e-07
-3.21434e-07
-2.62422e-07
-2.37935e-07
1.77479e-07
1.88173e-07
2.85973e-07
2.55708e-07
2.89835e-07
3.12502e-07
-1.02102e-07
-7.54478e-08
3.16639e-07
-6.56598e-07
-5.2845e-07
-3.24077e-07
-9.909e-08
-7.06723e-08
-2.06821e-08
-1.93853e-09
3.17289e-07
4.73451e-07
5.15162e-07
6.54375e-07
6.05579e-07
6.29762e-07
8.49884e-07
9.54363e-07
9.17554e-07
8.17542e-07
9.41988e-07
9.92668e-07
1.02372e-06
1.17825e-06
1.20735e-06
1.35613e-06
1.33336e-06
1.35231e-06
1.3991e-06
1.55318e-06
1.60601e-06
1.51794e-06
1.44143e-06
1.32589e-06
1.34179e-06
1.19845e-06
1.21655e-06
1.28989e-06
1.40827e-06
1.33034e-06
1.30252e-06
1.36484e-06
1.17023e-06
1.13749e-06
1.1642e-06
1.17993e-06
1.43131e-06
1.47036e-06
1.45542e-06
1.16992e-06
1.15343e-06
1.13383e-06
1.05265e-06
1.05481e-06
1.07396e-06
1.14311e-06
1.21869e-06
1.30091e-06
1.24475e-06
1.01666e-06
1.0645e-06
1.1149e-06
1.13254e-06
1.21209e-06
1.34318e-06
1.37808e-06
1.33191e-06
1.22138e-06
8.87898e-07
1.03386e-06
1.05559e-06
1.33408e-06
1.38729e-06
1.3833e-06
1.20153e-06
1.12069e-06
1.00858e-06
9.89901e-07
8.11498e-07
8.28355e-07
3.13412e-07
4.49544e-07
3.97575e-07
5.14368e-07
4.01192e-07
2.87355e-07
2.85978e-07
3.00497e-07
2.87833e-07
4.18769e-07
7.0328e-07
7.70461e-07
8.13633e-07
7.2557e-07
7.83053e-07
6.10194e-07
6.29293e-07
4.37374e-07
5.64716e-07
8.6783e-07
9.46568e-07
9.75998e-07
1.0591e-06
8.08955e-07
8.25486e-07
1.3041e-07
5.07257e-07
1.19243e-06
1.3345e-06
1.29295e-06
1.54203e-06
1.4971e-06
1.5314e-06
1.53894e-06
1.55103e-06
1.43717e-06
1.49843e-06
1.74711e-06
2.14015e-06
2.18996e-06
2.56161e-06
2.6154e-06
2.6191e-06
1.9053e-06
1.9169e-06
1.78112e-06
1.69538e-06
1.8906e-06
9.33174e-07
1.45526e-06
1.81904e-06
1.87641e-06
1.55173e-06
1.56469e-06
1.40486e-06
1.31101e-06
3.65975e-07
7.87561e-07
1.23189e-06
1.34089e-06
1.06449e-06
1.53972e-06
1.55755e-06
1.62123e-06
1.65173e-06
1.68269e-06
1.47228e-06
1.19738e-06
1.63329e-06
1.98421e-06
1.30733e-06
1.40873e-06
1.43917e-06
1.58175e-06
1.58687e-06
1.59816e-06
1.40044e-06
1.14375e-06
5.21323e-07
9.50857e-07
9.86581e-07
1.19081e-06
1.42237e-06
1.63078e-06
1.64779e-06
1.63435e-06
1.49552e-06
1.50545e-06
1.29067e-06
1.01699e-06
3.23849e-07
7.11711e-07
1.04046e-06
1.13008e-06
9.84286e-07
9.87556e-07
1.13034e-06
1.28101e-06
1.38088e-06
1.39051e-06
1.14078e-06
8.44345e-07
1.2223e-07
6.19769e-07
7.61467e-07
9.89496e-07
1.16041e-06
1.14039e-06
1.36418e-06
1.48738e-06
1.48214e-06
1.48797e-06
1.4951e-06
1.19348e-06
8.70543e-07
1.52489e-07
3.57059e-07
6.48018e-07
6.74935e-07
7.61163e-07
9.19041e-07
1.1116e-06
1.30252e-06
1.25364e-06
1.30868e-06
1.31728e-06
1.98489e-06
1.55152e-06
1.13512e-06
1.19423e-06
1.41313e-06
1.34401e-06
1.36041e-06
1.44785e-06
1.4801e-06
1.60946e-06
1.70678e-06
1.58231e-06
1.64212e-06
1.64951e-06
2.1789e-06
1.7122e-06
1.25464e-06
1.28784e-06
1.49467e-06
1.41532e-06
1.42095e-06
1.50544e-06
1.60304e-06
1.56517e-06
1.68699e-06
1.67418e-06
1.5352e-06
1.63972e-06
1.63212e-06
1.69764e-06
1.70293e-06
2.24707e-06
1.71688e-06
1.202e-06
1.23336e-06
1.45597e-06
1.37269e-06
1.37602e-06
1.46755e-06
1.56531e-06
1.69421e-06
1.65744e-06
1.5094e-06
1.51592e-06
1.40258e-06
1.50869e-06
1.58253e-06
1.57716e-06
-1.27187e-06
-1.56293e-06
-1.6745e-06
-7.26619e-07
-2.19299e-07
3.4342e-07
7.36953e-07
7.75386e-07
9.41487e-07
7.87214e-07
9.76662e-07
9.77441e-07
1.51277e-06
6.49068e-07
1.56864e-07
-1.93248e-07
1.23748e-07
3.34926e-07
6.11719e-07
8.31533e-07
9.41485e-07
7.66479e-07
9.22461e-07
8.90792e-07
8.92785e-07
1.42392e-06
4.93416e-07
-7.3913e-09
-3.72298e-07
-4.32907e-08
2.92416e-07
3.07779e-07
4.58698e-07
2.34328e-07
3.97926e-07
5.51496e-07
5.88442e-07
6.53697e-07
6.54209e-07
1.12666e-06
3.01272e-07
-1.92591e-07
1.13775e-07
1.40725e-07
3.2566e-07
9.27168e-07
1.06714e-06
1.45552e-06
1.52421e-06
1.52556e-06
1.28604e-06
1.2867e-06
1.52586e-06
1.55201e-06
1.27242e-06
6.84433e-07
1.36291e-06
1.44428e-06
1.43043e-06
1.79209e-06
1.73296e-06
1.73302e-06
1.75807e-06
1.38941e-06
1.12071e-06
1.12525e-06
1.20236e-06
1.70376e-06
2.06873e-06
2.04663e-06
1.95736e-06
1.95736e-06
1.71273e-06
1.63631e-06
1.58193e-06
1.58577e-06
1.5911e-06
1.82436e-06
1.82436e-06
1.78991e-06
1.71695e-06
1.71695e-06
1.69092e-06
1.63171e-06
1.8186e-06
1.75911e-06
1.88589e-06
2.02554e-06
1.99533e-06
1.96435e-06
1.7397e-06
1.7397e-06
1.71046e-06
1.65979e-06
1.45904e-06
1.57319e-06
1.5136e-06
1.49806e-06
1.4921e-06
1.4921e-06
1.47446e-06
1.44188e-06
1.41392e-06
1.50138e-06
1.49228e-06
1.47574e-06
1.47574e-06
1.45794e-06
1.44243e-06
1.40292e-06
1.37797e-06
1.26801e-06
1.26518e-06
1.24385e-06
1.30215e-06
1.30215e-06
1.28933e-06
1.27841e-06
1.33558e-06
1.24831e-06
1.30531e-06
1.34726e-06
1.33088e-06
1.32357e-06
1.30305e-06
1.30305e-06
1.28974e-06
1.27825e-06
1.2589e-06
1.30285e-06
1.27705e-06
1.27018e-06
1.25239e-06
1.19671e-06
1.19667e-06
1.1856e-06
1.17976e-06
1.15921e-06
1.19965e-06
1.1369e-06
1.16734e-06
1.21094e-06
1.24151e-06
1.27027e-06
1.27022e-06
1.24983e-06
1.33851e-06
1.32599e-06
1.27456e-06
1.26364e-06
1.16138e-06
1.22712e-06
1.19832e-06
1.19764e-06
1.17897e-06
1.2644e-06
1.22883e-06
1.30542e-06
1.25773e-06
1.24684e-06
1.13357e-06
1.1095e-06
1.10313e-06
1.10254e-06
1.19632e-06
1.15984e-06
1.24102e-06
1.19011e-06
1.17965e-06
1.06336e-06
1.05677e-06
1.03296e-06
9.52387e-07
9.51563e-07
9.4018e-07
1.03105e-06
9.28517e-07
9.99438e-07
8.9087e-07
9.68588e-07
9.34204e-07
1.00099e-06
1.00017e-06
9.83517e-07
8.70541e-07
9.51235e-07
1.03528e-06
9.92219e-07
1.06412e-06
1.0476e-06
1.02083e-06
9.18501e-07
8.9669e-07
8.95582e-07
8.78887e-07
7.31969e-07
8.47174e-07
9.63148e-07
9.11994e-07
8.82336e-07
8.38567e-07
8.29488e-07
8.27786e-07
8.11644e-07
6.55848e-07
7.82769e-07
9.09104e-07
8.92333e-07
1.02442e-06
9.67866e-07
1.05858e-06
1.13239e-06
9.95963e-07
1.19271e-06
1.25756e-06
1.25605e-06
1.21481e-06
1.08706e-06
1.14366e-06
1.20523e-06
1.17425e-06
1.23445e-06
1.18228e-06
1.13291e-06
1.17916e-06
1.17752e-06
1.1308e-06
9.78513e-07
1.05383e-06
1.13354e-06
1.0999e-06
1.17484e-06
1.23287e-06
1.17255e-06
1.12817e-06
1.10705e-06
1.08737e-06
1.05001e-06
1.04804e-06
1.0076e-06
8.63863e-07
9.42355e-07
1.02469e-06
9.89136e-07
1.06809e-06
1.02285e-06
1.08398e-06
1.1596e-06
1.13624e-06
1.09582e-06
1.09385e-06
1.05038e-06
9.11219e-07
9.80035e-07
1.05331e-06
1.0107e-06
9.67432e-07
9.18081e-07
9.9945e-07
1.06131e-06
1.11709e-06
1.1148e-06
1.0687e-06
9.29675e-07
9.94561e-07
1.06417e-06
1.01541e-06
1.07441e-06
1.0204e-06
1.08912e-06
1.03793e-06
1.00639e-06
9.88085e-07
9.86013e-07
9.58229e-07
8.69201e-07
9.12293e-07
9.59453e-07
9.27365e-07
9.12571e-07
9.65004e-07
9.29173e-07
9.07042e-07
8.75034e-07
9.14728e-07
9.53719e-07
9.51812e-07
9.29531e-07
8.60631e-07
8.92438e-07
9.27615e-07
9.01762e-07
9.32643e-07
9.02734e-07
9.43979e-07
8.69259e-07
8.54367e-07
8.52567e-07
8.18397e-07
6.98674e-07
7.66651e-07
8.38528e-07
9.09736e-07
9.80858e-07
9.29383e-07
9.80954e-07
9.33568e-07
9.08696e-07
9.52586e-07
9.5025e-07
9.16664e-07
8.16237e-07
8.72279e-07
9.28734e-07
9.88364e-07
1.0278e-06
1.07387e-06
1.02743e-06
1.0061e-06
9.80906e-07
9.47805e-07
9.46015e-07
9.16791e-07
8.325e-07
8.7661e-07
8.49358e-07
8.95354e-07
9.37919e-07
9.01658e-07
8.13146e-07
8.50002e-07
8.86329e-07
8.54783e-07
8.41305e-07
8.39331e-07
8.05443e-07
6.99229e-07
7.64097e-07
7.47523e-07
8.0341e-07
8.62211e-07
9.16357e-07
9.74712e-07
9.28879e-07
8.87479e-07
7.88547e-07
7.28416e-07
7.16667e-07
7.14011e-07
6.79002e-07
5.57507e-07
6.42703e-07
6.28583e-07
6.07394e-07
6.80717e-07
7.60335e-07
7.14781e-07
7.78967e-07
6.65578e-07
7.19365e-07
7.16376e-07
6.81246e-07
5.65265e-07
6.43804e-07
6.2875e-07
6.07078e-07
6.73607e-07
7.33135e-07
8.03555e-07
7.77089e-07
7.34913e-07
6.97276e-07
7.49396e-07
7.92351e-07
7.89473e-07
7.51413e-07
6.40144e-07
7.06822e-07
6.87998e-07
6.63738e-07
7.21217e-07
7.80746e-07
7.3664e-07
8.6861e-07
9.10824e-07
8.65108e-07
9.00225e-07
8.71042e-07
8.68284e-07
8.33221e-07
7.48879e-07
7.85778e-07
7.594e-07
7.92259e-07
7.63861e-07
7.26756e-07
7.66661e-07
7.32998e-07
7.63954e-07
7.61275e-07
7.34107e-07
6.6461e-07
6.98448e-07
6.77572e-07
6.52475e-07
6.8487e-07
7.13609e-07
6.84256e-07
6.546e-07
6.89685e-07
6.87652e-07
6.65906e-07
6.07952e-07
6.37899e-07
6.20885e-07
6.56768e-07
6.82948e-07
6.55495e-07
6.85068e-07
7.10051e-07
6.84981e-07
6.65163e-07
6.63257e-07
6.42866e-07
5.88372e-07
6.16789e-07
6.04647e-07
6.38685e-07
6.184e-07
5.93915e-07
6.19605e-07
6.42916e-07
6.2043e-07
6.18645e-07
5.99761e-07
5.48156e-07
5.76306e-07
6.10517e-07
5.90802e-07
5.66179e-07
5.91184e-07
5.69542e-07
5.97131e-07
6.20472e-07
5.64788e-07
5.55648e-07
5.5384e-07
5.36627e-07
4.87458e-07
5.16401e-07
5.51219e-07
5.32956e-07
5.23339e-07
5.52564e-07
5.76698e-07
6.0113e-07
5.78879e-07
5.58876e-07
5.25192e-07
5.23466e-07
5.07004e-07
4.59511e-07
4.88154e-07
4.69406e-07
4.57581e-07
4.38514e-07
4.04759e-07
4.31125e-07
4.57478e-07
4.38272e-07
4.36501e-07
4.23953e-07
3.85081e-07
4.10739e-07
3.97294e-07
3.67461e-07
3.50883e-07
3.35048e-07
3.21415e-07
3.46528e-07
3.69554e-07
3.64195e-07
3.62043e-07
3.36835e-07
2.52654e-07
3.19075e-07
2.57242e-07
2.36113e-07
2.30427e-07
2.87083e-07
3.42551e-07
3.22286e-07
2.97462e-07
2.7051e-07
3.17745e-07
3.14146e-07
2.90081e-07
2.07235e-07
2.75482e-07
2.14905e-07
2.02176e-07
1.96977e-07
2.58309e-07
3.14418e-07
2.88155e-07
3.40062e-07
3.2033e-07
3.12564e-07
3.09108e-07
2.84454e-07
3.50592e-07
2.8391e-07
2.59092e-07
2.50771e-07
3.09918e-07
3.61537e-07
4.09781e-07
3.79893e-07
3.47748e-07
3.9769e-07
3.94129e-07
3.58441e-07
4.32734e-07
3.49313e-07
3.15149e-07
3.82151e-07
4.43766e-07
5.01248e-07
4.61829e-07
4.44489e-07
4.40403e-07
3.99073e-07
4.74004e-07
3.8439e-07
3.5584e-07
4.25505e-07
4.8776e-07
4.45214e-07
5.02836e-07
4.8245e-07
4.77442e-07
4.29124e-07
5.07677e-07
4.09381e-07
3.87064e-07
4.58041e-07
4.11829e-07
4.76351e-07
4.4678e-07
4.10972e-07
4.07894e-07
3.73513e-07
4.35811e-07
3.61474e-07
3.37131e-07
3.94748e-07
4.50363e-07
4.14794e-07
3.98329e-07
3.71951e-07
3.35296e-07
3.31549e-07
2.92243e-07
3.7356e-07
2.86327e-07
2.35057e-07
3.11862e-07
3.82438e-07
3.42e-07
3.0359e-07
2.84248e-07
2.56052e-07
2.52295e-07
2.27114e-07
2.86872e-07
2.26495e-07
1.90578e-07
1.66565e-07
2.23758e-07
1.95109e-07
1.71051e-07
1.6372e-07
1.56739e-07
1.36117e-07
1.32857e-07
1.14537e-07
1.70826e-07
1.21184e-07
9.24454e-08
7.37245e-08
5.39052e-08
1.0363e-07
2.14959e-07
1.9287e-07
1.84651e-07
1.7198e-07
1.68757e-07
1.50476e-07
1.96075e-07
1.51712e-07
1.25146e-07
1.06779e-07
8.75014e-08
7.74842e-08
1.20883e-07
1.01571e-07
1.43006e-07
1.2603e-07
2.09198e-07
2.06696e-07
1.84957e-07
2.29703e-07
1.82112e-07
1.53086e-07
1.32491e-07
1.10753e-07
9.86999e-08
1.40703e-07
1.20131e-07
1.58805e-07
1.40296e-07
2.22496e-07
2.1018e-07
2.06498e-07
1.79084e-07
2.30842e-07
1.74816e-07
1.40835e-07
1.15878e-07
9.00268e-08
7.55623e-08
1.24363e-07
1.02415e-07
7.98692e-08
1.24418e-07
2.21419e-07
2.17372e-07
1.89199e-07
2.37143e-07
1.82592e-07
1.49063e-07
1.23743e-07
1.00212e-07
7.49165e-08
5.40335e-08
2.22894e-08
6.70558e-08
5.44163e-08
4.94096e-08
1.52284e-08
9.55251e-08
2.43587e-08
-1.5782e-08
-4.51454e-08
1.40405e-07
1.06914e-07
1.62309e-07
1.38693e-07
1.06797e-07
1.02586e-07
7.23833e-08
1.3157e-07
7.29577e-08
3.82742e-08
6.51771e-09
6.23882e-08
3.30484e-08
9.87275e-09
-2.49633e-08
1.02179e-07
8.42246e-08
7.98438e-08
4.99034e-08
1.07036e-07
5.06136e-08
1.71634e-08
-2.59873e-09
5.0895e-08
2.55889e-08
7.56741e-08
5.18062e-08
4.06268e-08
3.05954e-08
2.63716e-08
-1.60868e-08
7.04817e-08
-7.64128e-09
-5.16314e-08
-7.54759e-08
-1.22232e-07
-1.3121e-07
-6.09016e-08
-8.65473e-08
-1.26315e-07
-1.53624e-07
-1.58957e-07
-1.88723e-07
-9.78721e-08
-1.62849e-07
-1.97135e-07
-2.37752e-07
-2.42154e-07
-1.67401e-07
-1.95869e-07
-2.31106e-07
-2.34896e-07
-2.45397e-07
-2.5299e-07
-2.57151e-07
-2.80511e-07
-1.89118e-07
-2.46624e-07
-2.75602e-07
-2.78864e-07
-2.88325e-07
-2.12917e-07
-1.28077e-07
-1.43879e-07
-1.63755e-07
-1.70147e-07
-2.00096e-07
-2.21445e-07
-2.48843e-07
-2.62038e-07
-2.66041e-07
-2.86399e-07
-2.04113e-07
-2.54928e-07
-2.80557e-07
-2.83279e-07
-2.91677e-07
-3.07219e-07
-3.21671e-07
-2.57369e-07
-1.82246e-07
-2.01023e-07
-2.11469e-07
-1.54918e-07
-1.59976e-07
-1.05984e-07
-1.1453e-07
-1.48609e-07
-6.42929e-08
-1.29172e-07
-1.64598e-07
-1.90457e-07
-1.0764e-07
-1.33429e-07
-5.53357e-08
2.13027e-09
-1.78008e-08
-3.53263e-08
-4.03227e-08
-7.89152e-08
8.06819e-10
-6.67542e-08
-1.04832e-07
-1.33306e-07
-1.45568e-07
-6.49947e-08
-8.66973e-08
-1.15704e-07
-1.38637e-07
-1.62046e-07
-1.6991e-07
-1.74311e-07
-1.94535e-07
-1.35425e-07
-1.78778e-07
-2.01783e-07
-2.18771e-07
-2.23901e-07
-2.34965e-07
-2.43619e-07
-1.83187e-07
-1.93699e-07
-1.41748e-07
-1.59609e-07
-1.1893e-07
-1.24821e-07
-1.40032e-07
-1.48397e-07
-2.00773e-07
-8.17305e-08
-1.3667e-07
-1.76779e-07
-1.98826e-07
-8.36967e-08
-1.13457e-07
-1.46376e-07
-1.52867e-07
-2.07046e-07
-8.7493e-08
-1.42903e-07
-1.836e-07
-2.02268e-07
-2.37045e-07
-1.25702e-07
-1.43497e-07
-1.69676e-07
-2.07073e-07
-2.35054e-07
-2.63674e-07
-2.79024e-07
-2.85156e-07
-3.27274e-07
-2.00767e-07
-2.45947e-07
-2.78491e-07
-3.12966e-07
-3.33537e-07
-3.59124e-07
-2.58439e-07
-2.69391e-07
-1.73121e-07
-2.04349e-07
-2.24494e-07
-2.29904e-07
-2.65448e-07
-3.00569e-07
-3.25745e-07
-3.53066e-07
-3.6892e-07
-3.85236e-07
-2.93517e-07
-3.15201e-07
-2.45858e-07
-2.53571e-07
-2.96885e-07
-2.24144e-07
-2.49185e-07
-2.55273e-07
-2.75306e-07
-2.80794e-07
-3.10951e-07
-3.40776e-07
-3.61911e-07
-3.85563e-07
-3.98841e-07
-4.11393e-07
-4.32513e-07
-3.42536e-07
-3.46589e-07
-3.68866e-07
-3.71483e-07
-2.99514e-07
-2.43199e-07
-2.49097e-07
-2.84136e-07
-3.10543e-07
-3.40471e-07
-3.58237e-07
-2.7647e-07
-3.00097e-07
-2.15567e-07
-2.36204e-07
-2.45054e-07
-2.53034e-07
-2.77141e-07
-2.98417e-07
-3.05128e-07
-3.48222e-07
-3.77891e-07
-4.02093e-07
-4.22591e-07
-4.54594e-07
-4.73996e-07
-4.89367e-07
-3.83789e-07
-4.10518e-07
-4.14125e-07
-4.37922e-07
-4.45543e-07
-4.79886e-07
-5.01769e-07
-5.19178e-07
-5.48875e-07
-5.65123e-07
-4.47991e-07
-4.74866e-07
-4.82e-07
-5.07328e-07
-5.18382e-07
-5.31608e-07
-5.72143e-07
-6.1343e-07
-4.60367e-07
-3.2699e-07
-3.35909e-07
-3.93974e-07
-4.3525e-07
-2.92751e-07
-3.30704e-07
-2.09062e-07
-1.01853e-07
-1.61801e-07
-1.89938e-07
-2.20608e-07
-2.61707e-07
-2.67832e-07
-3.12874e-07
-2.03517e-07
-2.33825e-07
-2.80645e-07
-3.08585e-07
-2.16771e-07
-1.33967e-07
-1.77096e-07
-2.04339e-07
-2.22528e-07
-2.35873e-07
-2.43144e-07
-2.81651e-07
-1.90775e-07
-1.0757e-07
-1.32962e-07
-1.61585e-07
-1.6897e-07
-2.2175e-07
-1.20908e-07
-2.90308e-08
-7.10485e-08
-9.98269e-08
-1.25847e-07
-1.55257e-07
-1.86812e-07
-2.22689e-07
-2.29606e-07
-3.02732e-07
-3.57105e-07
-4.26483e-07
-2.90941e-07
-1.72167e-07
-2.13837e-07
-2.45515e-07
-2.76444e-07
-1.78893e-07
-1.87735e-07
-2.77186e-07
-3.70306e-07
-2.15917e-07
-8.42162e-08
3.72437e-08
-1.979e-08
-7.93765e-08
-1.48569e-07
-1.8997e-07
-2.00818e-07
-2.93678e-07
-3.78003e-07
-4.28837e-07
-2.77017e-07
-3.22852e-07
-1.97988e-07
-8.43939e-08
-1.3878e-07
-1.72044e-07
-1.8236e-07
-2.74788e-07
-3.58986e-07
-2.10423e-07
-8.43675e-08
3.13749e-08
-2.1939e-08
-8.34075e-08
-9.7255e-08
-2.24798e-07
-4.80984e-08
1.03553e-07
2.49709e-08
-6.42102e-08
-1.53988e-07
-2.3223e-07
-2.5178e-07
-4.15345e-07
-4.89247e-07
-5.83495e-07
-6.80892e-07
-4.65749e-07
-5.19269e-07
-3.44469e-07
-4.24536e-07
-4.6713e-07
-5.18145e-07
-5.24138e-07
-5.87921e-07
-6.32809e-07
-6.84086e-07
-7.18031e-07
-7.46993e-07
-6.12832e-07
-6.35751e-07
-5.15496e-07
-5.60237e-07
-5.77127e-07
-6.08473e-07
-6.16952e-07
-6.52968e-07
-6.87528e-07
-7.10466e-07
-6.0137e-07
-5.00344e-07
-5.16971e-07
-5.40242e-07
-4.54982e-07
-4.61836e-07
-5.09199e-07
-5.53905e-07
-5.85432e-07
-6.13161e-07
-5.11625e-07
-4.36821e-07
-3.49806e-07
-3.75033e-07
-3.94629e-07
-4.25782e-07
-4.57268e-07
-4.76711e-07
-4.91583e-07
-4.98297e-07
-5.29909e-07
-5.60484e-07
-5.87978e-07
-5.05229e-07
-5.18155e-07
-4.41171e-07
-4.67672e-07
-4.73402e-07
-5.07083e-07
-5.39507e-07
-5.68645e-07
-4.86953e-07
-5.00605e-07
-4.25146e-07
-3.58571e-07
-3.6652e-07
-4.46237e-07
-5.18511e-07
-3.87016e-07
-2.68668e-07
-3.04808e-07
-2.07776e-07
-2.55396e-07
-3.12934e-07
-3.44268e-07
-3.81907e-07
-3.92198e-07
-4.64723e-07
-5.30971e-07
-5.78947e-07
-4.59857e-07
-4.83874e-07
-3.74229e-07
-4.06279e-07
-4.34473e-07
-4.59422e-07
-4.64613e-07
-5.2569e-07
-5.69602e-07
-4.57478e-07
-3.5305e-07
-3.89399e-07
-4.28858e-07
-4.68537e-07
-4.20393e-07
-4.58751e-07
-4.01426e-07
-4.11611e-07
-5.15762e-07
-3.59737e-07
-2.19138e-07
-1.78905e-07
-7.40688e-08
-1.3986e-07
-2.09469e-07
-2.16571e-07
-2.96219e-07
-3.83626e-07
-2.56818e-07
-1.42846e-07
-3.70863e-08
-1.11961e-08
-1.81335e-08
-1.10464e-07
-2.26562e-10
9.60037e-08
1.144e-07
1.82344e-07
2.58594e-07
2.51658e-07
3.39088e-07
4.33446e-07
5.14381e-07
3.89534e-07
4.71296e-07
4.20501e-07
4.14381e-07
2.90896e-07
3.77505e-07
4.5298e-07
5.05311e-07
5.00635e-07
4.95743e-07
5.66123e-07
6.28926e-07
5.12624e-07
5.5885e-07
6.17704e-07
5.69624e-07
5.67171e-07
5.06498e-07
5.72113e-07
6.30083e-07
5.1787e-07
3.23098e-07
1.65032e-07
1.64674e-07
2.61854e-07
3.41968e-07
2.97198e-07
2.51833e-07
2.51713e-07
1.7908e-07
3.05977e-07
4.10615e-07
4.58578e-07
4.62179e-07
4.62374e-07
4.59702e-07
4.98143e-07
5.24283e-07
6.00841e-07
5.09534e-07
5.09534e-07
5.09524e-07
5.09248e-07
6.4094e-07
6.4094e-07
7.49744e-07
8.48164e-07
9.34116e-07
1.05331e-06
1.05331e-06
1.13164e-06
1.28559e-06
1.37431e-06
1.41392e-06
1.44902e-06
1.53111e-06
1.53111e-06
1.53573e-06
1.5379e-06
1.496e-06
1.50942e-06
1.50942e-06
1.47402e-06
1.44687e-06
1.41813e-06
1.39622e-06
1.38226e-06
1.38226e-06
1.36104e-06
1.3229e-06
1.3139e-06
1.30548e-06
1.29752e-06
1.29752e-06
1.29041e-06
1.28372e-06
1.27735e-06
1.26405e-06
1.24968e-06
1.23769e-06
1.23769e-06
1.23336e-06
1.22244e-06
1.21281e-06
1.20932e-06
1.18758e-06
1.17987e-06
1.1773e-06
1.1773e-06
1.17509e-06
1.17296e-06
1.16512e-06
1.155e-06
1.15337e-06
1.1474e-06
1.1474e-06
1.14605e-06
1.14474e-06
1.14348e-06
1.13829e-06
1.13333e-06
1.11888e-06
1.11888e-06
1.1182e-06
1.10457e-06
1.10059e-06
1.10028e-06
1.09999e-06
1.09999e-06
1.09968e-06
1.09938e-06
1.09589e-06
1.09571e-06
1.08397e-06
1.07824e-06
1.07512e-06
1.07512e-06
1.07521e-06
1.0753e-06
1.07257e-06
1.07267e-06
1.07283e-06
1.06989e-06
1.06725e-06
1.06725e-06
1.06744e-06
1.06494e-06
1.05569e-06
1.05352e-06
1.05382e-06
1.04975e-06
1.04734e-06
1.04734e-06
1.04529e-06
1.04313e-06
1.04129e-06
1.04174e-06
1.04218e-06
1.03866e-06
1.03866e-06
1.03683e-06
1.03491e-06
1.03539e-06
1.03378e-06
1.03424e-06
1.03468e-06
1.03517e-06
1.03517e-06
1.0335e-06
1.03174e-06
1.02471e-06
1.02523e-06
1.0239e-06
1.02441e-06
1.02441e-06
1.02295e-06
1.0213e-06
1.02184e-06
1.02236e-06
1.02117e-06
1.01479e-06
1.01325e-06
1.01325e-06
1.012e-06
1.01056e-06
1.00955e-06
1.01015e-06
1.01078e-06
1.01134e-06
1.00555e-06
1.00416e-06
1.00416e-06
1.00307e-06
1.00181e-06
1.00094e-06
9.99195e-07
9.99786e-07
1.00037e-06
9.9908e-07
9.9908e-07
9.98091e-07
9.96934e-07
9.95726e-07
9.95001e-07
9.93374e-07
9.93953e-07
9.94511e-07
9.94511e-07
9.93608e-07
9.92544e-07
9.9143e-07
9.92009e-07
9.92569e-07
9.91905e-07
9.91905e-07
9.91052e-07
9.9005e-07
9.89067e-07
9.89659e-07
9.89041e-07
