-1.17719e-10
-1.17651e-10
-1.17596e-10
-1.1754e-10
-1.17545e-10
-1.17492e-10
-1.1744e-10
-6.06561e-10
-5.90928e-10
-5.7781e-10
-5.63853e-10
-5.85271e-10
-5.72575e-10
-5.60261e-10
-5.46965e-10
-7.38211e-10
-6.63918e-10
-6.0249e-10
-5.36104e-10
-6.43809e-10
-5.84367e-10
-5.26958e-10
-4.65164e-10
-5.6613e-10
-4.35406e-10
-2.69059e-10
4.78178e-10
7.45437e-10
9.52554e-10
8.45625e-10
8.35312e-09
8.86085e-09
8.59102e-09
9.01783e-09
8.84432e-09
1.66991e-08
1.74744e-08
1.69848e-08
1.76267e-08
1.73136e-08
2.56862e-08
2.69582e-08
2.77625e-08
2.70137e-08
2.77135e-08
2.72132e-08
4.00788e-08
4.15452e-08
4.24924e-08
4.14277e-08
4.2251e-08
4.15346e-08
4.23303e-08
4.30155e-08
5.63955e-08
5.76003e-08
5.60562e-08
5.71125e-08
5.60684e-08
5.70874e-08
5.79987e-08
7.47826e-08
7.75249e-08
7.93525e-08
7.66845e-08
7.81502e-08
7.63565e-08
7.7799e-08
7.90818e-08
1.04797e-07
1.07101e-07
1.03579e-07
1.05545e-07
1.03217e-07
1.05127e-07
1.06808e-07
1.16605e-07
1.18895e-07
1.20453e-07
1.17349e-07
1.18733e-07
1.16592e-07
1.17966e-07
1.19224e-07
1.38854e-07
1.41296e-07
1.42853e-07
1.39257e-07
1.40737e-07
1.38296e-07
1.39916e-07
1.41286e-07
1.68899e-07
1.71e-07
1.6667e-07
1.68591e-07
1.65641e-07
1.67708e-07
1.69367e-07
1.97795e-07
2.01016e-07
2.02795e-07
1.97882e-07
1.99769e-07
1.96361e-07
1.98416e-07
2.0012e-07
2.29052e-07
2.3213e-07
2.3403e-07
2.28686e-07
2.30738e-07
2.2694e-07
2.29016e-07
2.30824e-07
2.6993e-07
2.73371e-07
2.75482e-07
2.69232e-07
2.71326e-07
2.66889e-07
2.6923e-07
2.71271e-07
3.13187e-07
3.16853e-07
3.18889e-07
3.11962e-07
3.13921e-07
3.09367e-07
3.11532e-07
3.13322e-07
3.55987e-07
3.59473e-07
3.61518e-07
3.53902e-07
3.55808e-07
3.50673e-07
3.52913e-07
3.54839e-07
4.01319e-07
4.04778e-07
4.06605e-07
3.98434e-07
4.0016e-07
3.94774e-07
3.96751e-07
3.98382e-07
4.52577e-07
4.56096e-07
4.58143e-07
4.48912e-07
4.50832e-07
4.44499e-07
4.46781e-07
4.48844e-07
4.98808e-07
5.02206e-07
5.04035e-07
4.94336e-07
4.95984e-07
4.89488e-07
4.91588e-07
4.93332e-07
5.41096e-07
5.4425e-07
5.46269e-07
5.36016e-07
5.37378e-07
5.30595e-07
5.32347e-07
5.338e-07
5.79783e-07
5.82689e-07
5.8398e-07
5.73267e-07
5.74773e-07
5.67796e-07
5.69226e-07
5.70328e-07
6.11916e-07
6.14046e-07
6.14891e-07
6.0418e-07
6.05351e-07
5.98042e-07
5.99263e-07
6.00264e-07
6.56863e-07
6.59309e-07
6.60318e-07
6.48422e-07
6.49316e-07
6.41287e-07
6.42708e-07
6.43799e-07
6.39925e-07
6.94492e-07
6.97038e-07
6.98132e-07
6.85817e-07
6.87282e-07
6.79034e-07
6.80472e-07
6.81568e-07
6.77597e-07
7.47851e-07
7.50785e-07
7.52281e-07
7.38672e-07
7.40479e-07
7.31322e-07
7.33206e-07
7.34746e-07
7.30283e-07
7.9234e-07
7.95952e-07
7.98092e-07
7.83064e-07
7.84394e-07
7.74461e-07
7.76352e-07
7.77737e-07
8.32258e-07
8.35364e-07
8.37565e-07
8.21482e-07
8.2246e-07
8.12047e-07
8.13607e-07
8.14677e-07
8.14404e-07
8.80562e-07
8.84724e-07
8.87099e-07
8.67884e-07
8.68693e-07
8.56507e-07
8.578e-07
8.5837e-07
8.57439e-07
8.51864e-07
9.1126e-07
9.13712e-07
9.1505e-07
8.96292e-07
8.9624e-07
8.83945e-07
8.84579e-07
8.84674e-07
8.83319e-07
8.7766e-07
9.38698e-07
9.40307e-07
9.40905e-07
9.22179e-07
9.21731e-07
9.09556e-07
9.09942e-07
9.09801e-07
9.0826e-07
9.02435e-07
9.44755e-07
9.45075e-07
9.44676e-07
9.27328e-07
9.26089e-07
9.14703e-07
9.14213e-07
9.13336e-07
9.11235e-07
9.05919e-07
9.04715e-07
9.50704e-07
9.49619e-07
9.48601e-07
9.32433e-07
9.30574e-07
9.19737e-07
9.18617e-07
9.1728e-07
9.14878e-07
9.09684e-07
9.08221e-07
9.63845e-07
9.62516e-07
9.61104e-07
9.44941e-07
9.4292e-07
9.31842e-07
9.30557e-07
9.2908e-07
9.26554e-07
9.21388e-07
9.19799e-07
9.77338e-07
9.7597e-07
9.74477e-07
9.58061e-07
9.55926e-07
9.44993e-07
9.43552e-07
9.41908e-07
9.3925e-07
9.3747e-07
9.3229e-07
9.86053e-07
9.84759e-07
9.83029e-07
9.66202e-07
9.63963e-07
9.52722e-07
9.51111e-07
9.49272e-07
9.46686e-07
9.44641e-07
9.39468e-07
9.85559e-07
9.83476e-07
9.80853e-07
9.64874e-07
9.6228e-07
9.51281e-07
9.49357e-07
9.47067e-07
9.43979e-07
9.41829e-07
9.36819e-07
1.0224e-06
1.02161e-06
1.01966e-06
1.00089e-06
9.98859e-07
9.86753e-07
9.85398e-07
9.83438e-07
9.80678e-07
9.7876e-07
9.72935e-07
1.0018e-06
9.99262e-07
9.96297e-07
9.8025e-07
9.77278e-07
9.66739e-07
9.6405e-07
9.61299e-07
9.57968e-07
9.55426e-07
9.50499e-07
1.01234e-06
1.01015e-06
1.00733e-06
9.90549e-07
9.87651e-07
9.76997e-07
9.7465e-07
9.71848e-07
9.68376e-07
9.65718e-07
9.60644e-07
1.0169e-06
1.01454e-06
1.01142e-06
9.94579e-07
9.9145e-07
9.80579e-07
9.77941e-07
9.74616e-07
9.70895e-07
9.6795e-07
9.63051e-07
1.02389e-06
1.02132e-06
1.01803e-06
1.00103e-06
9.97757e-07
9.86524e-07
9.83739e-07
9.79959e-07
9.76123e-07
9.73063e-07
9.68141e-07
9.64271e-07
1.03347e-06
1.03038e-06
1.02685e-06
1.0098e-06
1.00638e-06
9.94819e-07
9.91915e-07
9.88446e-07
9.84662e-07
9.81744e-07
9.76488e-07
9.72775e-07
9.69237e-07
1.04299e-06
1.03976e-06
1.03608e-06
1.0187e-06
1.01515e-06
1.00341e-06
1.00035e-06
9.96987e-07
9.92934e-07
9.89898e-07
9.84477e-07
9.80641e-07
9.76985e-07
1.04581e-06
1.04209e-06
1.03815e-06
1.02118e-06
1.01742e-06
1.00565e-06
1.00249e-06
9.9914e-07
9.95103e-07
9.9208e-07
9.86603e-07
9.82809e-07
9.79234e-07
1.0798e-06
1.07643e-06
1.07271e-06
1.0542e-06
1.05063e-06
1.03767e-06
1.03474e-06
1.03154e-06
1.02767e-06
1.02479e-06
1.01873e-06
1.01503e-06
1.01152e-06
1.08156e-06
1.0779e-06
1.07421e-06
1.05597e-06
1.05218e-06
1.03953e-06
1.03633e-06
1.03259e-06
1.02828e-06
1.02519e-06
1.01929e-06
1.01539e-06
1.01168e-06
1.09063e-06
1.08705e-06
1.0837e-06
1.06488e-06
1.06106e-06
1.04833e-06
1.04507e-06
1.04134e-06
1.03693e-06
1.03374e-06
1.02777e-06
1.02374e-06
1.0199e-06
1.08452e-06
1.08061e-06
1.07686e-06
1.0585e-06
1.05424e-06
1.04181e-06
1.03819e-06
1.03413e-06
1.0295e-06
1.02601e-06
1.02031e-06
1.01601e-06
1.01189e-06
1.07923e-06
1.07545e-06
1.07209e-06
1.05331e-06
1.04892e-06
1.03639e-06
1.03264e-06
1.02824e-06
1.02345e-06
1.01978e-06
1.01408e-06
1.00959e-06
1.00526e-06
1.06619e-06
1.06195e-06
1.05825e-06
1.0401e-06
1.03555e-06
1.02347e-06
1.01957e-06
1.01475e-06
1.00993e-06
1.00623e-06
1.00061e-06
9.9613e-07
9.91821e-07
1.06752e-06
1.06331e-06
1.05933e-06
1.04086e-06
1.03633e-06
1.02368e-06
1.01996e-06
1.01524e-06
1.01057e-06
1.00707e-06
1.00121e-06
9.96912e-07
9.92552e-07
1.06084e-06
1.05664e-06
1.05269e-06
1.03438e-06
1.02989e-06
1.01732e-06
1.01364e-06
1.00899e-06
1.00438e-06
9.98469e-07
9.92964e-07
9.88805e-07
9.76763e-07
9.70455e-07
1.05835e-06
1.05528e-06
1.05219e-06
1.03411e-06
1.03051e-06
1.01826e-06
1.01513e-06
1.01097e-06
1.00532e-06
1.00006e-06
9.96059e-07
9.83129e-07
9.72053e-07
1.03807e-06
1.0359e-06
1.01923e-06
1.01632e-06
1.00528e-06
1.00177e-06
9.98019e-07
9.93188e-07
9.88725e-07
9.84859e-07
9.73031e-07
9.63006e-07
1.02724e-06
1.02622e-06
1.01001e-06
1.00778e-06
9.97115e-07
9.93869e-07
9.90293e-07
9.85605e-07
9.81419e-07
9.77546e-07
9.66305e-07
9.6123e-07
1.03315e-06
1.03229e-06
1.01576e-06
1.01395e-06
1.00296e-06
1.00014e-06
9.96979e-07
9.92208e-07
9.89154e-07
9.85644e-07
9.72173e-07
9.66235e-07
1.02772e-06
1.02561e-06
1.00936e-06
1.00699e-06
9.96062e-07
9.93178e-07
9.89866e-07
9.85098e-07
9.81736e-07
9.75296e-07
9.62214e-07
1.01692e-06
1.01454e-06
9.98938e-07
9.96341e-07
9.85746e-07
9.82802e-07
9.79498e-07
9.74951e-07
9.68797e-07
9.56836e-07
9.52908e-07
1.02891e-06
1.02666e-06
1.00826e-06
1.00702e-06
9.9483e-07
9.92585e-07
9.89598e-07
9.84067e-07
9.76973e-07
9.64119e-07
9.60137e-07
1.02011e-06
1.01712e-06
9.9858e-07
9.96973e-07
9.84609e-07
9.83087e-07
9.78346e-07
8.80045e-07
9.28571e-07
9.27644e-07
9.1105e-07
9.09998e-07
8.98782e-07
8.96817e-07
8.92278e-07
8.82698e-07
9.5747e-07
9.57115e-07
9.39473e-07
9.3912e-07
9.30251e-07
9.11319e-07
9.03056e-07
9.53543e-07
9.55178e-07
9.3955e-07
9.34985e-07
9.28142e-07
9.1054e-07
9.04075e-07
9.32034e-07
9.34867e-07
9.22471e-07
9.1975e-07
9.14679e-07
8.99085e-07
8.93914e-07
9.33385e-07
9.39057e-07
9.2661e-07
9.24728e-07
9.20181e-07
9.02846e-07
8.98253e-07
9.27707e-07
9.35548e-07
9.23695e-07
9.22758e-07
9.18598e-07
9.01045e-07
8.96831e-07
9.20947e-07
9.28929e-07
9.17713e-07
9.17304e-07
9.14057e-07
8.98192e-07
8.94888e-07
9.24232e-07
9.35247e-07
9.23587e-07
9.23858e-07
9.20783e-07
9.02873e-07
8.99613e-07
9.2408e-07
9.35321e-07
9.24059e-07
9.24565e-07
9.21767e-07
9.0429e-07
9.01334e-07
9.14126e-07
9.22996e-07
9.1331e-07
9.14314e-07
9.12098e-07
8.95455e-07
8.92777e-07
9.13835e-07
8.99655e-07
8.91119e-07
8.93656e-07
8.92637e-07
8.76089e-07
8.74305e-07
8.84452e-07
8.64901e-07
8.57574e-07
8.61716e-07
8.61435e-07
8.45508e-07
8.44822e-07
8.45261e-07
8.28941e-07
8.232e-07
8.27454e-07
8.27969e-07
8.13568e-07
8.13582e-07
8.07542e-07
7.90773e-07
7.85521e-07
7.90865e-07
7.92138e-07
7.77623e-07
7.78282e-07
7.66722e-07
7.5052e-07
7.46189e-07
7.52066e-07
7.53885e-07
7.39684e-07
7.40831e-07
7.36798e-07
7.20221e-07
7.05267e-07
7.01688e-07
7.07674e-07
7.09824e-07
6.9645e-07
6.97941e-07
6.94409e-07
6.77795e-07
6.64568e-07
6.61603e-07
6.67221e-07
6.69472e-07
6.57094e-07
6.5869e-07
6.55534e-07
6.59648e-07
6.49099e-07
6.33189e-07
6.32994e-07
6.39417e-07
6.42136e-07
6.28461e-07
6.30172e-07
6.29396e-07
6.33443e-07
6.26092e-07
6.0911e-07
6.08748e-07
6.15236e-07
6.17827e-07
6.03494e-07
6.05349e-07
6.04475e-07
6.08534e-07
5.97395e-07
5.81778e-07
5.81349e-07
5.86956e-07
5.89308e-07
5.7533e-07
5.76973e-07
5.76015e-07
5.79924e-07
5.79924e-07
5.68577e-07
5.6795e-07
5.69922e-07
5.60172e-07
5.5987e-07
5.56781e-07
5.30025e-07
5.30872e-07
5.24486e-07
5.2486e-07
5.2486e-07
5.18435e-07
5.18835e-07
4.94089e-07
4.79607e-07
4.81051e-07
4.77992e-07
4.78973e-07
4.55092e-07
4.44948e-07
4.50353e-07
4.49936e-07
4.50942e-07
4.45392e-07
4.37946e-07
6.6996e-07
6.68801e-07
6.68372e-07
1.0423e-06
1.03912e-06
1.54425e-06
1.54192e-06
1.53576e-06
2.57661e-06
2.57198e-06
2.56009e-06
2.54484e-06
3.70145e-06
3.69328e-06
3.67285e-06
3.64972e-06
4.82368e-06
4.81217e-06
4.78341e-06
4.75387e-06
6.20377e-06
6.18789e-06
6.14841e-06
6.10783e-06
6.0896e-06
7.46092e-06
7.44182e-06
7.39332e-06
7.34892e-06
7.32651e-06
8.44383e-06
8.42221e-06
8.36665e-06
8.31491e-06
8.29431e-06
8.25381e-06
9.45073e-06
9.42488e-06
9.38058e-06
9.35361e-06
1.06593e-05
1.06112e-05
1.05712e-05
1.15912e-05
1.15378e-05
1.14847e-05
1.26109e-05
1.25635e-05
1.25091e-05
1.24785e-05
1.39383e-05
1.38847e-05
1.2847e-05
1.27702e-05
9.31065e-06
1.0316e-05
1.00701e-05
1.0003e-05
6.97484e-06
6.64954e-06
6.43085e-06
7.372e-06
7.28455e-06
7.23427e-06
6.74569e-06
6.62366e-06
6.53632e-06
6.47065e-06
6.41983e-06
8.20063e-06
8.17952e-06
8.16129e-06
8.15147e-06
8.13079e-06
8.11057e-06
8.09067e-06
8.07095e-06
8.0515e-06
9.62271e-06
9.59672e-06
9.59104e-06
9.56484e-06
9.53877e-06
9.51303e-06
9.48755e-06
9.46228e-06
9.43721e-06
9.41178e-06
9.38625e-06
1.1244e-05
1.12362e-05
1.12021e-05
1.11681e-05
1.11346e-05
1.11015e-05
1.10686e-05
1.10361e-05
1.1003e-05
1.09698e-05
1.09367e-05
1.22233e-05
1.21824e-05
1.21419e-05
1.2102e-05
1.20634e-05
1.20246e-05
1.19863e-05
1.19485e-05
1.19099e-05
1.18711e-05
1.18651e-05
1.18278e-05
1.3692e-05
1.36423e-05
1.3592e-05
1.35427e-05
1.34944e-05
1.34472e-05
1.34e-05
1.33531e-05
1.33069e-05
1.32598e-05
1.32124e-05
1.31671e-05
1.55178e-05
1.54541e-05
1.53904e-05
1.53281e-05
1.52672e-05
1.52076e-05
1.51477e-05
1.50886e-05
1.50304e-05
1.4971e-05
1.49115e-05
1.48547e-05
1.47961e-05
1.87657e-05
1.86717e-05
2.08674e-05
2.0756e-05
2.06493e-05
2.05465e-05
2.04445e-05
2.03396e-05
2.0236e-05
2.01376e-05
2.16725e-05
2.15502e-05
2.14338e-05
2.13205e-05
2.12085e-05
2.10932e-05
2.09794e-05
2.08708e-05
2.23457e-05
2.22184e-05
2.20896e-05
2.19642e-05
2.18421e-05
2.17228e-05
2.16004e-05
2.14775e-05
2.13621e-05
2.12482e-05
2.11335e-05
2.25186e-05
2.23772e-05
2.22425e-05
2.21126e-05
2.19836e-05
2.18508e-05
2.17202e-05
2.15959e-05
2.14734e-05
2.13499e-05
2.29541e-05
2.27987e-05
2.26523e-05
2.25117e-05
2.23711e-05
2.22274e-05
2.20863e-05
2.19533e-05
2.18211e-05
2.1688e-05
2.303e-05
2.28708e-05
2.27133e-05
2.25609e-05
2.24142e-05
2.22677e-05
2.21228e-05
2.19778e-05
2.18111e-05
2.36115e-05
2.34311e-05
2.32562e-05
2.30893e-05
2.29296e-05
2.27702e-05
2.26118e-05
2.24545e-05
2.22667e-05
2.21162e-05
2.19396e-05
2.17821e-05
2.1641e-05
2.14913e-05
2.28643e-05
2.26474e-05
2.24534e-05
2.22825e-05
2.21131e-05
2.19456e-05
2.17799e-05
2.15824e-05
2.14257e-05
2.12559e-05
2.10897e-05
2.09549e-05
2.07964e-05
2.24051e-05
2.21666e-05
2.19617e-05
2.1785e-05
2.16104e-05
2.14395e-05
2.12696e-05
2.10405e-05
2.08797e-05
2.06837e-05
2.04961e-05
2.03464e-05
2.01821e-05
2.00212e-05
1.98584e-05
2.09641e-05
2.07262e-05
2.05085e-05
2.0311e-05
2.01426e-05
1.99773e-05
1.98142e-05
1.96471e-05
1.94366e-05
1.92851e-05
1.90865e-05
1.89178e-05
1.87506e-05
1.85958e-05
1.84168e-05
1.8264e-05
1.81133e-05
1.95079e-05
1.92303e-05
1.90061e-05
1.8836e-05
1.86669e-05
1.85068e-05
1.83457e-05
1.81099e-05
1.79623e-05
1.77279e-05
1.75333e-05
1.73584e-05
1.72015e-05
1.70133e-05
1.68522e-05
1.66956e-05
1.7767e-05
1.74799e-05
1.72501e-05
1.70897e-05
1.69315e-05
1.6784e-05
1.66358e-05
1.63863e-05
1.62524e-05
1.60217e-05
1.58162e-05
1.56329e-05
1.54872e-05
1.529e-05
1.51385e-05
1.49764e-05
1.6092e-05
1.57798e-05
1.55666e-05
1.54277e-05
1.52653e-05
1.51407e-05
1.49786e-05
1.46982e-05
1.45862e-05
1.43323e-05
1.41485e-05
1.39499e-05
1.38237e-05
1.36127e-05
1.34778e-05
1.33036e-05
1.42781e-05
1.40558e-05
1.38722e-05
1.37068e-05
1.36012e-05
1.35038e-05
1.34014e-05
1.32642e-05
1.29634e-05
1.28763e-05
1.26051e-05
1.24143e-05
1.2203e-05
1.21034e-05
1.18815e-05
1.17701e-05
1.16105e-05
1.27845e-05
1.25678e-05
1.24011e-05
1.23106e-05
1.22322e-05
1.21489e-05
1.20288e-05
1.17083e-05
1.16384e-05
1.13567e-05
1.11703e-05
1.09596e-05
1.08711e-05
1.06512e-05
1.0548e-05
1.03889e-05
1.0235e-05
1.01466e-05
1.10614e-05
1.09098e-05
1.07874e-05
1.06969e-05
1.06366e-05
1.0584e-05
1.05268e-05
1.04318e-05
1.01162e-05
1.00685e-05
9.78969e-06
9.5999e-06
9.38986e-06
9.32648e-06
9.10934e-06
9.04602e-06
8.89841e-06
8.76935e-06
8.7041e-06
9.805e-06
9.66036e-06
9.57357e-06
9.52438e-06
9.48489e-06
9.40564e-06
9.32973e-06
9.01211e-06
8.97885e-06
8.70538e-06
8.47755e-06
8.28331e-06
8.22958e-06
8.02938e-06
7.97522e-06
7.8387e-06
7.71477e-06
7.65962e-06
9.39252e-06
9.26279e-06
9.18754e-06
9.14132e-06
9.11609e-06
9.09631e-06
9.07674e-06
9.0187e-06
8.65341e-06
8.63245e-06
8.38447e-06
8.12523e-06
7.90649e-06
7.86524e-06
7.64433e-06
7.60167e-06
7.45273e-06
7.33665e-06
7.29228e-06
8.05568e-06
7.95614e-06
7.89513e-06
7.86617e-06
7.84604e-06
7.8266e-06
7.60489e-06
7.38916e-06
7.35313e-06
7.20095e-06
7.03148e-06
6.88503e-06
6.79078e-06
6.65733e-06
6.58806e-06
6.51088e-06
7.4862e-06
7.37337e-06
7.31121e-06
7.28345e-06
7.11631e-06
7.07385e-06
6.93319e-06
6.78869e-06
6.73355e-06
6.63116e-06
6.533e-06
6.42679e-06
6.35773e-06
6.25826e-06
6.9854e-06
6.83764e-06
6.75085e-06
6.64305e-06
6.57466e-06
6.48559e-06
6.38144e-06
6.30881e-06
6.2343e-06
6.169e-06
6.08598e-06
6.0343e-06
5.99447e-06
6.74758e-06
6.58409e-06
6.52215e-06
6.47535e-06
6.34693e-06
6.29784e-06
6.23167e-06
6.12093e-06
6.07236e-06
6.02819e-06
6.60311e-06
6.56909e-06
6.54642e-06
6.35915e-06
6.32793e-06
6.19474e-06
6.152e-06
6.1128e-06
6.75685e-06
6.7309e-06
6.71135e-06
6.51059e-06
6.47909e-06
6.44796e-06
6.42002e-06
6.39471e-06
6.94159e-06
6.92025e-06
6.90136e-06
6.66439e-06
6.63681e-06
6.60847e-06
6.58255e-06
6.55916e-06
7.10931e-06
7.08803e-06
7.06885e-06
6.81162e-06
6.7838e-06
6.7551e-06
6.72878e-06
6.70511e-06
7.11468e-06
7.0926e-06
7.07293e-06
6.81161e-06
6.78389e-06
6.75517e-06
6.72858e-06
6.70461e-06
6.58937e-06
7.08962e-06
7.06883e-06
7.05232e-06
6.76347e-06
6.73801e-06
6.70752e-06
6.68331e-06
6.66187e-06
6.55405e-06
6.89212e-06
6.87404e-06
6.85816e-06
6.56091e-06
6.53836e-06
6.51131e-06
6.48886e-06
6.46907e-06
6.36835e-06
6.74518e-06
6.72784e-06
6.71198e-06
6.41241e-06
6.38939e-06
6.36191e-06
6.33936e-06
6.31953e-06
6.21935e-06
6.53004e-06
6.51295e-06
6.49664e-06
6.1999e-06
6.1765e-06
6.1486e-06
6.12591e-06
6.10611e-06
6.00608e-06
6.19834e-06
6.18133e-06
6.16561e-06
5.88066e-06
5.85843e-06
5.8323e-06
5.8103e-06
5.79111e-06
5.69581e-06
5.83648e-06
5.8203e-06
5.80492e-06
5.52992e-06
5.50672e-06
5.48007e-06
5.45774e-06
5.43838e-06
5.34518e-06
5.37832e-06
5.17354e-06
5.12447e-06
5.12447e-06
4.99129e-06
4.94379e-06
4.72602e-06
4.55291e-06
4.55291e-06
4.50767e-06
4.47257e-06
4.36451e-06
4.27463e-06
4.19408e-06
4.19408e-06
4.17843e-06
4.14703e-06
4.09421e-06
4.04925e-06
4.00599e-06
3.96747e-06
3.96923e-06
3.96379e-06
3.93225e-06
3.9009e-06
3.87361e-06
3.84645e-06
3.82179e-06
3.89833e-06
3.89456e-06
3.86324e-06
3.83785e-06
3.81441e-06
3.79128e-06
3.77008e-06
3.83154e-06
3.7985e-06
3.76805e-06
3.74467e-06
3.7141e-06
3.68126e-06
3.78075e-06
3.74855e-06
3.71718e-06
3.68961e-06
3.65803e-06
3.62429e-06
3.7102e-06
3.6765e-06
3.64456e-06
3.61139e-06
3.57869e-06
3.54561e-06
3.62649e-06
3.59147e-06
3.55779e-06
3.52399e-06
3.49038e-06
3.45755e-06
3.55849e-06
3.52506e-06
3.49161e-06
3.45796e-06
3.42542e-06
3.58192e-06
3.54652e-06
3.51255e-06
3.4788e-06
3.44616e-06
3.41275e-06
3.51729e-06
3.48351e-06
3.45009e-06
3.41629e-06
3.38262e-06
3.50332e-06
3.46768e-06
3.43392e-06
3.39986e-06
3.36454e-06
3.33002e-06
3.29595e-06
3.39714e-06
3.36018e-06
3.32461e-06
3.29039e-06
3.2556e-06
3.22117e-06
3.18731e-06
3.33852e-06
3.30158e-06
3.2655e-06
3.23121e-06
3.19621e-06
3.16177e-06
3.12747e-06
3.26743e-06
3.23041e-06
3.19548e-06
3.16176e-06
3.12706e-06
3.09212e-06
3.27539e-06
3.23874e-06
3.2026e-06
3.16859e-06
3.13377e-06
3.09828e-06
3.06399e-06
3.29463e-06
3.27678e-06
3.24287e-06
3.16319e-06
3.13146e-06
3.06509e-06
3.03432e-06
2.97688e-06
2.92653e-06
3.07136e-06
3.06818e-06
3.04103e-06
2.99341e-06
2.96733e-06
2.9409e-06
2.91551e-06
2.89123e-06
2.85544e-06
2.99111e-06
2.98996e-06
2.96503e-06
2.94378e-06
2.92439e-06
2.90488e-06
2.88134e-06
2.85993e-06
2.82774e-06
2.98661e-06
2.96408e-06
2.94234e-06
2.91841e-06
2.89467e-06
2.87125e-06
2.84637e-06
2.80981e-06
2.87257e-06
2.84868e-06
2.82548e-06
2.80134e-06
2.77678e-06
2.7531e-06
2.7296e-06
2.69564e-06
2.70536e-06
2.81837e-06
2.79638e-06
2.77432e-06
2.75139e-06
2.7277e-06
2.70448e-06
2.68078e-06
2.64442e-06
2.62098e-06
2.76892e-06
2.74703e-06
2.72448e-06
2.70162e-06
2.67797e-06
2.65409e-06
2.63007e-06
2.591e-06
2.56714e-06
2.70713e-06
2.7037e-06
2.68192e-06
2.65986e-06
2.62781e-06
2.59842e-06
2.57682e-06
2.55465e-06
2.52177e-06
2.49951e-06
2.61698e-06
2.61573e-06
2.59551e-06
2.57139e-06
2.54609e-06
2.52245e-06
2.50353e-06
2.48311e-06
2.46566e-06
2.44493e-06
2.45457e-06
2.55681e-06
2.55454e-06
2.53795e-06
2.51992e-06
2.50393e-06
2.48805e-06
2.47235e-06
2.45322e-06
2.43891e-06
2.41919e-06
2.42724e-06
2.53607e-06
2.53304e-06
2.51675e-06
2.50239e-06
2.58834e-06
2.58259e-06
2.58263e-06
2.56907e-06
2.55521e-06
2.54181e-06
2.5291e-06
2.6139e-06
2.61227e-06
2.60047e-06
2.58922e-06
2.64667e-06
2.63999e-06
2.63057e-06
2.61995e-06
2.61e-06
2.61024e-06
2.60016e-06
2.6926e-06
2.68531e-06
2.67712e-06
2.66912e-06
2.6603e-06
2.65915e-06
2.64987e-06
2.7051e-06
2.69688e-06
2.68799e-06
2.67844e-06
2.67714e-06
2.66717e-06
2.70091e-06
2.69158e-06
2.68162e-06
2.67129e-06
2.67064e-06
2.65998e-06
2.64906e-06
2.64872e-06
2.72052e-06
2.71454e-06
2.70561e-06
2.69577e-06
2.69509e-06
2.68502e-06
2.67449e-06
2.66347e-06
2.73738e-06
2.72799e-06
2.71725e-06
2.80774e-06
2.79837e-06
2.7877e-06
2.84526e-06
2.83498e-06
2.8132e-06
2.79368e-06
2.81027e-06
2.89407e-06
2.87857e-06
2.87018e-06
2.84112e-06
2.86247e-06
2.84801e-06
2.84103e-06
2.80829e-06
2.84176e-06
2.82797e-06
2.82146e-06
2.78543e-06
2.77793e-06
2.70435e-06
2.73219e-06
2.72361e-06
2.7197e-06
2.67164e-06
2.66768e-06
2.60073e-06
2.59091e-06
2.53454e-06
2.56258e-06
2.55861e-06
2.5574e-06
2.49135e-06
2.48898e-06
2.43645e-06
2.38148e-06
2.33244e-06
2.34988e-06
2.34894e-06
2.34905e-06
2.26105e-06
2.26027e-06
2.25675e-06
2.21265e-06
2.17404e-06
2.20025e-06
2.20062e-06
2.10271e-06
2.10195e-06
2.09883e-06
2.13539e-06
2.13397e-06
2.13401e-06
2.03501e-06
2.06722e-06
2.06396e-06
2.06291e-06
2.06212e-06
2.05699e-06
2.09709e-06
2.0947e-06
2.09404e-06
2.09317e-06
2.08979e-06
2.11906e-06
2.11702e-06
2.11607e-06
2.11486e-06
2.11309e-06
2.1509e-06
2.14911e-06
2.1477e-06
2.1467e-06
2.14584e-06
2.20707e-06
2.20631e-06
2.20514e-06
2.2043e-06
2.20459e-06
2.23022e-06
2.22942e-06
2.22834e-06
2.22843e-06
2.26262e-06
2.26107e-06
2.25893e-06
2.25685e-06
2.25695e-06
2.29484e-06
2.29348e-06
2.29124e-06
2.28906e-06
2.29033e-06
2.32892e-06
2.32713e-06
2.3248e-06
2.32623e-06
2.36956e-06
2.36788e-06
2.36581e-06
2.363e-06
2.36498e-06
2.39478e-06
2.39267e-06
2.39034e-06
2.38733e-06
2.38884e-06
2.42809e-06
2.4257e-06
2.42249e-06
2.42418e-06
2.45797e-06
2.45531e-06
2.45257e-06
2.44913e-06
2.4503e-06
2.49103e-06
2.48814e-06
2.48516e-06
2.48157e-06
2.48281e-06
2.51724e-06
2.51413e-06
2.51102e-06
2.50736e-06
2.50793e-06
2.55127e-06
2.54803e-06
2.54486e-06
2.54108e-06
2.5417e-06
2.57569e-06
2.57223e-06
2.56817e-06
2.56435e-06
2.56465e-06
2.60659e-06
2.60241e-06
2.59844e-06
2.60029e-06
2.63692e-06
2.63319e-06
2.62887e-06
2.62477e-06
2.62511e-06
2.67131e-06
2.66757e-06
2.6631e-06
2.65896e-06
2.65937e-06
2.69652e-06
2.69251e-06
2.68792e-06
2.68363e-06
2.68378e-06
2.73295e-06
2.72882e-06
2.72482e-06
2.72033e-06
2.72083e-06
2.76171e-06
2.75716e-06
2.75282e-06
2.74815e-06
2.74776e-06
2.80255e-06
2.79785e-06
2.79339e-06
2.78856e-06
2.78844e-06
2.83544e-06
2.8307e-06
2.82566e-06
2.82577e-06
2.87771e-06
2.87265e-06
2.86701e-06
2.86173e-06
2.86188e-06
2.93329e-06
2.92819e-06
2.92235e-06
2.91695e-06
2.91748e-06
2.99363e-06
2.98837e-06
2.9823e-06
2.97675e-06
2.97675e-06
3.08346e-06
3.07665e-06
3.07062e-06
3.07202e-06
3.13119e-06
3.12499e-06
3.11788e-06
3.11146e-06
3.11171e-06
3.10555e-06
3.09956e-06
3.0975e-06
3.17612e-06
3.16923e-06
3.16301e-06
3.15654e-06
3.1549e-06
3.14859e-06
3.20778e-06
3.20072e-06
3.19452e-06
3.18824e-06
3.1857e-06
3.1794e-06
3.17539e-06
3.25561e-06
3.2479e-06
3.24099e-06
3.2343e-06
3.23059e-06
3.22392e-06
3.2186e-06
3.21142e-06
3.28138e-06
3.27344e-06
3.26646e-06
3.26182e-06
3.25487e-06
3.2486e-06
3.24091e-06
3.31725e-06
3.30878e-06
3.30101e-06
3.29585e-06
3.28854e-06
3.28173e-06
3.27348e-06
3.33482e-06
3.32538e-06
3.31727e-06
3.31011e-06
3.30359e-06
3.29637e-06
3.28868e-06
3.28026e-06
3.27316e-06
3.34878e-06
3.33942e-06
3.33126e-06
3.32413e-06
3.31729e-06
3.31009e-06
3.30192e-06
3.29328e-06
3.28619e-06
3.28167e-06
3.35085e-06
3.34174e-06
3.33416e-06
3.32727e-06
3.31998e-06
3.31292e-06
3.30459e-06
3.29624e-06
3.28892e-06
3.28442e-06
3.3675e-06
3.3584e-06
3.35081e-06
3.34394e-06
3.33673e-06
3.3296e-06
3.32156e-06
3.31344e-06
3.30583e-06
3.30104e-06
3.29221e-06
3.35377e-06
3.3445e-06
3.3368e-06
3.33038e-06
3.32216e-06
3.31506e-06
3.30634e-06
3.29807e-06
3.29046e-06
3.28582e-06
3.27661e-06
3.34532e-06
3.33598e-06
3.3282e-06
3.32136e-06
3.31278e-06
3.3057e-06
3.29647e-06
3.28793e-06
3.28038e-06
3.27596e-06
3.3616e-06
3.35224e-06
3.34423e-06
3.33734e-06
3.32941e-06
3.32213e-06
3.31312e-06
3.30448e-06
3.29677e-06
3.29215e-06
3.374e-06
3.36451e-06
3.35636e-06
3.34888e-06
3.34072e-06
3.33327e-06
3.3241e-06
3.31506e-06
3.3064e-06
3.30169e-06
3.29198e-06
3.38541e-06
3.37549e-06
3.36703e-06
3.35946e-06
3.35091e-06
3.34322e-06
3.3339e-06
3.32485e-06
3.31598e-06
3.31101e-06
3.30065e-06
3.37969e-06
3.37096e-06
3.36365e-06
3.35483e-06
3.34696e-06
3.33725e-06
3.32805e-06
3.31898e-06
3.31393e-06
3.40749e-06
3.39722e-06
3.38832e-06
3.38057e-06
3.37202e-06
3.36401e-06
3.35446e-06
3.34521e-06
3.3366e-06
3.33135e-06
3.32575e-06
3.42522e-06
3.41509e-06
3.40627e-06
3.39841e-06
3.39006e-06
3.38204e-06
3.37287e-06
3.36382e-06
3.35534e-06
3.34982e-06
3.40619e-06
3.39601e-06
3.38735e-06
3.37964e-06
3.37023e-06
3.36235e-06
3.35226e-06
3.34281e-06
3.3344e-06
3.32919e-06
3.31825e-06
3.35948e-06
3.34913e-06
3.34075e-06
3.33328e-06
3.32235e-06
3.31464e-06
3.30333e-06
3.29339e-06
3.28506e-06
3.28034e-06
3.26858e-06
3.33343e-06
3.323e-06
3.31464e-06
3.30715e-06
3.2958e-06
3.28814e-06
3.27599e-06
3.26616e-06
3.25842e-06
3.25397e-06
3.24135e-06
3.3128e-06
3.30221e-06
3.29383e-06
3.2864e-06
3.27448e-06
3.26679e-06
3.25435e-06
3.24412e-06
3.23554e-06
3.2311e-06
3.21833e-06
3.30824e-06
3.29752e-06
3.28899e-06
3.28173e-06
3.26971e-06
3.2619e-06
3.24945e-06
3.23908e-06
3.23021e-06
3.22563e-06
3.21282e-06
3.29874e-06
3.2879e-06
3.27914e-06
3.2708e-06
3.25873e-06
3.25082e-06
3.23791e-06
3.22799e-06
3.21951e-06
3.21494e-06
3.31472e-06
3.30379e-06
3.29475e-06
3.28647e-06
3.27495e-06
3.26678e-06
3.2543e-06
3.2455e-06
3.23686e-06
3.22657e-06
3.21313e-06
3.33431e-06
3.32271e-06
3.31285e-06
3.30364e-06
3.29212e-06
3.2834e-06
3.27065e-06
3.26086e-06
3.25176e-06
3.2412e-06
3.22686e-06
3.31663e-06
3.30459e-06
3.29461e-06
3.28596e-06
3.27334e-06
3.26456e-06
3.25527e-06
3.24566e-06
3.23495e-06
3.33308e-06
3.32134e-06
3.31145e-06
3.30335e-06
3.29132e-06
3.28136e-06
3.27213e-06
3.26157e-06
3.36611e-06
3.35427e-06
3.34389e-06
3.33464e-06
3.32392e-06
3.31448e-06
3.305e-06
3.29419e-06
3.28756e-06
3.35515e-06
3.34372e-06
3.33422e-06
3.32527e-06
3.31366e-06
3.30417e-06
3.29496e-06
3.28409e-06
3.27784e-06
3.34616e-06
3.33676e-06
3.32759e-06
3.31601e-06
3.30658e-06
3.29741e-06
3.28706e-06
3.28147e-06
3.3504e-06
3.33927e-06
3.3302e-06
3.32154e-06
3.30974e-06
3.30037e-06
3.29132e-06
3.28056e-06
3.27514e-06
3.35221e-06
3.34114e-06
3.33199e-06
3.3235e-06
3.31209e-06
3.30272e-06
3.29362e-06
3.28768e-06
3.27739e-06
3.34571e-06
3.33467e-06
3.3252e-06
3.317e-06
3.30468e-06
3.29558e-06
3.28649e-06
3.27563e-06
3.3535e-06
3.34195e-06
3.33155e-06
3.32233e-06
3.31032e-06
3.29998e-06
3.29054e-06
3.27921e-06
3.35533e-06
3.34337e-06
3.33268e-06
3.32413e-06
3.31165e-06
3.30176e-06
3.29219e-06
3.28099e-06
3.3703e-06
3.35813e-06
3.34718e-06
3.33787e-06
3.32851e-06
3.31879e-06
3.30961e-06
3.29895e-06
3.36879e-06
3.35742e-06
3.34712e-06
3.33842e-06
3.32949e-06
3.32032e-06
3.31147e-06
3.30129e-06
3.29497e-06
3.37956e-06
3.36889e-06
3.35881e-06
3.35012e-06
3.34155e-06
3.33268e-06
3.32407e-06
3.31423e-06
3.30787e-06
3.38941e-06
3.37913e-06
3.36931e-06
3.36079e-06
3.35241e-06
3.34362e-06
3.33515e-06
3.32549e-06
3.31939e-06
3.40688e-06
3.39689e-06
3.38719e-06
3.3786e-06
3.36997e-06
3.36173e-06
3.35327e-06
3.34403e-06
3.33819e-06
3.44096e-06
3.43133e-06
3.42157e-06
3.41304e-06
3.40459e-06
3.39611e-06
3.38752e-06
3.37762e-06
3.37136e-06
3.46225e-06
3.45219e-06
3.44266e-06
3.43386e-06
3.42511e-06
3.41615e-06
3.40745e-06
3.39774e-06
3.39106e-06
3.4977e-06
3.48765e-06
3.47792e-06
3.46914e-06
3.46027e-06
3.45143e-06
3.44256e-06
3.4326e-06
3.42581e-06
3.41541e-06
3.48273e-06
3.47171e-06
3.46157e-06
3.45263e-06
3.44334e-06
3.43394e-06
3.42476e-06
3.41387e-06
3.40723e-06
3.39617e-06
3.48892e-06
3.47772e-06
3.46732e-06
3.45807e-06
3.44866e-06
3.43905e-06
3.4297e-06
3.41824e-06
3.41165e-06
3.51669e-06
3.50552e-06
3.49504e-06
3.48586e-06
3.47632e-06
3.46682e-06
3.45741e-06
3.44639e-06
3.43933e-06
3.52438e-06
3.51326e-06
3.5027e-06
3.49292e-06
3.4833e-06
3.47365e-06
3.4641e-06
3.45277e-06
3.44578e-06
3.54888e-06
3.53769e-06
3.52693e-06
3.51725e-06
3.50754e-06
3.49791e-06
3.48823e-06
3.47643e-06
3.46895e-06
3.5725e-06
3.56164e-06
3.55068e-06
3.53988e-06
3.52988e-06
3.51996e-06
3.50995e-06
3.49789e-06
3.48997e-06
3.53035e-06
3.51805e-06
3.50699e-06
3.49666e-06
3.48636e-06
3.47577e-06
3.4656e-06
3.45224e-06
3.44501e-06
3.43569e-06
3.42211e-06
3.52288e-06
3.51022e-06
3.49894e-06
3.48842e-06
3.47794e-06
3.46736e-06
3.45704e-06
3.44419e-06
3.43672e-06
3.42707e-06
3.41364e-06
3.50407e-06
3.49133e-06
3.47983e-06
3.46924e-06
3.45869e-06
3.44778e-06
3.4374e-06
3.42339e-06
3.41601e-06
3.40588e-06
3.39159e-06
3.5044e-06
3.49154e-06
3.4798e-06
3.46942e-06
3.45872e-06
3.44768e-06
3.43714e-06
3.42333e-06
3.41582e-06
3.40552e-06
3.3911e-06
3.38408e-06
3.46425e-06
3.45138e-06
3.43991e-06
3.42941e-06
3.41895e-06
3.40808e-06
3.39772e-06
3.38349e-06
3.3763e-06
3.36624e-06
3.35143e-06
3.34505e-06
3.43429e-06
3.42153e-06
3.41022e-06
3.39974e-06
3.38917e-06
3.37859e-06
3.36834e-06
3.35377e-06
3.34622e-06
3.33628e-06
3.33008e-06
3.31516e-06
3.39583e-06
3.38309e-06
3.37192e-06
3.36099e-06
3.35088e-06
3.33979e-06
3.32962e-06
3.31439e-06
3.30741e-06
3.2976e-06
3.28233e-06
3.38749e-06
3.37461e-06
3.36316e-06
3.35266e-06
3.34236e-06
3.33166e-06
3.32132e-06
3.30582e-06
3.29857e-06
3.28857e-06
3.27342e-06
3.35379e-06
3.34059e-06
3.32905e-06
3.31804e-06
3.30765e-06
3.2963e-06
3.28593e-06
3.27052e-06
3.26337e-06
3.2534e-06
3.23786e-06
3.23197e-06
3.329e-06
3.31601e-06
3.30471e-06
3.29442e-06
3.28422e-06
3.27334e-06
3.26314e-06
3.24788e-06
3.24099e-06
3.23116e-06
3.21592e-06
3.20989e-06
3.31412e-06
3.30135e-06
3.2902e-06
3.2803e-06
3.27022e-06
3.25951e-06
3.24944e-06
3.23461e-06
3.22766e-06
3.21791e-06
3.20312e-06
3.31653e-06
3.30373e-06
3.29249e-06
3.28243e-06
3.27224e-06
3.26151e-06
3.25137e-06
3.23657e-06
3.22936e-06
3.21949e-06
3.20443e-06
3.18948e-06
3.29622e-06
3.28335e-06
3.27193e-06
3.26183e-06
3.25156e-06
3.24077e-06
3.23058e-06
3.21563e-06
3.20843e-06
3.19852e-06
3.1833e-06
3.16788e-06
3.16157e-06
3.27979e-06
3.26708e-06
3.25561e-06
3.24506e-06
3.23479e-06
3.22402e-06
3.21383e-06
3.19826e-06
3.19099e-06
3.18108e-06
3.16505e-06
3.14912e-06
3.14281e-06
3.23049e-06
3.21747e-06
3.2061e-06
3.19611e-06
3.18593e-06
3.1747e-06
3.16455e-06
3.14851e-06
3.14159e-06
3.13184e-06
3.11556e-06
3.09871e-06
3.09303e-06
3.19626e-06
3.18322e-06
3.17196e-06
3.16166e-06
3.15092e-06
3.13974e-06
3.12967e-06
3.1132e-06
3.10621e-06
3.09652e-06
3.08017e-06
3.06367e-06
3.05774e-06
3.14421e-06
3.13131e-06
3.1203e-06
3.11018e-06
3.09966e-06
3.08866e-06
3.07879e-06
3.06258e-06
3.05592e-06
3.04646e-06
3.03013e-06
3.01413e-06
3.00852e-06
3.11107e-06
3.09852e-06
3.08762e-06
3.07774e-06
3.06737e-06
3.05657e-06
3.04685e-06
3.03058e-06
3.02403e-06
3.0147e-06
2.99882e-06
2.98229e-06
2.97703e-06
3.06096e-06
3.04843e-06
3.03772e-06
3.02804e-06
3.01785e-06
3.00719e-06
2.99765e-06
2.98186e-06
2.97599e-06
2.96685e-06
2.9507e-06
2.93466e-06
2.92927e-06
3.01694e-06
3.00472e-06
2.99423e-06
2.98509e-06
2.97514e-06
2.96472e-06
2.95539e-06
2.9395e-06
2.9335e-06
2.92457e-06
2.90822e-06
2.89185e-06
2.88667e-06
2.97333e-06
2.96132e-06
2.95097e-06
2.94165e-06
2.93182e-06
2.92155e-06
2.91235e-06
2.89694e-06
2.89063e-06
2.88183e-06
2.86606e-06
2.85003e-06
2.84501e-06
2.93224e-06
2.9204e-06
2.91014e-06
2.9005e-06
2.89078e-06
2.88064e-06
2.87155e-06
2.8562e-06
2.85007e-06
2.84137e-06
2.82494e-06
2.80893e-06
2.8037e-06
2.98356e-06
2.97251e-06
2.96142e-06
2.95199e-06
2.94179e-06
2.93183e-06
2.92231e-06
2.90821e-06
2.90029e-06
2.89076e-06
2.87614e-06
2.86075e-06
2.85364e-06
2.90291e-06
2.89089e-06
2.8802e-06
2.87077e-06
2.86075e-06
2.85053e-06
2.84122e-06
2.83469e-06
2.82821e-06
2.82209e-06
2.87259e-06
2.86146e-06
2.85178e-06
2.84313e-06
2.83388e-06
2.82425e-06
2.81555e-06
2.80908e-06
2.80314e-06
2.79792e-06
2.86881e-06
2.85833e-06
2.84906e-06
2.84052e-06
2.83163e-06
2.82234e-06
2.8139e-06
2.80769e-06
2.80189e-06
2.79691e-06
2.87314e-06
2.86327e-06
2.85393e-06
2.84543e-06
2.83675e-06
2.82768e-06
2.81941e-06
2.81334e-06
2.80745e-06
2.80182e-06
2.89536e-06
2.88636e-06
2.87753e-06
2.86902e-06
2.8605e-06
2.85215e-06
2.84393e-06
2.83766e-06
2.83146e-06
2.82556e-06
2.88611e-06
2.87693e-06
2.86816e-06
2.86032e-06
2.85192e-06
2.84314e-06
2.83502e-06
2.82877e-06
2.8227e-06
2.81706e-06
2.80889e-06
2.89282e-06
2.88373e-06
2.87501e-06
2.86656e-06
2.85775e-06
2.8489e-06
2.84075e-06
2.83422e-06
2.828e-06
2.82172e-06
2.81352e-06
2.79927e-06
2.90409e-06
2.89579e-06
2.88743e-06
2.87926e-06
2.87109e-06
2.86242e-06
2.85428e-06
2.84763e-06
2.84122e-06
2.83476e-06
2.82645e-06
2.81171e-06
2.80563e-06
2.89023e-06
2.88176e-06
2.87331e-06
2.86539e-06
2.85681e-06
2.84803e-06
2.84007e-06
2.83374e-06
2.82762e-06
2.82151e-06
2.81324e-06
2.79886e-06
2.79299e-06
2.86067e-06
2.85179e-06
2.8432e-06
2.8352e-06
2.82698e-06
2.81837e-06
2.81037e-06
2.80426e-06
2.79843e-06
2.79288e-06
2.7845e-06
2.77088e-06
2.76547e-06
2.83763e-06
2.8294e-06
2.82092e-06
2.81286e-06
2.80434e-06
2.79538e-06
2.78708e-06
2.7812e-06
2.77528e-06
2.76925e-06
2.76056e-06
2.74715e-06
2.74206e-06
2.82789e-06
2.81935e-06
2.81075e-06
2.80277e-06
2.79463e-06
2.78583e-06
2.77777e-06
2.77181e-06
2.76587e-06
2.76012e-06
2.75175e-06
2.7378e-06
2.73229e-06
2.80065e-06
2.79215e-06
2.78366e-06
2.77551e-06
2.76698e-06
2.75777e-06
2.7495e-06
2.74328e-06
2.73735e-06
2.73218e-06
2.72344e-06
2.70971e-06
2.70445e-06
2.78856e-06
2.77997e-06
2.7715e-06
2.76348e-06
2.75491e-06
2.74608e-06
2.73793e-06
2.73176e-06
2.72579e-06
2.71997e-06
2.71119e-06
2.6971e-06
2.69161e-06
2.76366e-06
2.75476e-06
2.74624e-06
2.73788e-06
2.72927e-06
2.72039e-06
2.71227e-06
2.70623e-06
2.70035e-06
2.69455e-06
2.68589e-06
2.67192e-06
2.66677e-06
2.65791e-06
2.75001e-06
2.74083e-06
2.73174e-06
2.7236e-06
2.71522e-06
2.70622e-06
2.69825e-06
2.69227e-06
2.68634e-06
2.68035e-06
2.67178e-06
2.65729e-06
2.65156e-06
2.64294e-06
2.71e-06
2.7003e-06
2.69099e-06
2.68266e-06
2.67426e-06
2.66529e-06
2.65742e-06
2.65152e-06
2.64584e-06
2.6402e-06
2.63169e-06
2.61767e-06
2.61216e-06
2.60362e-06
2.58342e-06
2.64728e-06
2.63815e-06
2.62914e-06
2.62114e-06
2.61273e-06
2.60389e-06
2.59598e-06
2.59018e-06
2.5847e-06
2.58001e-06
2.57148e-06
2.55836e-06
2.55347e-06
2.54478e-06
2.59845e-06
2.58918e-06
2.58029e-06
2.57205e-06
2.56326e-06
2.55416e-06
2.54612e-06
2.54059e-06
2.53523e-06
2.53045e-06
2.52172e-06
2.50908e-06
2.50457e-06
2.49573e-06
2.55293e-06
2.54343e-06
2.53449e-06
2.5266e-06
2.51807e-06
2.50922e-06
2.50131e-06
2.49589e-06
2.49066e-06
2.48635e-06
2.47782e-06
2.46538e-06
2.461e-06
2.45232e-06
2.44344e-06
2.50789e-06
2.49848e-06
2.48966e-06
2.48159e-06
2.47321e-06
2.4643e-06
2.45653e-06
2.45113e-06
2.44595e-06
2.44127e-06
2.43299e-06
2.42061e-06
2.41626e-06
2.40778e-06
2.39909e-06
2.48769e-06
2.47902e-06
2.4707e-06
2.46291e-06
2.45486e-06
2.44609e-06
2.43844e-06
2.43276e-06
2.42773e-06
2.41958e-06
2.41144e-06
2.39817e-06
2.39333e-06
2.38461e-06
2.45557e-06
2.44676e-06
2.43837e-06
2.43023e-06
2.42218e-06
2.41346e-06
2.40585e-06
2.40024e-06
2.39529e-06
2.38702e-06
2.37897e-06
2.37367e-06
2.36873e-06
2.36018e-06
2.35633e-06
2.44838e-06
2.43974e-06
2.43157e-06
2.4235e-06
2.41562e-06
2.40729e-06
2.39995e-06
2.3943e-06
2.38903e-06
2.38098e-06
2.37327e-06
2.36758e-06
2.36221e-06
2.3575e-06
2.3529e-06
2.34888e-06
2.34562e-06
2.34097e-06
2.41825e-06
2.41068e-06
2.40313e-06
2.39572e-06
2.38827e-06
2.38012e-06
2.37288e-06
2.36738e-06
2.36241e-06
2.35434e-06
2.34663e-06
2.34137e-06
2.33326e-06
2.32881e-06
2.32582e-06
2.3224e-06
2.31949e-06
2.31593e-06
2.31317e-06
2.38919e-06
2.38168e-06
2.37439e-06
2.3673e-06
2.36011e-06
2.35226e-06
2.34537e-06
2.34017e-06
2.33544e-06
2.32787e-06
2.32046e-06
2.31538e-06
2.3076e-06
2.30357e-06
2.2999e-06
2.29694e-06
2.29392e-06
2.28995e-06
2.28721e-06
2.33875e-06
2.33066e-06
2.32323e-06
2.31582e-06
2.30841e-06
2.30049e-06
2.2938e-06
2.28909e-06
2.28507e-06
2.27742e-06
2.27015e-06
2.26239e-06
2.25468e-06
2.25113e-06
2.24818e-06
2.24556e-06
2.24275e-06
2.23933e-06
2.2372e-06
2.29354e-06
2.2853e-06
2.27788e-06
2.27064e-06
2.26344e-06
2.25564e-06
2.24913e-06
2.24465e-06
2.24091e-06
2.23336e-06
2.2263e-06
2.21879e-06
2.21134e-06
2.20807e-06
2.20499e-06
2.20227e-06
2.19944e-06
2.19606e-06
2.19403e-06
2.26897e-06
2.26106e-06
2.2539e-06
2.24691e-06
2.23985e-06
2.23234e-06
2.22602e-06
2.22156e-06
2.21774e-06
2.21055e-06
2.20372e-06
2.19644e-06
2.18922e-06
2.1856e-06
2.18234e-06
2.17961e-06
2.17671e-06
2.17325e-06
2.17114e-06
2.22095e-06
2.21315e-06
2.20608e-06
2.19895e-06
2.19168e-06
2.18418e-06
2.17791e-06
2.1736e-06
2.16953e-06
2.16243e-06
2.15561e-06
2.14804e-06
2.14083e-06
2.13765e-06
2.13507e-06
2.13259e-06
2.12994e-06
2.1271e-06
2.12471e-06
2.18738e-06
2.17997e-06
2.17309e-06
2.16653e-06
2.15946e-06
2.15209e-06
2.14585e-06
2.14151e-06
2.13742e-06
2.13049e-06
2.12372e-06
2.11627e-06
2.10908e-06
2.10588e-06
2.10305e-06
2.10063e-06
2.09805e-06
2.09516e-06
2.09301e-06
2.14221e-06
2.13458e-06
2.12768e-06
2.12091e-06
2.11402e-06
2.10672e-06
2.10063e-06
2.09653e-06
2.09276e-06
2.08595e-06
2.07933e-06
2.07208e-06
2.0651e-06
2.06244e-06
2.05997e-06
2.05768e-06
2.05485e-06
2.05214e-06
2.05033e-06
2.11383e-06
2.10654e-06
2.09986e-06
2.09337e-06
2.08657e-06
2.07949e-06
2.07354e-06
2.06945e-06
2.06563e-06
2.0587e-06
2.05225e-06
2.04516e-06
2.03833e-06
2.03513e-06
2.03245e-06
2.03014e-06
2.02802e-06
2.02558e-06
2.02374e-06
2.07074e-06
2.06337e-06
2.05674e-06
2.05022e-06
2.0434e-06
2.03641e-06
2.03062e-06
2.02675e-06
2.02333e-06
2.01671e-06
2.01041e-06
2.00353e-06
1.99691e-06
1.99393e-06
1.99194e-06
1.98978e-06
1.98781e-06
1.98552e-06
1.98379e-06
2.05214e-06
2.04512e-06
2.03876e-06
2.03259e-06
2.02615e-06
2.01946e-06
2.01386e-06
2.00998e-06
2.00621e-06
1.99975e-06
1.99367e-06
1.98698e-06
1.98057e-06
1.97745e-06
1.97534e-06
1.97321e-06
1.97111e-06
1.96868e-06
1.96685e-06
2.01781e-06
2.01088e-06
2.00462e-06
1.99852e-06
1.99223e-06
1.98565e-06
1.98015e-06
1.9764e-06
1.97335e-06
1.96701e-06
1.96105e-06
1.9545e-06
1.94822e-06
1.94525e-06
1.94324e-06
1.94122e-06
1.93887e-06
1.93701e-06
1.93546e-06
1.94292e-06
1.93737e-06
1.9339e-06
1.92798e-06
1.92135e-06
1.91564e-06
1.91199e-06
1.90942e-06
1.90268e-06
1.89628e-06
1.88917e-06
1.88233e-06
1.88228e-06
1.88091e-06
1.87953e-06
1.87796e-06
1.87663e-06
1.87652e-06
1.87405e-06
1.86754e-06
1.8658e-06
1.85898e-06
1.85175e-06
1.84612e-06
1.84318e-06
1.84169e-06
1.83479e-06
1.82839e-06
1.82686e-06
1.82039e-06
1.81917e-06
1.81132e-06
1.80459e-06
1.80354e-06
1.79667e-06
1.78947e-06
1.78912e-06
1.78651e-06
1.78548e-06
1.77879e-06
1.77263e-06
1.77083e-06
1.76402e-06
1.76299e-06
1.76151e-06
1.75397e-06
1.74697e-06
1.74631e-06
1.73974e-06
1.73289e-06
1.73208e-06
1.72974e-06
1.72904e-06
1.72267e-06
1.7168e-06
1.71533e-06
1.70892e-06
1.70828e-06
1.70194e-06
1.70188e-06
1.70088e-06
1.69382e-06
1.68728e-06
1.68687e-06
1.68073e-06
1.67432e-06
1.67395e-06
1.67182e-06
1.67134e-06
1.66537e-06
1.65988e-06
1.65865e-06
1.65258e-06
1.65162e-06
1.64566e-06
1.64576e-06
1.63997e-06
1.63997e-06
1.63339e-06
1.62731e-06
1.62708e-06
1.62136e-06
1.61542e-06
1.61536e-06
1.61342e-06
1.61312e-06
1.60755e-06
1.60243e-06
1.6013e-06
1.59569e-06
1.59492e-06
1.58939e-06
1.58964e-06
1.58427e-06
1.57872e-06
1.57872e-06
1.57262e-06
1.56698e-06
1.56689e-06
1.56159e-06
1.55608e-06
1.55612e-06
1.55436e-06
1.5542e-06
1.54903e-06
1.54426e-06
1.5435e-06
1.53832e-06
1.53771e-06
1.53256e-06
1.53292e-06
1.52792e-06
1.5228e-06
1.5228e-06
1.51714e-06
1.51189e-06
1.51191e-06
1.50697e-06
1.50185e-06
1.50196e-06
1.50035e-06
1.5003e-06
1.49548e-06
1.49103e-06
1.49064e-06
1.48585e-06
1.48535e-06
1.48057e-06
1.48101e-06
1.47659e-06
1.47182e-06
1.47182e-06
1.46654e-06
1.46164e-06
1.46173e-06
1.45711e-06
1.45233e-06
1.45236e-06
1.45086e-06
1.45089e-06
1.44638e-06
1.4422e-06
1.44239e-06
1.4378e-06
1.43739e-06
1.43283e-06
1.43332e-06
1.42896e-06
1.42449e-06
1.42449e-06
1.41955e-06
1.41496e-06
1.41511e-06
1.41078e-06
1.40631e-06
1.40638e-06
1.40498e-06
1.40507e-06
1.40084e-06
1.40145e-06
1.4016e-06
1.39732e-06
1.39697e-06
1.39272e-06
1.39322e-06
1.38923e-06
1.38503e-06
1.38503e-06
1.3804e-06
1.37607e-06
1.37624e-06
1.37216e-06
1.36794e-06
1.36802e-06
1.3667e-06
1.36681e-06
1.36282e-06
1.36303e-06
1.36303e-06
1.359e-06
1.35869e-06
1.35465e-06
1.35517e-06
1.35132e-06
1.34736e-06
1.3434e-06
1.3434e-06
1.33904e-06
1.33496e-06
1.33517e-06
1.33132e-06
1.32734e-06
1.32764e-06
1.3264e-06
1.32655e-06
1.32278e-06
1.32302e-06
1.32263e-06
1.31884e-06
1.31859e-06
1.31476e-06
1.3153e-06
1.31166e-06
1.30792e-06
1.30415e-06
1.30415e-06
1.30004e-06
1.29619e-06
1.29643e-06
1.29279e-06
1.28903e-06
1.28935e-06
1.28818e-06
1.28836e-06
1.28479e-06
1.28509e-06
1.2847e-06
1.28108e-06
1.28087e-06
1.27725e-06
1.27781e-06
1.27436e-06
1.27081e-06
1.26725e-06
1.26725e-06
1.26337e-06
1.25972e-06
1.25999e-06
1.25653e-06
1.25297e-06
1.2533e-06
1.25219e-06
1.2524e-06
1.25256e-06
1.25287e-06
1.25267e-06
1.24926e-06
1.24909e-06
1.24566e-06
1.24622e-06
1.24295e-06
1.23959e-06
1.23621e-06
1.23621e-06
1.23252e-06
1.22905e-06
1.22931e-06
1.22602e-06
1.22263e-06
1.22262e-06
1.22156e-06
1.22178e-06
1.22194e-06
1.22224e-06
1.22205e-06
1.21879e-06
1.21864e-06
1.21536e-06
1.21591e-06
1.21275e-06
1.20953e-06
1.20631e-06
1.20631e-06
1.2028e-06
1.1995e-06
1.19977e-06
1.19662e-06
1.19339e-06
1.19309e-06
1.19207e-06
1.19229e-06
1.19245e-06
1.19276e-06
1.19245e-06
1.18937e-06
1.18924e-06
1.18612e-06
1.18668e-06
1.18371e-06
1.18064e-06
1.17756e-06
1.17756e-06
1.17421e-06
1.17106e-06
1.17133e-06
1.16833e-06
1.16524e-06
1.16496e-06
1.16398e-06
1.1642e-06
1.16437e-06
1.16468e-06
1.1649e-06
1.16192e-06
1.1618e-06
1.15879e-06
1.15934e-06
1.15646e-06
1.15352e-06
1.15057e-06
1.15057e-06
1.14738e-06
1.14437e-06
1.14465e-06
1.14177e-06
1.13881e-06
1.13889e-06
1.13795e-06
1.13818e-06
1.13835e-06
1.13891e-06
1.13879e-06
1.13595e-06
1.13585e-06
1.13299e-06
1.13354e-06
1.13078e-06
1.12796e-06
1.12515e-06
1.12515e-06
1.1221e-06
1.11921e-06
1.1195e-06
1.11674e-06
1.1139e-06
1.11399e-06
1.11308e-06
1.11332e-06
1.11344e-06
1.11399e-06
1.11397e-06
1.11122e-06
1.11114e-06
1.10839e-06
1.10893e-06
1.10628e-06
1.10358e-06
1.10087e-06
1.10087e-06
1.09796e-06
1.09519e-06
1.09547e-06
1.09282e-06
1.0901e-06
1.0902e-06
1.08932e-06
1.08956e-06
1.08968e-06
1.09023e-06
1.09015e-06
1.08753e-06
1.08746e-06
1.08483e-06
1.08537e-06
1.08288e-06
1.08028e-06
1.07768e-06
1.07768e-06
1.07489e-06
1.07224e-06
1.07252e-06
1.06998e-06
1.06737e-06
1.06736e-06
1.06652e-06
1.06676e-06
1.06688e-06
1.06743e-06
1.06739e-06
1.06485e-06
1.0648e-06
1.06228e-06
1.06281e-06
1.06033e-06
1.05783e-06
1.05534e-06
1.05534e-06
1.05266e-06
1.05011e-06
1.0504e-06
1.04795e-06
1.04544e-06
1.04544e-06
1.04463e-06
1.04487e-06
1.045e-06
1.04554e-06
1.04544e-06
1.04301e-06
1.04297e-06
1.04054e-06
1.04107e-06
1.03868e-06
1.03628e-06
1.03389e-06
1.03389e-06
1.03132e-06
1.02886e-06
1.02916e-06
1.0268e-06
1.02439e-06
1.0245e-06
1.02371e-06
1.02396e-06
1.0241e-06
1.02463e-06
1.02488e-06
1.02256e-06
1.02253e-06
1.02022e-06
1.02076e-06
1.01849e-06
1.01618e-06
1.01387e-06
1.01387e-06
1.01141e-06
1.00904e-06
1.00934e-06
1.00707e-06
1.00474e-06
1.00479e-06
1.00403e-06
1.00428e-06
1.00441e-06
1.00494e-06
1.00494e-06
1.00269e-06
1.00267e-06
1.00044e-06
1.00096e-06
9.98771e-07
9.96541e-07
9.94316e-07
9.94316e-07
9.91942e-07
9.89664e-07
9.8996e-07
9.8777e-07
9.85529e-07
9.85607e-07
9.84872e-07
9.85125e-07
9.85535e-07
9.86051e-07
9.86022e-07
9.83839e-07
9.83827e-07
9.81665e-07
9.82187e-07
9.80075e-07
9.77914e-07
9.75767e-07
9.75767e-07
9.73481e-07
9.71284e-07
9.71581e-07
9.69467e-07
9.67305e-07
9.67387e-07
9.66675e-07
9.6693e-07
9.67335e-07
9.67712e-07
9.67737e-07
9.6565e-07
9.65648e-07
9.63565e-07
9.64083e-07
9.62037e-07
9.59964e-07
9.5789e-07
9.5789e-07
9.55687e-07
9.53567e-07
9.53865e-07
9.51822e-07
9.49734e-07
9.49818e-07
9.49129e-07
9.49385e-07
9.49786e-07
9.50327e-07
9.50321e-07
9.48307e-07
9.48313e-07
9.46299e-07
9.46813e-07
9.44864e-07
9.42846e-07
9.40842e-07
9.40842e-07
9.38717e-07
9.36668e-07
9.36966e-07
9.3499e-07
9.32973e-07
9.33059e-07
9.32391e-07
9.32648e-07
9.33043e-07
9.33004e-07
9.32883e-07
9.30932e-07
9.30947e-07
9.29e-07
9.29511e-07
9.27622e-07
9.2567e-07
9.23732e-07
9.23732e-07
9.21682e-07
9.19702e-07
9.20001e-07
9.18089e-07
9.16139e-07
9.16296e-07
9.15649e-07
9.15908e-07
9.163e-07
9.16269e-07
9.16223e-07
9.14328e-07
9.14351e-07
9.1246e-07
9.12968e-07
9.11123e-07
9.09234e-07
9.07358e-07
