0
-3.31319e-11
1.12269e-09
2.14289e-09
1.88781e-09
1.64413e-09
2.72656e-09
3.58913e-09
3.58913e-09
3.2887e-09
6.51169e-09
9.20828e-09
8.24404e-09
1.06758e-08
1.02318e-08
1.2453e-08
8.77769e-09
8.04829e-09
8.04829e-09
7.45157e-09
1.11572e-08
1.45908e-08
1.32702e-08
1.56393e-08
1.50795e-08
1.40502e-08
1.40502e-08
1.33684e-08
1.56758e-08
1.73768e-08
1.68559e-08
1.87384e-08
2.08501e-08
1.97863e-08
2.14261e-08
2.14261e-08
2.04807e-08
2.25516e-08
2.45151e-08
2.37266e-08
2.25208e-08
2.45213e-08
2.3378e-08
2.50434e-08
2.50434e-08
2.42207e-08
2.56645e-08
2.70636e-08
2.60108e-08
2.73645e-08
2.67256e-08
2.61567e-08
2.75819e-08
2.45469e-08
2.45469e-08
2.39176e-08
2.50523e-08
2.58775e-08
2.31614e-08
2.27424e-08
2.23771e-08
2.16984e-08
2.27848e-08
2.27848e-08
2.22948e-08
2.32765e-08
2.09894e-08
2.20168e-08
2.16727e-08
2.27546e-08
2.21653e-08
2.21653e-08
2.17477e-08
2.26153e-08
2.05278e-08
2.14307e-08
2.09131e-08
2.15893e-08
2.13284e-08
2.22827e-08
2.18344e-08
2.13521e-08
2.13521e-08
2.101e-08
2.17557e-08
2.12959e-08
2.08531e-08
2.06133e-08
2.04055e-08
2.12288e-08
2.17561e-08
2.2456e-08
2.2456e-08
2.21109e-08
2.27884e-08
2.23332e-08
2.30572e-08
2.27939e-08
2.2361e-08
2.21389e-08
2.28707e-08
2.27612e-08
2.23117e-08
2.33608e-08
2.30278e-08
2.24327e-08
2.21607e-08
2.3355e-08
2.27781e-08
2.38192e-08
2.47701e-08
2.41776e-08
2.33347e-08
2.65307e-08
2.9672e-08
2.90014e-08
2.76807e-08
2.71995e-08
3.04006e-08
3.31195e-08
3.19816e-08
3.07585e-08
3.02516e-08
2.85073e-08
3.58076e-08
4.13098e-08
3.82974e-08
3.69889e-08
3.44626e-08
4.09583e-08
3.9886e-08
4.84941e-08
5.97894e-08
6.86559e-08
6.66552e-08
6.20921e-08
7.15215e-08
6.62568e-08
5.91507e-08
7.01932e-08
6.77889e-08
7.64506e-08
4.70052e-08
4.52225e-08
4.22424e-08
-4.86626e-10
1.3604e-08
2.8453e-08
2.8058e-08
2.49911e-08
2.23899e-08
3.37639e-08
4.55794e-08
4.43555e-08
4.13606e-08
-8.37331e-09
1.27768e-08
2.67509e-08
2.70324e-08
2.54161e-08
2.20908e-08
3.54749e-08
4.82436e-08
4.6883e-08
7.02498e-09
2.3258e-08
3.73482e-08
3.68882e-08
3.66326e-08
3.36219e-08
4.53661e-08
5.60703e-08
5.49198e-08
5.26576e-08
1.50791e-08
3.04191e-08
4.30263e-08
5.49362e-08
5.21661e-08
4.88865e-08
4.80218e-08
4.26095e-08
4.076e-08
3.85657e-08
-1.55901e-08
5.64747e-09
-1.27062e-09
1.45078e-08
1.53589e-08
3.27018e-08
5.02534e-08
4.65038e-08
4.29567e-08
5.69576e-08
5.58241e-08
5.30927e-08
-1.88592e-09
1.86456e-08
1.12727e-08
3.05791e-08
2.71005e-08
4.40342e-08
5.73263e-08
7.19417e-08
6.81931e-08
6.65238e-08
6.55082e-08
6.22158e-08
1.51492e-09
2.3407e-08
1.52609e-08
3.60715e-08
3.22637e-08
5.04769e-08
5.00972e-08
6.61181e-08
6.24276e-08
6.20769e-08
7.78069e-08
7.67032e-08
7.22457e-08
-2.6768e-09
-1.17064e-08
1.57686e-08
4.00931e-08
6.42321e-08
6.32465e-08
5.8643e-08
7.77409e-08
7.21914e-08
7.12577e-08
6.99116e-08
6.70919e-08
5.81165e-08
7.71382e-08
9.36911e-08
8.82878e-08
1.04013e-07
9.92532e-08
9.75134e-08
9.31651e-08
1.0457e-07
1.19031e-07
1.17935e-07
1.1432e-07
1.05846e-07
1.20262e-07
1.329e-07
1.27455e-07
1.39416e-07
1.34649e-07
1.43757e-07
1.55373e-07
1.51423e-07
1.50669e-07
1.41377e-07
1.21795e-07
1.51328e-07
1.77109e-07
1.64128e-07
1.58902e-07
1.75816e-07
1.70904e-07
1.904e-07
2.11133e-07
2.00996e-07
1.99788e-07
1.88561e-07
1.6765e-07
1.94474e-07
2.17991e-07
2.0384e-07
2.25069e-07
2.17407e-07
2.38852e-07
2.52991e-07
2.68513e-07
2.6729e-07
2.52196e-07
2.27254e-07
2.53419e-07
2.76235e-07
2.96412e-07
3.11389e-07
3.28676e-07
3.12925e-07
3.00137e-07
3.18425e-07
3.17008e-07
2.98527e-07
2.69766e-07
3.00825e-07
3.23938e-07
3.44265e-07
3.31791e-07
3.1449e-07
2.97407e-07
3.11951e-07
3.31379e-07
3.30473e-07
2.89846e-07
2.28254e-07
3.09492e-07
3.6221e-07
4.16491e-07
4.44469e-07
4.17213e-07
3.81505e-07
3.79321e-07
3.46197e-07
3.9341e-07
4.43168e-07
4.67982e-07
4.41993e-07
4.82131e-07
4.46959e-07
4.45201e-07
4.17046e-07
4.48898e-07
4.86116e-07
5.04291e-07
5.36079e-07
5.05615e-07
5.04211e-07
4.73015e-07
5.03297e-07
5.33083e-07
5.6486e-07
5.4021e-07
5.08502e-07
4.81535e-07
4.99929e-07
4.9883e-07
4.76039e-07
4.984e-07
5.11989e-07
4.94846e-07
5.19415e-07
5.42269e-07
5.18067e-07
5.35759e-07
5.14225e-07
5.1334e-07
4.94639e-07
5.11191e-07
4.91156e-07
5.01422e-07
4.8754e-07
5.0696e-07
4.90613e-07
4.90039e-07
4.62747e-07
4.368e-07
4.60871e-07
4.97801e-07
5.30468e-07
5.06488e-07
5.29908e-07
5.28996e-07
4.90221e-07
4.49446e-07
4.93098e-07
5.41461e-07
5.16552e-07
5.49353e-07
5.67608e-07
5.66367e-07
5.29232e-07
5.67767e-07
5.91644e-07
5.64917e-07
6.04952e-07
6.41366e-07
6.65552e-07
6.34648e-07
6.33535e-07
6.03567e-07
6.27896e-07
6.0094e-07
6.29661e-07
6.41876e-07
6.68159e-07
6.41529e-07
6.40658e-07
6.04933e-07
6.35443e-07
6.07144e-07
5.72623e-07
5.90108e-07
6.23089e-07
6.5175e-07
6.72475e-07
6.71236e-07
6.32944e-07
6.64275e-07
6.92541e-07
7.2732e-07
7.38691e-07
7.10588e-07
6.74292e-07
7.02752e-07
7.01789e-07
6.58403e-07
6.9503e-07
7.26737e-07
7.63284e-07
7.77956e-07
7.46025e-07
7.06667e-07
7.05456e-07
6.71254e-07
6.92489e-07
7.24399e-07
6.98188e-07
7.27206e-07
6.94038e-07
6.6292e-07
6.62003e-07
6.33585e-07
6.5348e-07
6.23717e-07
6.47076e-07
6.28772e-07
6.56004e-07
6.316e-07
6.30758e-07
5.92374e-07
6.257e-07
5.98263e-07
6.43546e-07
6.15349e-07
5.78076e-07
5.83988e-07
6.13083e-07
6.11946e-07
5.82602e-07
6.08502e-07
6.36598e-07
6.40081e-07
6.19192e-07
5.90751e-07
5.62775e-07
5.93501e-07
6.20054e-07
6.19181e-07
5.9192e-07
6.15075e-07
6.40184e-07
6.7128e-07
6.99364e-07
6.78267e-07
6.50805e-07
6.23431e-07
6.21913e-07
5.96565e-07
6.18513e-07
5.90258e-07
6.22681e-07
6.05342e-07
6.35021e-07
6.5678e-07
6.34752e-07
6.12024e-07
6.11218e-07
5.67526e-07
6.12475e-07
5.64359e-07
5.20014e-07
4.96831e-07
5.58188e-07
5.27647e-07
5.80488e-07
6.18606e-07
6.17232e-07
5.727e-07
6.18058e-07
5.76002e-07
6.24223e-07
5.96459e-07
5.70697e-07
6.2471e-07
5.84542e-07
6.31918e-07
6.30622e-07
5.82827e-07
6.30294e-07
6.98347e-07
7.58557e-07
7.22223e-07
6.91234e-07
6.45803e-07
6.02749e-07
5.71244e-07
5.69823e-07
5.34414e-07
5.74134e-07
5.41665e-07
5.19546e-07
5.01206e-07
5.5538e-07
5.21893e-07
5.68791e-07
6.0268e-07
6.01332e-07
5.72308e-07
6.0052e-07
6.4128e-07
6.69526e-07
6.47642e-07
6.15944e-07
5.85654e-07
5.69795e-07
5.6863e-07
5.43979e-07
5.75507e-07
5.58151e-07
5.947e-07
5.77079e-07
5.55434e-07
5.29561e-07
5.56475e-07
5.55604e-07
5.3395e-07
5.61511e-07
5.93534e-07
5.77352e-07
5.5734e-07
5.85614e-07
5.70905e-07
5.70024e-07
5.45037e-07
5.76823e-07
5.59256e-07
5.97048e-07
5.79369e-07
6.12144e-07
5.89836e-07
5.67819e-07
5.66851e-07
5.35984e-07
5.77701e-07
5.50424e-07
5.30854e-07
5.12124e-07
5.57747e-07
5.26889e-07
5.66208e-07
5.65097e-07
5.38862e-07
5.73046e-07
5.49746e-07
5.32245e-07
5.04405e-07
5.43853e-07
5.28132e-07
5.56555e-07
5.30235e-07
5.29117e-07
4.94635e-07
5.47202e-07
5.16385e-07
4.85089e-07
4.65486e-07
4.32613e-07
4.87766e-07
5.28944e-07
5.26286e-07
4.85204e-07
5.53109e-07
5.04397e-07
4.80044e-07
5.37686e-07
5.14042e-07
5.12412e-07
4.78318e-07
5.35703e-07
5.05644e-07
4.84879e-07
4.50553e-07
5.02878e-07
5.61158e-07
5.74237e-07
6.13699e-07
6.1249e-07
5.81759e-07
6.20077e-07
6.57559e-07
6.34698e-07
6.03847e-07
6.45129e-07
6.7557e-07
6.43208e-07
6.1908e-07
6.18037e-07
5.75158e-07
6.31892e-07
6.85833e-07
6.54963e-07
6.26077e-07
5.89024e-07
6.45443e-07
6.0551e-07
6.44499e-07
6.42671e-07
5.63453e-07
6.78997e-07
7.73741e-07
8.56714e-07
7.98541e-07
7.34642e-07
7.32473e-07
6.40914e-07
7.60141e-07
6.74506e-07
7.73252e-07
7.18371e-07
8.0248e-07
7.53146e-07
7.51794e-07
6.75224e-07
7.69395e-07
7.04363e-07
8.07563e-07
7.58422e-07
7.72388e-07
8.33669e-07
7.75467e-07
7.1433e-07
7.13191e-07
6.49541e-07
7.31906e-07
6.61095e-07
7.34234e-07
6.95266e-07
6.45389e-07
7.0829e-07
6.75652e-07
6.74509e-07
6.20571e-07
6.94891e-07
6.58842e-07
6.76716e-07
6.43394e-07
5.99974e-07
5.54402e-07
5.53415e-07
5.13242e-07
5.83088e-07
5.51716e-07
5.16105e-07
4.74378e-07
4.95466e-07
5.54255e-07
5.32997e-07
5.32232e-07
4.93499e-07
5.64326e-07
5.38283e-07
5.05289e-07
5.25471e-07
4.93507e-07
4.73665e-07
4.3887e-07
4.95917e-07
4.95259e-07
4.67458e-07
5.19421e-07
5.71841e-07
5.45472e-07
5.58958e-07
5.40687e-07
5.10032e-07
4.85407e-07
4.84893e-07
4.59324e-07
5.07622e-07
5.55944e-07
5.28273e-07
5.70691e-07
5.46932e-07
5.30168e-07
5.02302e-07
4.75747e-07
4.87803e-07
4.87374e-07
4.64148e-07
5.06233e-07
4.82065e-07
4.95439e-07
5.34556e-07
5.19219e-07
4.99426e-07
5.33488e-07
5.18853e-07
4.95105e-07
4.94718e-07
4.63841e-07
5.22434e-07
4.90402e-07
5.07258e-07
4.72981e-07
5.37185e-07
5.17979e-07
5.01197e-07
5.46013e-07
5.86155e-07
5.85541e-07
5.58254e-07
5.97536e-07
5.6992e-07
6.0803e-07
5.83743e-07
5.66143e-07
6.01421e-07
5.73247e-07
5.57172e-07
5.31801e-07
5.31482e-07
5.05047e-07
5.48137e-07
5.19725e-07
5.02813e-07
4.81094e-07
4.66157e-07
4.77748e-07
5.15167e-07
5.39226e-07
5.72754e-07
5.7235e-07
5.49048e-07
5.81335e-07
6.15088e-07
5.97572e-07
5.76364e-07
5.83356e-07
5.58079e-07
5.39491e-07
5.39385e-07
4.99139e-07
5.70442e-07
5.29123e-07
5.74404e-07
6.38828e-07
6.93619e-07
6.53999e-07
6.29054e-07
6.2865e-07
5.77905e-07
6.55758e-07
6.20306e-07
6.67466e-07
7.35445e-07
6.84727e-07
6.34445e-07
5.97742e-07
6.52842e-07
6.52305e-07
6.06497e-07
6.72015e-07
6.40294e-07
7.02413e-07
6.58856e-07
6.13494e-07
5.71708e-07
6.27616e-07
6.04791e-07
6.04295e-07
5.65837e-07
6.24993e-07
5.99834e-07
6.5624e-07
6.21897e-07
5.81852e-07
5.55035e-07
6.0611e-07
5.7031e-07
5.69948e-07
5.27323e-07
6.01448e-07
5.72594e-07
5.25512e-07
5.96144e-07
6.57906e-07
6.2037e-07
6.80237e-07
6.54952e-07
6.54467e-07
6.09588e-07
6.74403e-07
6.43965e-07
5.95809e-07
6.61359e-07
6.31728e-07
6.86188e-07
6.50897e-07
6.10455e-07
6.10135e-07
5.62568e-07
6.40094e-07
5.84059e-07
5.39311e-07
5.04615e-07
4.84164e-07
5.5503e-07
6.18186e-07
6.17674e-07
5.73356e-07
6.44131e-07
6.03679e-07
6.65019e-07
6.25711e-07
6.0048e-07
6.61099e-07
6.17392e-07
6.16934e-07
5.80457e-07
6.36217e-07
6.7945e-07
7.30501e-07
6.85883e-07
6.52935e-07
6.97996e-07
6.5864e-07
6.58466e-07
6.09817e-07
6.83317e-07
6.26385e-07
6.98678e-07
7.53206e-07
7.18029e-07
7.7683e-07
7.3597e-07
6.89471e-07
6.54564e-07
6.54157e-07
6.17383e-07
6.69554e-07
6.39239e-07
6.81248e-07
7.30969e-07
7.7488e-07
7.32967e-07
7.08901e-07
7.0869e-07
6.71526e-07
7.17476e-07
6.82892e-07
6.50629e-07
6.87212e-07
6.63502e-07
7.04793e-07
6.68129e-07
7.06341e-07
6.71823e-07
6.52138e-07
6.52307e-07
6.01197e-07
6.79736e-07
6.46193e-07
7.11378e-07
7.806e-07
7.3373e-07
7.01005e-07
6.5634e-07
7.15979e-07
7.15815e-07
6.67365e-07
7.31887e-07
8.03774e-07
8.54023e-07
9.09378e-07
8.70987e-07
8.36598e-07
7.90454e-07
7.51449e-07
7.07831e-07
7.07803e-07
6.42419e-07
7.3799e-07
6.62632e-07
7.40198e-07
6.99759e-07
7.82396e-07
8.57776e-07
8.04392e-07
7.50357e-07
7.18193e-07
7.17963e-07
6.64123e-07
6.31526e-07
7.04199e-07
6.46152e-07
7.22481e-07
6.85e-07
6.4534e-07
6.45123e-07
5.91717e-07
5.45581e-07
6.31196e-07
7.21861e-07
6.74467e-07
6.44455e-07
5.93763e-07
5.47932e-07
5.9188e-07
5.91634e-07
5.47001e-07
6.04653e-07
6.77234e-07
7.53726e-07
8.20315e-07
7.62591e-07
7.20552e-07
7.20243e-07
6.56695e-07
6.02276e-07
6.96461e-07
7.93434e-07
8.76924e-07
8.19595e-07
7.55071e-07
7.09043e-07
7.08546e-07
6.52135e-07
6.01056e-07
5.56068e-07
6.36972e-07
7.22118e-07
7.95298e-07
7.37015e-07
7.03284e-07
6.76131e-07
6.75718e-07
6.34081e-07
6.07928e-07
6.69463e-07
7.34788e-07
6.86712e-07
6.51496e-07
6.19713e-07
6.74302e-07
6.34866e-07
6.11927e-07
6.11557e-07
5.79293e-07
5.59554e-07
6.20235e-07
6.74241e-07
6.39578e-07
6.10163e-07
5.75581e-07
5.75265e-07
5.44211e-07
5.06276e-07
4.79458e-07
5.4134e-07
5.23962e-07
5.05681e-07
4.7835e-07
5.28853e-07
5.28532e-07
5.02597e-07
5.59975e-07
6.14138e-07
5.87151e-07
5.69937e-07
5.45754e-07
5.45432e-07
5.15895e-07
4.88047e-07
5.52793e-07
6.13013e-07
5.75954e-07
5.51498e-07
5.51116e-07
5.22594e-07
4.9587e-07
5.5809e-07
6.11787e-07
5.92257e-07
5.58423e-07
5.39727e-07
5.09177e-07
4.87548e-07
4.87202e-07
4.52431e-07
4.21213e-07
5.14061e-07
5.93891e-07
5.4886e-07
5.07416e-07
4.84038e-07
4.83524e-07
4.40601e-07
4.01436e-07
3.52931e-07
3.38388e-07
4.47467e-07
4.15155e-07
3.98324e-07
4.89223e-07
4.88467e-07
4.45177e-07
5.70494e-07
6.84753e-07
7.82121e-07
7.4421e-07
6.96001e-07
6.62292e-07
6.16089e-07
6.15325e-07
5.75136e-07
6.6018e-07
6.3373e-07
5.91095e-07
6.62332e-07
6.27042e-07
6.6464e-07
6.35981e-07
6.3533e-07
5.86398e-07
6.90459e-07
6.34972e-07
5.966e-07
6.82761e-07
7.61747e-07
7.23715e-07
6.95066e-07
6.56718e-07
6.55834e-07
6.09826e-07
7.01089e-07
6.6276e-07
7.41254e-07
6.97498e-07
7.67915e-07
7.2316e-07
6.79864e-07
6.79058e-07
6.37324e-07
7.12833e-07
6.67079e-07
6.31439e-07
6.99107e-07
6.52795e-07
6.19452e-07
5.98299e-07
5.60841e-07
5.60169e-07
5.24469e-07
6.04189e-07
5.63735e-07
5.26208e-07
4.86219e-07
4.6029e-07
5.27599e-07
5.88682e-07
5.69248e-07
5.51371e-07
5.25236e-07
5.24605e-07
4.90348e-07
5.71276e-07
5.31896e-07
4.94954e-07
4.65956e-07
4.40735e-07
4.15756e-07
4.01943e-07
4.66592e-07
5.252e-07
5.55757e-07
5.22174e-07
5.21552e-07
4.93397e-07
5.55001e-07
5.2288e-07
4.96841e-07
4.78543e-07
5.34059e-07
5.02361e-07
5.306e-07
5.15609e-07
4.96825e-07
4.96236e-07
4.71247e-07
5.2711e-07
4.9843e-07
4.77984e-07
4.56262e-07
4.28779e-07
4.57513e-07
4.42898e-07
4.42322e-07
4.18905e-07
4.7906e-07
4.55974e-07
4.42537e-07
4.29236e-07
4.08853e-07
3.82962e-07
3.58095e-07
3.88349e-07
3.8784e-07
3.66784e-07
4.28226e-07
4.16117e-07
4.01801e-07
3.82082e-07
3.64251e-07
3.4534e-07
3.21813e-07
3.00168e-07
2.99636e-07
2.78102e-07
3.61509e-07
3.28684e-07
3.07518e-07
2.78752e-07
2.64074e-07
2.45721e-07
2.39466e-07
2.38827e-07
2.194e-07
1.9046e-07
1.85551e-07
1.5979e-07
1.82799e-07
1.65444e-07
1.64812e-07
1.49937e-07
1.32722e-07
1.19536e-07
9.78714e-08
8.48078e-08
7.89305e-08
6.11902e-08
6.13314e-08
6.07432e-08
5.05349e-08
3.70753e-08
1.85885e-08
2.11483e-08
1.38364e-08
1.31902e-08
-2.31393e-09
-8.26802e-09
-8.78433e-09
-1.97599e-08
-2.7661e-08
-5.09414e-08
-5.81615e-08
-7.87962e-08
-7.11553e-08
-6.37069e-08
-2.89572e-08
-3.46687e-08
-3.53756e-08
-4.58544e-08
-5.56272e-08
-6.32351e-08
-5.98321e-08
-5.14636e-08
-7.22472e-08
-8.92789e-08
-9.00302e-08
-9.81058e-08
-1.03995e-07
-1.0884e-07
-1.1444e-07
-1.34572e-07
-1.2801e-07
-1.38513e-07
-1.55435e-07
-1.48786e-07
-1.49495e-07
-1.53251e-07
-1.55542e-07
-1.66085e-07
-1.57215e-07
-1.59235e-07
-1.72724e-07
-1.79254e-07
-1.70774e-07
-1.71648e-07
-1.74493e-07
-1.85413e-07
-1.75944e-07
-1.76653e-07
-1.90881e-07
-1.91567e-07
-1.82224e-07
-1.77614e-07
-1.64463e-07
-1.64774e-07
-1.66497e-07
-1.67186e-07
-1.5421e-07
-1.47376e-07
-1.60635e-07
-1.71155e-07
-1.74016e-07
-1.6264e-07
-1.63044e-07
-1.66236e-07
-1.48582e-07
-1.39812e-07
-1.34893e-07
-1.20863e-07
-1.37593e-07
-1.45992e-07
-1.6176e-07
-1.63123e-07
-1.6371e-07
-1.66401e-07
-1.49739e-07
-1.33715e-07
-1.36051e-07
-1.42354e-07
-1.35367e-07
-1.51692e-07
-1.44172e-07
-1.52039e-07
-1.52558e-07
-1.5585e-07
-1.39386e-07
-1.23543e-07
-1.16824e-07
-1.19398e-07
-1.37276e-07
-1.5371e-07
-1.54857e-07
-1.55312e-07
-1.62088e-07
-1.55643e-07
-1.56155e-07
-1.58389e-07
-1.43604e-07
-1.2927e-07
-1.45663e-07
-1.53745e-07
-1.54924e-07
-1.54819e-07
-1.55187e-07
-1.67326e-07
-1.6786e-07
-1.68704e-07
-1.5598e-07
-1.48866e-07
-1.61395e-07
-1.66348e-07
-1.76956e-07
-1.69741e-07
-1.74493e-07
-1.73332e-07
-1.72497e-07
-1.72936e-07
-1.75827e-07
-1.55282e-07
-1.57325e-07
-1.47252e-07
-1.49739e-07
-1.6814e-07
-1.58525e-07
-1.48826e-07
-1.64186e-07
-1.78599e-07
-1.77779e-07
-1.78562e-07
-1.83803e-07
-1.55478e-07
-1.58639e-07
-1.51126e-07
-1.79845e-07
-1.67591e-07
-1.76373e-07
-1.87827e-07
-1.89359e-07
-2.00004e-07
-1.58295e-07
-1.88481e-07
-1.9385e-07
-2.33306e-07
-2.63299e-07
-2.91631e-07
-2.71728e-07
-2.73162e-07
-2.74131e-07
-2.35115e-07
-2.53453e-07
-2.85669e-07
-2.64712e-07
-2.45301e-07
-2.53607e-07
-2.53473e-07
-2.18369e-07
-2.19514e-07
-2.26252e-07
-1.89758e-07
-2.1346e-07
-1.67326e-07
-1.53705e-07
-1.8909e-07
-2.07799e-07
-2.09031e-07
-2.10207e-07
-1.93051e-07
-1.95102e-07
-2.01757e-07
-1.75694e-07
-1.95811e-07
-1.62348e-07
-1.55777e-07
-1.73959e-07
-1.79683e-07
-1.6647e-07
-1.85673e-07
-1.38793e-07
-1.43304e-07
-1.44303e-07
-1.53393e-07
-1.31572e-07
-1.02553e-07
-1.0573e-07
-1.25904e-07
-1.3419e-07
-1.23788e-07
-1.44736e-07
-1.49517e-07
-1.71191e-07
-1.72337e-07
-1.82635e-07
-1.43226e-07
-1.46813e-07
-1.72264e-07
-1.64828e-07
-1.50943e-07
-1.75607e-07
-2.03094e-07
-2.06193e-07
-2.07888e-07
-2.21771e-07
-1.66439e-07
-1.80342e-07
-2.13779e-07
-2.02317e-07
-2.01018e-07
-2.30337e-07
-2.34687e-07
-2.36416e-07
-2.4663e-07
-1.96868e-07
-2.28829e-07
-2.60374e-07
-2.65157e-07
-2.9961e-07
-2.84875e-07
-2.63379e-07
-2.48073e-07
-2.50345e-07
-2.52378e-07
-2.66564e-07
-2.05233e-07
-2.46454e-07
-2.83797e-07
-2.57189e-07
-2.39228e-07
-2.45954e-07
-2.34368e-07
-2.39854e-07
-2.68355e-07
-2.70377e-07
-2.79633e-07
-2.3052e-07
-2.61661e-07
-2.90234e-07
-2.72129e-07
-2.76341e-07
-2.63984e-07
-2.67944e-07
-2.85157e-07
-2.59994e-07
-2.81797e-07
-2.83396e-07
-2.87073e-07
-3.04774e-07
-3.22473e-07
-3.06055e-07
-2.93291e-07
-2.94214e-07
-3.12047e-07
-2.94069e-07
-2.72158e-07
-2.73486e-07
-2.76722e-07
-2.93515e-07
-2.82293e-07
-2.5933e-07
-2.35125e-07
-2.3799e-07
-2.30643e-07
-2.18213e-07
-2.35059e-07
-2.36541e-07
-2.46584e-07
-2.71649e-07
-2.6091e-07
-2.33982e-07
-2.63308e-07
-2.33611e-07
-2.38868e-07
-2.4988e-07
-2.41484e-07
-2.43456e-07
-2.5353e-07
-2.77267e-07
-2.66996e-07
-2.4211e-07
-2.70627e-07
-2.54943e-07
-2.59447e-07
-2.63057e-07
-2.38124e-07
-2.39948e-07
-2.49049e-07
-2.69674e-07
-2.60773e-07
-2.52207e-07
-2.57599e-07
-2.62004e-07
-2.83911e-07
-2.80723e-07
-2.57456e-07
-2.59e-07
-2.64182e-07
-2.78907e-07
-2.70204e-07
-2.47928e-07
-2.68148e-07
-2.80814e-07
-2.67543e-07
-2.55305e-07
-2.53272e-07
-2.54843e-07
-2.59399e-07
-2.5214e-07
-2.70708e-07
-2.82755e-07
-2.74439e-07
-2.75475e-07
-2.8462e-07
-2.7222e-07
-2.73408e-07
-2.77278e-07
-2.69326e-07
-2.77254e-07
-2.64147e-07
-2.52301e-07
-2.54656e-07
-2.69009e-07
-2.70257e-07
-2.82564e-07
-2.83931e-07
-2.88938e-07
-2.80379e-07
-2.66008e-07
-2.69988e-07
-2.88855e-07
-2.68706e-07
-2.56139e-07
-2.5882e-07
-2.69541e-07
-2.71125e-07
-2.81759e-07
-2.73504e-07
-2.57417e-07
-2.882e-07
-3.07138e-07
-3.11141e-07
-2.86094e-07
-2.7789e-07
-2.57382e-07
-2.6138e-07
-2.6313e-07
-2.73196e-07
-2.57444e-07
-2.79584e-07
-2.86004e-07
-2.90864e-07
-2.67662e-07
-2.60276e-07
-2.81875e-07
-2.73898e-07
-2.60895e-07
-2.59515e-07
-2.61195e-07
-2.73611e-07
-3.00199e-07
-3.08059e-07
-3.13956e-07
-3.0483e-07
-3.0373e-07
-2.79546e-07
-3.02504e-07
-2.88483e-07
-2.90341e-07
-3.01341e-07
-3.26533e-07
-3.33224e-07
-3.3794e-07
-3.27633e-07
-3.24988e-07
-3.00801e-07
-2.92248e-07
-2.77947e-07
-2.7077e-07
-2.72784e-07
-2.94619e-07
-3.35754e-07
-3.48539e-07
-3.48843e-07
-3.37183e-07
-3.26379e-07
-2.95546e-07
-2.69467e-07
-2.62907e-07
-2.48624e-07
-2.4261e-07
-2.45098e-07
-2.7832e-07
-3.35271e-07
-3.5445e-07
-3.57542e-07
-3.45653e-07
-3.35573e-07
-3.2453e-07
-3.35275e-07
-3.25714e-07
-3.25684e-07
-3.55531e-07
-3.36555e-07
-3.54797e-07
-3.56995e-07
-3.69962e-07
-3.8031e-07
-3.78979e-07
-3.66267e-07
-3.54791e-07
-3.43148e-07
-3.4138e-07
-3.31822e-07
-3.30177e-07
-3.5309e-07
-3.67424e-07
-3.68652e-07
-3.51542e-07
-3.52553e-07
-3.52818e-07
-3.66796e-07
-3.67884e-07
-3.94881e-07
-3.97973e-07
-4.00019e-07
-3.8352e-07
-3.69157e-07
-3.5601e-07
-3.56052e-07
-3.97197e-07
-4.22586e-07
-3.95973e-07
-3.9968e-07
-4.26299e-07
-4.02168e-07
-4.01977e-07
-5.30148e-07
-5.49523e-07
-5.01316e-07
-6.69271e-07
-7.53204e-07
-6.53799e-07
-5.76578e-07
-5.87301e-07
-5.7291e-07
-5.38e-07
-5.42447e-07
-5.12474e-07
-5.14541e-07
-5.14258e-07
-6.45862e-07
-5.61765e-07
-4.35496e-07
-5.01977e-07
-5.05136e-07
-4.63042e-07
-4.28118e-07
-3.68399e-07
-3.74493e-07
-3.51766e-07
-3.51613e-07
-6.1307e-07
-4.79411e-07
-2.92729e-07
-4.06017e-07
-3.47668e-07
-2.46912e-07
-2.20872e-07
-2.01391e-07
-2.21092e-07
-2.20663e-07
-4.41014e-07
-3.33759e-07
-1.71363e-07
-2.75257e-07
-2.26341e-07
-1.91718e-07
-2.09553e-07
-1.00395e-07
-8.09652e-08
-1.30454e-07
-1.72151e-07
-2.9548e-07
-2.93609e-07
-4.49216e-07
-3.02878e-07
-9.24159e-08
-1.80438e-07
-1.2677e-07
-8.60399e-08
-1.01534e-07
-1.46579e-07
-2.48162e-07
-2.40294e-07
-2.04673e-07
-2.48368e-07
-2.58669e-07
-2.5708e-07
-3.54863e-07
-1.95985e-07
-1.92954e-07
-3.452e-07
-7.8663e-08
-1.82362e-07
-2.43656e-07
-4.11217e-08
-1.66458e-07
-1.99485e-07
-1.81039e-07
-2.40694e-07
-3.5317e-07
-3.43879e-07
-2.43698e-07
2.79714e-07
-2.87638e-07
-2.39128e-07
-2.07112e-07
-1.41242e-07
8.31833e-08
-5.31503e-08
-9.47714e-09
7.55751e-08
2.10817e-07
1.80742e-07
1.8179e-07
1.40956e-07
3.41144e-07
2.80523e-07
3.91195e-07
3.35432e-07
2.51633e-07
2.19913e-07
1.62828e-07
1.1687e-07
1.78749e-07
1.81204e-07
1.58548e-07
-9.88888e-08
-2.38094e-08
8.2697e-08
-1.75384e-08
1.92042e-08
8.39496e-08
7.45061e-08
1.00723e-08
1.41862e-08
8.14142e-08
-2.00481e-07
3.10149e-08
-8.26632e-08
1.27672e-09
-9.72251e-08
-1.10052e-07
-1.20614e-07
-9.08602e-08
-6.83078e-08
-7.71984e-08
-6.13654e-08
1.87152e-08
2.24318e-08
1.37726e-07
-1.19602e-07
1.27597e-07
2.20261e-08
1.10894e-07
7.71792e-09
4.20796e-08
6.69655e-08
1.8577e-07
1.58648e-07
1.62522e-07
9.27509e-08
1.22964e-07
8.89402e-08
1.51139e-07
1.58224e-07
3.21431e-07
3.45459e-08
3.15474e-07
2.01196e-07
2.96317e-07
1.71372e-07
2.06181e-07
3.49447e-07
3.16065e-07
3.1832e-07
4.04296e-07
3.93894e-07
3.60135e-07
3.30563e-07
2.6744e-07
2.74496e-07
4.61206e-07
7.55113e-07
5.67963e-07
6.46556e-07
8.21664e-07
7.33633e-07
8.42059e-07
6.79912e-07
5.62869e-07
5.49348e-07
4.48789e-07
3.48169e-07
3.51556e-07
3.73202e-07
3.72515e-07
3.51109e-07
3.57002e-07
5.17035e-07
7.68052e-07
6.2162e-07
6.95106e-07
8.47959e-07
7.73748e-07
8.6984e-07
7.26471e-07
6.72187e-07
5.7419e-07
4.87111e-07
4.60014e-07
4.77518e-07
4.84916e-07
6.91514e-07
9.81538e-07
1.2321e-06
1.101e-06
1.2355e-06
1.01693e-06
9.32799e-07
7.89523e-07
7.05482e-07
6.96937e-07
6.84878e-07
7.15953e-07
7.21937e-07
8.99449e-07
1.16607e-06
1.39863e-06
1.53978e-06
1.368e-06
1.3934e-06
1.22328e-06
1.1583e-06
1.07056e-06
1.03425e-06
9.93276e-07
9.26036e-07
8.82051e-07
8.87999e-07
1.20913e-06
1.59503e-06
1.88968e-06
2.04981e-06
2.05022e-06
1.7441e-06
1.46131e-06
1.29485e-06
1.08543e-06
1.05458e-06
1.08099e-06
1.04275e-06
9.32349e-07
9.40143e-07
1.18016e-06
1.48662e-06
1.7348e-06
1.87778e-06
1.88018e-06
1.56925e-06
1.34562e-06
1.16641e-06
9.96034e-07
9.83047e-07
9.88674e-07
9.66262e-07
9.63823e-07
9.80188e-07
9.87966e-07
1.19506e-06
1.46358e-06
1.68635e-06
1.81924e-06
1.82801e-06
1.53995e-06
1.51531e-06
1.32892e-06
1.14851e-06
1.00449e-06
9.05547e-07
8.98704e-07
9.07337e-07
8.92126e-07
8.58328e-07
8.43126e-07
8.52923e-07
1.159e-06
1.4862e-06
1.74128e-06
1.892e-06
1.90935e-06
1.6082e-06
1.59007e-06
1.49299e-06
1.4414e-06
1.28683e-06
1.03746e-06
1.02362e-06
9.37869e-07
9.44621e-07
9.29722e-07
9.13464e-07
9.22508e-07
1.28565e-06
1.64405e-06
1.91266e-06
2.06741e-06
2.02863e-06
1.88463e-06
1.80543e-06
1.5834e-06
1.36322e-06
1.23744e-06
1.16394e-06
1.14903e-06
1.15897e-06
1.9265e-06
2.29924e-06
2.13578e-06
1.77815e-06
1.25749e-06
1.10242e-06
1.06061e-06
9.77674e-07
9.90006e-07
2.14537e-06
2.65094e-06
2.47104e-06
2.03251e-06
1.61514e-06
1.13396e-06
7.81928e-07
8.89781e-07
8.4422e-07
8.77796e-07
2.18672e-06
1.62637e-06
5.96774e-07
-1.8595e-08
-1.7411e-07
2.3436e-07
6.32456e-07
6.96877e-07
7.11266e-07
1.71468e-06
6.94191e-07
1.32359e-06
7.2077e-07
1.07946e-06
8.38865e-07
7.64105e-07
9.26617e-07
9.42243e-07
9.53101e-07
1.67442e-06
2.11434e-06
1.77789e-06
1.74157e-06
1.38719e-06
1.43208e-06
1.04422e-06
7.53363e-07
9.00016e-07
7.81228e-07
8.51599e-07
8.67311e-07
1.73562e-06
2.22788e-06
1.86853e-06
1.847e-06
2.00234e-06
2.02273e-06
1.71524e-06
1.46632e-06
1.26625e-06
1.09762e-06
9.67465e-07
1.05678e-06
9.03281e-07
9.23306e-07
2.02274e-06
1.18089e-06
8.48506e-07
5.80867e-07
1.96262e-07
5.56151e-07
3.08265e-07
2.33504e-07
2.75737e-07
2.90243e-06
1.54163e-06
9.79426e-07
6.62736e-07
4.93824e-07
3.21774e-07
2.337e-07
2.51016e-07
-4.22449e-07
-4.38296e-07
-5.79578e-07
-5.47935e-07
-5.97456e-07
-6.29263e-07
-4.00679e-08
-1.99223e-08
-6.35427e-07
7.0941e-07
5.24035e-07
2.41969e-07
-1.12716e-07
-1.41733e-07
-2.03443e-07
-1.8836e-07
-6.62805e-07
-8.73682e-07
-9.2723e-07
-1.16201e-06
-1.08452e-06
-1.06444e-06
-1.39194e-06
-1.52489e-06
-1.46707e-06
-1.32659e-06
-1.53798e-06
-1.59922e-06
-1.5724e-06
-1.80296e-06
-1.82319e-06
-2.07618e-06
-2.07933e-06
-2.06203e-06
-2.119e-06
-2.30729e-06
-2.41641e-06
-2.32658e-06
-2.20618e-06
-2.03394e-06
-2.03885e-06
-1.83969e-06
-1.82283e-06
-1.91751e-06
-2.11831e-06
-2.04957e-06
-1.97909e-06
-2.08084e-06
-1.81397e-06
-1.75897e-06
-1.77691e-06
-1.76121e-06
-2.13268e-06
-2.13266e-06
-2.08516e-06
-1.71683e-06
-1.72712e-06
-1.69088e-06
-1.6073e-06
-1.58895e-06
-1.56926e-06
-1.59406e-06
-1.66709e-06
-1.82288e-06
-1.74654e-06
-1.46704e-06
-1.55575e-06
-1.60119e-06
-1.58197e-06
-1.6224e-06
-1.75934e-06
-1.79244e-06
-1.7875e-06
-1.65392e-06
-1.28633e-06
-1.44807e-06
-1.4237e-06
-1.70774e-06
-1.75496e-06
-1.72738e-06
-1.53216e-06
-1.50026e-06
-1.36988e-06
-1.34865e-06
-1.15148e-06
-1.1315e-06
-5.89827e-07
-7.16655e-07
-6.51958e-07
-7.66864e-07
-6.63416e-07
-5.54317e-07
-5.47463e-07
-5.30475e-07
-5.16357e-07
-6.4331e-07
-9.35137e-07
-1.00001e-06
-1.03344e-06
-9.44016e-07
-9.95507e-07
-8.28722e-07
-8.05689e-07
-6.33492e-07
-7.66848e-07
-1.07155e-06
-1.1381e-06
-1.16801e-06
-1.2489e-06
-1.01835e-06
-9.97504e-07
-3.89024e-07
-7.46537e-07
-1.40998e-06
-1.53099e-06
-1.52539e-06
-1.75849e-06
-1.72798e-06
-1.75026e-06
-1.76998e-06
-1.75116e-06
-1.67818e-06
-1.75971e-06
-1.9886e-06
-2.34425e-06
-2.37086e-06
-2.71766e-06
-2.76689e-06
-2.75732e-06
-2.13913e-06
-2.12008e-06
-2.023e-06
-1.95945e-06
-2.12842e-06
-1.33731e-06
-1.79493e-06
-2.10719e-06
-2.13108e-06
-1.92756e-06
-1.90497e-06
-1.75128e-06
-1.66174e-06
-9.16052e-07
-1.2326e-06
-1.59083e-06
-1.64784e-06
-1.50437e-06
-1.90135e-06
-1.90065e-06
-1.93e-06
-1.94392e-06
-1.88526e-06
-1.69414e-06
-1.48986e-06
-1.78621e-06
-2.03457e-06
-1.66848e-06
-1.71343e-06
-1.71683e-06
-1.79613e-06
-1.76995e-06
-1.74641e-06
-1.58923e-06
-1.40847e-06
-1.11507e-06
-1.39444e-06
-1.38009e-06
-1.49176e-06
-1.63713e-06
-1.78367e-06
-1.78679e-06
-1.75612e-06
-1.64715e-06
-1.62542e-06
-1.47247e-06
-1.29389e-06
-9.81965e-07
-1.20825e-06
-1.39485e-06
-1.43895e-06
-1.31957e-06
-1.2976e-06
-1.37646e-06
-1.47372e-06
-1.5252e-06
-1.5031e-06
-1.33712e-06
-1.15429e-06
-8.43333e-07
-1.12011e-06
-1.19003e-06
-1.30147e-06
-1.38636e-06
-1.34812e-06
-1.48613e-06
-1.56217e-06
-1.53997e-06
-1.54197e-06
-1.52426e-06
-1.33684e-06
-1.14652e-06
-8.42784e-07
-9.43093e-07
-1.08281e-06
-1.06543e-06
-1.11082e-06
-1.18897e-06
-1.30816e-06
-1.4213e-06
-1.37092e-06
-1.39124e-06
-1.36862e-06
-1.78623e-06
-1.53326e-06
-1.29954e-06
-1.32979e-06
-1.43143e-06
-1.36727e-06
-1.37956e-06
-1.41459e-06
-1.42072e-06
-1.50363e-06
-1.56497e-06
-1.48382e-06
-1.51736e-06
-1.49926e-06
-1.83523e-06
-1.5838e-06
-1.3433e-06
-1.36212e-06
-1.45479e-06
-1.38883e-06
-1.39641e-06
-1.4287e-06
-1.48176e-06
-1.45451e-06
-1.53057e-06
-1.51302e-06
-1.42764e-06
-1.49359e-06
-1.4907e-06
-1.53221e-06
-1.51724e-06
-1.84967e-06
-1.5774e-06
-1.31967e-06
-1.33647e-06
-1.42993e-06
-1.36229e-06
-1.3688e-06
-1.40135e-06
-1.45222e-06
-1.52819e-06
-1.50429e-06
-1.41712e-06
-1.41062e-06
-1.33739e-06
-1.40092e-06
-1.44552e-06
-8.57432e-08
-1.04959e-06
-9.33528e-07
-1.06902e-06
-1.2118e-06
-1.35572e-06
-1.54842e-06
-1.68393e-06
-1.71039e-06
-1.78265e-06
-1.71332e-06
-1.7782e-06
-1.76151e-06
-1.99898e-06
-1.85414e-06
-1.65898e-06
-1.61866e-06
-1.61888e-06
-1.66696e-06
-1.75589e-06
-1.82522e-06
-1.86903e-06
-1.81508e-06
-1.85535e-06
-1.81812e-06
-1.7943e-06
-2.0324e-06
-1.8836e-06
-1.6813e-06
-1.64337e-06
-1.6353e-06
-1.73184e-06
-1.68945e-06
-1.74812e-06
-1.69657e-06
-1.75153e-06
-1.79289e-06
-1.79813e-06
-1.82262e-06
-1.80613e-06
-2.01066e-06
-1.88987e-06
-1.81834e-06
-1.77665e-06
-1.71863e-06
-1.7818e-06
-1.85557e-06
-1.88528e-06
-1.91941e-06
-1.94458e-06
-1.96847e-06
-1.91894e-06
-1.89596e-06
-2.08825e-06
-1.94883e-06
-1.82725e-06
-1.72477e-06
-1.81668e-06
-1.88725e-06
-1.92888e-06
-1.95759e-06
-1.97248e-06
-1.9647e-06
-2.12393e-06
-1.95796e-06
-1.83808e-06
-1.8889e-06
-1.94895e-06
-1.99078e-06
-2.00238e-06
-2.03143e-06
-2.04801e-06
-2.04801e-06
-1.96108e-06
-1.98018e-06
-2.00499e-06
-2.01565e-06
-2.03033e-06
-2.03142e-06
-2.03142e-06
-2.06633e-06
-2.07152e-06
-2.07152e-06
-2.0976e-06
-2.09947e-06
-2.10362e-06
-2.11075e-06
-2.09433e-06
-2.08737e-06
-2.09598e-06
-2.10051e-06
-2.05584e-06
-2.05584e-06
-2.0723e-06
-2.07263e-06
-2.03764e-06
-2.03329e-06
-2.0157e-06
-2.02483e-06
-2.03359e-06
-2.03359e-06
-2.04571e-06
-2.04671e-06
-2.05143e-06
-2.04896e-06
-2.05396e-06
-2.05794e-06
-2.05794e-06
-2.06655e-06
-2.06992e-06
-2.05626e-06
-2.05903e-06
-2.03875e-06
-2.04352e-06
-2.04384e-06
-2.0377e-06
-2.0377e-06
-2.04462e-06
-2.0475e-06
-2.04449e-06
-2.02416e-06
-2.02036e-06
-2.01808e-06
-2.02128e-06
-2.02495e-06
-2.02589e-06
-2.02589e-06
-2.03151e-06
-2.03385e-06
-2.03418e-06
-2.03135e-06
-2.02273e-06
-2.02605e-06
-2.02825e-06
-2.0173e-06
-2.01343e-06
-2.01823e-06
-2.02088e-06
-2.01729e-06
-2.01343e-06
-2.00045e-06
-1.99862e-06
-2.01287e-06
-2.01032e-06
-2.00876e-06
-1.96101e-06
-1.97907e-06
-1.97578e-06
-1.98557e-06
-1.96867e-06
-1.9762e-06
-1.95789e-06
-1.94737e-06
-1.95094e-06
-1.88137e-06
-1.90132e-06
-1.9002e-06
-1.90637e-06
-1.90075e-06
-1.88771e-06
-1.89796e-06
-1.87485e-06
-1.88408e-06
-1.89238e-06
-1.8345e-06
-1.83509e-06
-1.84424e-06
-1.83869e-06
-1.82682e-06
-1.83934e-06
-1.81721e-06
-1.82732e-06
-1.83642e-06
-1.82392e-06
-1.7559e-06
-1.78116e-06
-1.78113e-06
-1.76777e-06
-1.76589e-06
-1.762e-06
-1.76295e-06
-1.75432e-06
-1.7601e-06
-1.69905e-06
-1.72872e-06
-1.71624e-06
-1.71557e-06
-1.72386e-06
-1.71721e-06
-1.71187e-06
-1.72893e-06
-1.74258e-06
-1.72379e-06
-1.73441e-06
-1.64248e-06
-1.68761e-06
-1.67335e-06
-1.67316e-06
-1.68471e-06
-1.68853e-06
-1.71052e-06
-1.70066e-06
-1.72232e-06
-1.62512e-06
-1.67406e-06
-1.65919e-06
-1.65814e-06
-1.66962e-06
-1.69787e-06
-1.69953e-06
-1.69078e-06
-1.69204e-06
-1.68371e-06
-1.68274e-06
-1.74553e-06
-1.73692e-06
-1.66958e-06
-1.69625e-06
-1.68388e-06
-1.67973e-06
-1.68435e-06
-1.70172e-06
-1.69296e-06
-1.69615e-06
-1.68889e-06
-1.68073e-06
-1.59672e-06
-1.6343e-06
-1.62263e-06
-1.6198e-06
-1.62734e-06
-1.65056e-06
-1.64151e-06
-1.63272e-06
-1.62646e-06
-1.64266e-06
-1.6594e-06
-1.67279e-06
-1.6839e-06
-1.59702e-06
-1.63275e-06
-1.62053e-06
-1.61612e-06
-1.6221e-06
-1.64302e-06
-1.63359e-06
-1.64848e-06
-1.6395e-06
-1.63632e-06
-1.65297e-06
-1.66623e-06
-1.59258e-06
-1.62503e-06
-1.61307e-06
-1.60799e-06
-1.61274e-06
-1.63159e-06
-1.64857e-06
-1.65335e-06
-1.64837e-06
-1.64176e-06
-1.63221e-06
-1.55342e-06
-1.5863e-06
-1.57595e-06
-1.57174e-06
-1.57699e-06
-1.59624e-06
-1.58684e-06
-1.5947e-06
-1.58871e-06
-1.58242e-06
-1.59755e-06
-1.61142e-06
-1.55305e-06
-1.57267e-06
-1.5656e-06
-1.56229e-06
-1.56528e-06
-1.57741e-06
-1.59018e-06
-1.58496e-06
-1.58985e-06
-1.6003e-06
-1.5952e-06
-1.58953e-06
-1.58319e-06
-1.52941e-06
-1.54376e-06
-1.5385e-06
-1.536e-06
-1.53827e-06
-1.54785e-06
-1.54168e-06
-1.54617e-06
-1.54502e-06
-1.54319e-06
-1.55223e-06
-1.48418e-06
-1.51613e-06
-1.50804e-06
-1.50372e-06
-1.50829e-06
-1.50985e-06
-1.50406e-06
-1.51331e-06
-1.51089e-06
-1.50622e-06
-1.52223e-06
-1.51254e-06
-1.44869e-06
-1.47364e-06
-1.46832e-06
-1.47269e-06
-1.46579e-06
-1.46225e-06
-1.45579e-06
-1.45848e-06
-1.46913e-06
-1.48397e-06
-1.49825e-06
-1.5101e-06
-1.46361e-06
-1.48259e-06
-1.47716e-06
-1.47976e-06
-1.49227e-06
-1.49233e-06
-1.48589e-06
-1.481e-06
-1.47941e-06
-1.47306e-06
-1.46895e-06
-1.4758e-06
-1.48611e-06
-1.42653e-06
-1.45451e-06
-1.44836e-06
-1.45209e-06
-1.47081e-06
-1.46197e-06
-1.45404e-06
-1.45489e-06
-1.45072e-06
-1.46124e-06
-1.4576e-06
-1.45603e-06
-1.44689e-06
-1.46031e-06
-1.38474e-06
-1.42127e-06
-1.41526e-06
-1.42013e-06
-1.44427e-06
-1.46637e-06
-1.45657e-06
-1.4503e-06
-1.46413e-06
-1.46454e-06
-1.46313e-06
-1.4539e-06
-1.38086e-06
-1.41425e-06
-1.40813e-06
-1.4119e-06
-1.43421e-06
-1.45477e-06
-1.4437e-06
-1.43245e-06
-1.42775e-06
-1.44455e-06
-1.45651e-06
-1.45226e-06
-1.45124e-06
-1.44697e-06
-1.3772e-06
-1.40653e-06
-1.4004e-06
-1.40309e-06
-1.42289e-06
-1.44142e-06
-1.43576e-06
-1.43473e-06
-1.44676e-06
-1.50543e-06
-1.49261e-06
-1.48565e-06
-1.47265e-06
-1.48404e-06
-1.42535e-06
-1.44134e-06
-1.43433e-06
-1.43226e-06
-1.4438e-06
-1.43284e-06
-1.44255e-06
-1.45021e-06
-1.44182e-06
-1.43724e-06
-1.42752e-06
-1.37166e-06
-1.38587e-06
-1.38111e-06
-1.3803e-06
-1.39088e-06
-1.39929e-06
-1.39018e-06
-1.3823e-06
-1.37914e-06
-1.38714e-06
-1.38164e-06
-1.34023e-06
-1.35234e-06
-1.34873e-06
-1.34837e-06
-1.35761e-06
-1.35255e-06
-1.34629e-06
-1.35401e-06
-1.35288e-06
-1.34652e-06
-1.34412e-06
-1.35163e-06
-1.31245e-06
-1.324e-06
-1.32088e-06
-1.32076e-06
-1.3295e-06
-1.32493e-06
-1.33306e-06
-1.33913e-06
-1.33256e-06
-1.32707e-06
-1.32479e-06
-1.28891e-06
-1.30013e-06
-1.29737e-06
-1.29739e-06
-1.29327e-06
-1.30161e-06
-1.30861e-06
-1.3032e-06
-1.30082e-06
-1.29996e-06
-1.29405e-06
-1.29638e-06
-1.30351e-06
-1.26691e-06
-1.27815e-06
-1.2756e-06
-1.27568e-06
-1.27163e-06
-1.28e-06
-1.2882e-06
-1.28706e-06
-1.28205e-06
-1.27685e-06
-1.28277e-06
-1.28077e-06
-1.27629e-06
-1.24223e-06
-1.25344e-06
-1.25121e-06
-1.25144e-06
-1.26005e-06
-1.26862e-06
-1.2664e-06
-1.26176e-06
-1.25667e-06
-1.25118e-06
-1.258e-06
-1.22601e-06
-1.23519e-06
-1.23338e-06
-1.23356e-06
-1.24146e-06
-1.23754e-06
-1.24383e-06
-1.24945e-06
-1.24803e-06
-1.243e-06
-1.23862e-06
-1.24499e-06
-1.19125e-06
-1.21661e-06
-1.21325e-06
-1.21362e-06
-1.20605e-06
-1.22354e-06
-1.24012e-06
-1.23088e-06
-1.22211e-06
-1.23642e-06
-1.23381e-06
-1.2452e-06
-1.24142e-06
-1.17137e-06
-1.19656e-06
-1.19344e-06
-1.19374e-06
-1.18645e-06
-1.20527e-06
-1.22169e-06
-1.21803e-06
-1.20883e-06
-1.20678e-06
-1.20348e-06
-1.21683e-06
-1.22951e-06
-1.16423e-06
-1.18821e-06
-1.18784e-06
-1.17997e-06
-1.1968e-06
-1.21415e-06
-1.20349e-06
-1.19425e-06
-1.19041e-06
-1.18802e-06
-1.19867e-06
-1.19689e-06
-1.12814e-06
-1.15793e-06
-1.15822e-06
-1.14996e-06
-1.17038e-06
-1.16564e-06
-1.16001e-06
-1.15179e-06
-1.14949e-06
-1.16635e-06
-1.09253e-06
-1.12429e-06
-1.12557e-06
-1.11827e-06
-1.14178e-06
-1.13677e-06
-1.13379e-06
-1.13244e-06
-1.12523e-06
-1.14304e-06
-1.0537e-06
-1.08843e-06
-1.09076e-06
-1.0844e-06
-1.10812e-06
-1.10538e-06
-1.1039e-06
-1.09691e-06
-1.11701e-06
-1.13362e-06
-1.08348e-06
-1.10763e-06
-1.10798e-06
-1.10178e-06
-1.11968e-06
-1.11629e-06
-1.10985e-06
-1.10775e-06
-1.12223e-06
-1.13592e-06
-1.13039e-06
-1.06287e-06
-1.09333e-06
-1.09357e-06
-1.08643e-06
-1.0805e-06
-1.07818e-06
-1.07137e-06
-1.07175e-06
-1.07772e-06
-1.0967e-06
-1.11324e-06
-1.05625e-06
-1.07673e-06
-1.07689e-06
-1.07192e-06
-1.06768e-06
-1.08332e-06
-1.08089e-06
-1.08633e-06
-1.08604e-06
-1.09924e-06
-1.11114e-06
-1.12231e-06
-1.07171e-06
-1.08841e-06
-1.08748e-06
-1.08235e-06
-1.07784e-06
-1.09089e-06
-1.10273e-06
-1.09867e-06
-1.12067e-06
-1.11874e-06
-1.12885e-06
-1.1387e-06
-1.09e-06
-1.10317e-06
-1.10096e-06
-1.09565e-06
-1.09083e-06
-1.10134e-06
-1.11094e-06
-1.12159e-06
-1.11731e-06
-1.11917e-06
-1.11599e-06
-1.114e-06
-1.12939e-06
-1.08964e-06
-1.10329e-06
-1.10003e-06
-1.094e-06
-1.08846e-06
-1.09898e-06
-1.10883e-06
-1.11977e-06
-1.11448e-06
-1.11458e-06
-1.10566e-06
-1.10337e-06
-1.11857e-06
-1.12659e-06
-1.06524e-06
-1.08186e-06
-1.07766e-06
-1.07085e-06
-1.06459e-06
-1.07715e-06
-1.08876e-06
-1.10011e-06
-1.09444e-06
-1.0914e-06
-1.0919e-06
-1.08529e-06
-1.10285e-06
-1.04027e-06
-1.05626e-06
-1.05214e-06
-1.04598e-06
-1.04025e-06
-1.05257e-06
-1.06391e-06
-1.06599e-06
-1.06346e-06
-1.05597e-06
-1.0511e-06
-1.06088e-06
-9.75972e-07
-1.00204e-06
-9.97841e-07
-9.91475e-07
-9.85624e-07
-1.00369e-06
-1.03342e-06
-1.03111e-06
-1.01738e-06
-1.03205e-06
-1.03329e-06
-9.72049e-07
-9.91549e-07
-9.87682e-07
-9.82518e-07
-9.7763e-07
-9.92527e-07
-9.81757e-07
-9.86869e-07
-9.85727e-07
-9.79417e-07
-9.99264e-07
-1.01095e-06
-9.4524e-07
-9.64367e-07
-9.60591e-07
-9.56128e-07
-9.51808e-07
-9.66886e-07
-9.56521e-07
-9.55876e-07
-9.51377e-07
-9.50956e-07
-9.63151e-07
-9.747e-07
-9.05861e-07
-9.3533e-07
-9.3078e-07
-9.25588e-07
-9.20638e-07
-9.42093e-07
-9.6043e-07
-9.77868e-07
-9.63263e-07
-9.6105e-07
-9.53676e-07
-9.67935e-07
-8.90269e-07
-9.16911e-07
-9.12735e-07
-9.0818e-07
-9.03777e-07
-9.21141e-07
-9.38984e-07
-9.25675e-07
-9.40886e-07
-9.33929e-07
-9.48591e-07
-9.62183e-07
-9.75017e-07
-9.14633e-07
-9.37692e-07
-9.31861e-07
-9.25979e-07
-9.20354e-07
-9.3747e-07
-9.53495e-07
-9.39912e-07
-9.29691e-07
-9.44347e-07
-9.42945e-07
-9.55955e-07
-9.67128e-07
-9.77516e-07
-9.69956e-07
-9.67335e-07
-9.09782e-07
-9.29664e-07
-9.23971e-07
-9.18244e-07
-9.1276e-07
-9.27834e-07
-9.4205e-07
-9.39536e-07
-9.38191e-07
-9.25578e-07
-9.16707e-07
-9.28644e-07
-9.40228e-07
-9.34418e-07
-9.44914e-07
-9.39464e-07
-8.16422e-07
-8.40944e-07
-8.37896e-07
-8.34538e-07
-8.3129e-07
-8.31998e-07
-8.28057e-07
-8.29396e-07
-8.21155e-07
-8.11745e-07
-8.27916e-07
-8.42777e-07
-7.75579e-07
-8.00672e-07
-7.98953e-07
-7.96764e-07
-7.9462e-07
-7.96226e-07
-8.15295e-07
-8.06548e-07
-8.23503e-07
-8.38409e-07
-8.39232e-07
-8.53041e-07
-8.66291e-07
-8.12884e-07
-8.27486e-07
-8.24868e-07
-8.22369e-07
-8.19611e-07
-8.19558e-07
-8.31344e-07
-8.42652e-07
-8.52942e-07
-8.45562e-07
-8.54985e-07
-8.5123e-07
-8.59896e-07
-8.51368e-07
-8.59819e-07
-8.67632e-07
-7.39328e-07
-7.73559e-07
-7.70204e-07
-7.66517e-07
-7.67979e-07
-7.92386e-07
-7.81298e-07
-8.0292e-07
-8.0223e-07
-7.20564e-07
-7.54476e-07
-7.51539e-07
-7.48413e-07
-7.5024e-07
-7.74346e-07
-7.75587e-07
-7.65243e-07
-7.84865e-07
-8.02691e-07
-8.18278e-07
-8.33601e-07
-8.472e-07
-8.60664e-07
-7.84096e-07
-8.10838e-07
-8.01268e-07
-7.94821e-07
-7.93372e-07
-8.13084e-07
-8.31418e-07
-8.30131e-07
-8.21843e-07
-8.37134e-07
-8.25734e-07
-8.38866e-07
-8.51859e-07
-7.88911e-07
-8.09003e-07
-8.0247e-07
-8.00242e-07
-8.16219e-07
-8.31303e-07
-8.45105e-07
-8.36652e-07
-8.34971e-07
-8.21506e-07
-8.33988e-07
-8.29445e-07
-8.22693e-07
-8.32909e-07
-8.42995e-07
-8.52421e-07
-7.88001e-07
-8.0572e-07
-7.98941e-07
-7.96196e-07
-8.10453e-07
-8.24006e-07
-8.37072e-07
-8.48517e-07
-8.36155e-07
-8.47424e-07
-8.56849e-07
-8.66217e-07
-8.5803e-07
-8.45142e-07
-7.76556e-07
-7.95168e-07
-7.91353e-07
-8.06585e-07
-8.20969e-07
-8.05056e-07
-8.02907e-07
-7.94678e-07
-8.07432e-07
-8.18806e-07
-8.29717e-07
-8.38943e-07
-8.48208e-07
-7.69826e-07
-7.92418e-07
-7.87018e-07
-8.05766e-07
-8.22378e-07
-8.37373e-07
-8.31939e-07
-8.45382e-07
-8.33186e-07
-8.44896e-07
-8.56002e-07
-8.49095e-07
-7.67397e-07
-7.87847e-07
-7.82267e-07
-7.99192e-07
-7.92855e-07
-7.88532e-07
-7.77921e-07
-7.91153e-07
-8.04239e-07
-8.15393e-07
-8.26266e-07
-6.85145e-07
-7.10802e-07
-7.31754e-07
-7.21137e-07
-7.1116e-07
-6.22868e-07
-6.5142e-07
-6.75647e-07
-6.67093e-07
-6.66519e-07
-6.59699e-07
-6.53944e-07
-6.71498e-07
-6.88451e-07
-7.03968e-07
-7.17692e-07
-6.59584e-07
-6.78647e-07
-6.71075e-07
-6.8756e-07
-7.01979e-07
-7.00183e-07
-6.93245e-07
-6.87069e-07
-6.99299e-07
-7.11093e-07
-7.22379e-07
-7.32748e-07
-6.64493e-07
-6.79416e-07
-6.72836e-07
-6.66583e-07
-6.79492e-07
-6.77496e-07
-6.07815e-07
-6.26842e-07
-6.21031e-07
-6.15842e-07
-6.16667e-07
-6.32056e-07
-6.46355e-07
-6.59373e-07
-6.71442e-07
-6.8271e-07
-6.12645e-07
-6.38365e-07
-6.61136e-07
-6.80229e-07
-6.69179e-07
-6.59585e-07
-6.57121e-07
-6.73579e-07
-6.8825e-07
-6.78995e-07
-5.94547e-07
-6.23958e-07
-6.47937e-07
-6.36284e-07
-6.26189e-07
-6.19135e-07
-6.16925e-07
-6.36095e-07
-6.52593e-07
-6.68454e-07
-5.69159e-07
-5.99405e-07
-6.2557e-07
-6.48893e-07
-6.37299e-07
-6.34056e-07
-6.24181e-07
-6.15554e-07
-6.32982e-07
-6.49208e-07
-5.57539e-07
-5.86038e-07
-6.10824e-07
-6.00234e-07
-5.90613e-07
-5.82675e-07
-5.82058e-07
-6.00693e-07
-4.76758e-07
-5.15446e-07
-5.08567e-07
-5.02797e-07
-5.06886e-07
-5.34331e-07
-5.5832e-07
-5.79392e-07
-4.06268e-07
-4.60026e-07
-4.69445e-07
-5.09178e-07
-5.42361e-07
-5.32513e-07
-5.33196e-07
-5.24845e-07
-5.48703e-07
-5.70891e-07
-5.90054e-07
-5.40859e-07
-5.62797e-07
-5.82443e-07
-5.99714e-07
-6.15637e-07
-6.29852e-07
-6.18738e-07
-6.14853e-07
-6.06758e-07
-6.17719e-07
-6.15153e-07
-6.25711e-07
-5.5654e-07
-5.70225e-07
-5.82652e-07
-5.94418e-07
-5.86303e-07
-5.79768e-07
-5.77906e-07
-5.8806e-07
-5.81468e-07
-5.23288e-07
-5.38495e-07
-5.52222e-07
-5.65136e-07
-5.771e-07
-5.69254e-07
-5.5843e-07
-5.52825e-07
-5.5104e-07
-5.61519e-07
-5.7057e-07
-5.78841e-07
-5.87123e-07
-5.95083e-07
-5.40149e-07
-5.50576e-07
-5.60144e-07
-5.68996e-07
-5.62022e-07
-5.60046e-07
-5.54647e-07
-5.62496e-07
-5.15127e-07
-5.25816e-07
-5.35618e-07
-5.44683e-07
-5.38289e-07
-5.36686e-07
-5.31603e-07
-5.26385e-07
-4.53124e-07
-4.7518e-07
-4.94489e-07
-4.86754e-07
-4.80693e-07
-4.80664e-07
-4.74433e-07
-4.90418e-07
-5.03983e-07
-5.17401e-07
-5.29261e-07
-4.44817e-07
-4.64315e-07
-4.81524e-07
-4.97944e-07
-4.90428e-07
-4.8931e-07
-4.84224e-07
-4.98084e-07
-5.10653e-07
-5.22419e-07
-4.80571e-07
-4.95689e-07
-5.10248e-07
-5.03551e-07
-4.98798e-07
-4.9712e-07
-5.09393e-07
-5.20388e-07
-5.21825e-07
-5.31236e-07
-5.28644e-07
-4.33233e-07
-4.57624e-07
-4.50514e-07
-4.45992e-07
-4.54905e-07
-4.49074e-07
-4.49065e-07
-4.49001e-07
-3.76519e-07
-3.81058e-07
-3.85539e-07
-3.82126e-07
-3.79386e-07
-3.78065e-07
-3.8859e-07
-3.13711e-07
-3.21677e-07
-3.20917e-07
-3.20439e-07
-3.32341e-07
-3.30996e-07
-3.30931e-07
-2.53025e-07
-2.54731e-07
-2.56747e-07
-2.58674e-07
-2.69613e-07
-2.72222e-07
-2.85586e-07
-2.14542e-07
-2.27838e-07
-2.30283e-07
-2.32566e-07
-2.33892e-07
-2.48274e-07
-1.90238e-07
-1.93296e-07
-1.96283e-07
-2.08459e-07
-2.10575e-07
-2.13537e-07
-2.26163e-07
-1.96227e-07
-2.128e-07
-2.14804e-07
-2.16694e-07
-2.27476e-07
-2.57529e-07
-2.82676e-07
-2.77847e-07
-2.78106e-07
-2.78501e-07
-2.92216e-07
-3.05395e-07
-3.03715e-07
-3.24519e-07
-3.2176e-07
-3.18995e-07
-3.11954e-07
-3.27497e-07
-3.30356e-07
-3.5477e-07
-3.61617e-07
-3.73159e-07
-3.64681e-07
-3.79749e-07
-3.79749e-07
-3.9261e-07
-3.88359e-07
-3.45832e-07
-3.45832e-07
-3.09442e-07
-2.8125e-07
-2.58296e-07
-2.3402e-07
-2.3402e-07
-2.00933e-07
-1.76247e-07
-1.51408e-07
-1.30462e-07
-1.12169e-07
-9.53498e-08
-9.53498e-08
-7.63644e-08
-6.02329e-08
-4.07596e-08
-2.84468e-08
-2.84468e-08
-1.95851e-08
-1.16199e-08
-5.47548e-09
1.21226e-09
6.94667e-09
6.94667e-09
1.15231e-08
1.65863e-08
2.1076e-08
2.52697e-08
2.91932e-08
2.91932e-08
3.28946e-08
3.63733e-08
3.96482e-08
4.21775e-08
4.53014e-08
4.82788e-08
4.82788e-08
5.09144e-08
5.35494e-08
5.54078e-08
5.76766e-08
5.96282e-08
6.18123e-08
6.37834e-08
6.37834e-08
6.56834e-08
6.75013e-08
6.93039e-08
7.00954e-08
7.17139e-08
7.28306e-08
7.28306e-08
7.43398e-08
7.57915e-08
7.7189e-08
7.81197e-08
7.94791e-08
8.04581e-08
8.04581e-08
8.16846e-08
8.26019e-08
8.3356e-08
8.45285e-08
8.56656e-08
8.56656e-08
8.67158e-08
8.77338e-08
8.83855e-08
8.93977e-08
9.00642e-08
9.03128e-08
9.12215e-08
9.12215e-08
9.20917e-08
9.29393e-08
9.34246e-08
9.42292e-08
9.50006e-08
9.5774e-08
9.64202e-08
9.64202e-08
9.71489e-08
9.7765e-08
9.81872e-08
9.85583e-08
9.92235e-08
9.93107e-08
9.98626e-08
9.98626e-08
1.00406e-07
1.00928e-07
1.01246e-07
1.01852e-07
1.02445e-07
1.02495e-07
1.02495e-07
1.02976e-07
1.03439e-07
1.03992e-07
1.04257e-07
1.0479e-07
1.05313e-07
1.05815e-07
1.05815e-07
1.06232e-07
1.06632e-07
1.06866e-07
1.07347e-07
1.07566e-07
1.08033e-07
1.08033e-07
1.08407e-07
1.08771e-07
1.09214e-07
1.09649e-07
1.09835e-07
1.10017e-07
1.1042e-07
1.1042e-07
1.10753e-07
1.11077e-07
1.11246e-07
1.11647e-07
1.12032e-07
1.1242e-07
1.12574e-07
1.12933e-07
1.12933e-07
1.13226e-07
1.13512e-07
1.13651e-07
1.13973e-07
1.14323e-07
1.14668e-07
1.1499e-07
1.1499e-07
1.15253e-07
1.1551e-07
1.15821e-07
1.1594e-07
1.16226e-07
1.16541e-07
1.16852e-07
1.16852e-07
1.17091e-07
1.17324e-07
1.17608e-07
1.17905e-07
1.18197e-07
1.18293e-07
1.18293e-07
1.18512e-07
1.18727e-07
1.18992e-07
1.19277e-07
1.19361e-07
