-0.00011431
-9.40904e-05
-8.4774e-05
-9.13289e-05
-9.42263e-05
-8.38168e-05
-9.61735e-05
-0.000212371
-0.000178607
-0.000174655
-0.000176703
-0.000153686
-0.000167612
-0.000157144
-0.00017269
-0.000354273
-0.000291364
-0.000261689
-0.00029751
-0.000285184
-0.00029423
-0.000261395
-0.000518255
-0.00053848
-0.000893573
-0.000732889
-0.00074172
-0.000596667
-0.000682125
-0.000862856
-0.000842038
-0.000828938
-0.000885851
-0.000869211
-0.00136816
-0.00114498
-0.00116731
-0.0011253
-0.0010008
-0.00111112
-0.00144442
-0.00120816
-0.00116812
-0.00115966
-0.00118647
-0.00119661
-0.00109699
-0.00106082
-0.00165133
-0.00137909
-0.00123213
-0.00129682
-0.00134775
-0.00123803
-0.00206013
-0.00173559
-0.00155117
-0.00166358
-0.00151598
-0.0016925
-0.00162673
-0.00224696
-0.00173994
-0.0017738
-0.0018381
-0.00185175
-0.00180996
-0.00170614
-0.00242141
-0.00164082
-0.00183981
-0.00197888
-0.00199159
-0.0017546
-0.00196703
-0.0026719
-0.00232039
-0.0022068
-0.00228607
-0.00224342
-0.00185309
-0.00203078
-0.00178627
-0.00289095
-0.00250698
-0.0018017
-0.00218834
-0.00201396
-0.00235984
-0.00241483
-0.00309438
-0.00268
-0.00211658
-0.0025769
-0.0022855
-0.00207827
-0.00260484
-0.00257372
-0.00326302
-0.00274479
-0.00277221
-0.00274088
-0.00228184
-0.00244526
-0.00265598
-0.00357157
-0.00300974
-0.00301081
-0.00307616
-0.00258322
-0.00244696
-0.00303175
-0.00381851
-0.00322503
-0.00319733
-0.00317644
-0.00283029
-0.0026566
-0.00324549
-0.00240556
-0.00397289
-0.0033507
-0.00291788
-0.00287921
-0.00327131
-0.00333468
-0.00418502
-0.0035235
-0.00306437
-0.00316499
-0.00357806
-0.00356389
-0.00441883
-0.00371488
-0.00386889
-0.00374218
-0.00365998
-0.00328308
-0.0031427
-0.00459282
-0.00343711
-0.00341994
-0.00401722
-0.00380673
-0.00391444
-0.00484325
-0.00382897
-0.00418505
-0.00415307
-0.0050633
-0.00399445
-0.00424367
-0.00415249
-0.00389337
-0.00444322
-0.00525957
-0.00441201
-0.00439061
-0.0045632
-0.00443565
-0.00357504
-0.00547686
-0.00479119
-0.00468687
-0.00392905
-0.0047209
-0.00453796
-0.00565004
-0.00504168
-0.00480576
-0.00466061
-0.00405656
-0.00489511
-0.0041323
-0.00582239
-0.00438944
-0.00491023
-0.00496712
-0.00489925
-0.00407361
-0.00484691
-0.00602536
-0.0050703
-0.0052194
-0.00403043
-0.00512533
-0.00627607
-0.00543558
-0.00555972
-0.00456937
-0.00454608
-0.00665631
-0.00575043
-0.00562512
-0.00588842
-0.00555928
-0.00462345
-0.00552099
-0.00659922
-0.00481119
-0.00578767
-0.00559253
-0.00565167
-0.00571983
-0.00455166
-0.00673218
-0.00489552
-0.00587484
-0.00484237
-0.00559347
-0.00577535
-0.00698983
-0.00506876
-0.00610638
-0.00605789
-0.00607632
-0.00597017
-0.00717897
-0.00518991
-0.00651167
-0.00626706
-0.00615268
-0.00604424
-0.00505888
-0.00730606
-0.00526859
-0.00561146
-0.00613401
-0.00634203
-0.006296
-0.00747875
-0.00537792
-0.00546299
-0.00641393
-0.00637044
-0.0064626
-0.00773034
-0.00554063
-0.00685265
-0.00559794
-0.00664794
-0.00662532
-0.007963
-0.00569087
-0.00685729
-0.00667461
-0.00675367
-0.00658779
-0.00541101
-0.00803482
-0.00572489
-0.00586602
-0.00704573
-0.00698253
-0.0071851
-0.00831053
-0.00589964
-0.00608924
-0.00708763
-0.00726676
-0.00699202
-0.00839634
-0.00594363
-0.00711609
-0.00606055
-0.00711695
-0.00737502
-0.00732355
-0.0083516
-0.00589906
-0.00706951
-0.00619632
-0.00712035
-0.00728329
-0.00857381
-0.00603737
-0.00724259
-0.00760399
-0.00755641
-0.00746623
-0.00730633
-0.00623151
-0.00865329
-0.00607097
-0.0072941
-0.00639054
-0.00748153
-0.00756805
-0.00655635
-0.00733747
-0.00621968
-0.00857922
-0.00600252
-0.00748191
-0.00721672
-0.00711517
-0.00623497
-0.00649258
-0.00733336
-0.00857084
-0.0059791
-0.00746664
-0.00609391
-0.00609567
-0.00738334
-0.00733016
-0.00747541
-0.00872601
-0.00606502
-0.00783222
-0.00791658
-0.00763196
-0.00747793
-0.00639097
-0.0064644
-0.00877379
-0.00608251
-0.00786911
-0.00768152
-0.00763131
-0.00779645
-0.00654664
-0.0089368
-0.0061727
-0.00810756
-0.00683597
-0.00761358
-0.00790288
-0.00749222
-0.00763918
-0.0075263
-0.00890187
-0.00612863
-0.00807024
-0.00780274
-0.00683307
-0.00766821
-0.00786702
-0.00785251
-0.00892057
-0.00612192
-0.00808128
-0.00780759
-0.00821889
-0.00816206
-0.00762595
-0.00782549
-0.00744662
-0.00635725
-0.00880267
-0.00602449
-0.00795452
-0.0076965
-0.0078741
-0.00799325
-0.00738195
-0.00912585
-0.00621526
-0.00823077
-0.00795846
-0.00781391
-0.00801414
-0.00617825
-0.00772041
-0.00788491
-0.00790197
-0.00921125
-0.00624191
-0.00829484
-0.00801648
-0.00823407
-0.00807465
-0.0067281
-0.0078728
-0.00776447
-0.00924858
-0.00623881
-0.00831767
-0.00862416
-0.0086398
-0.00797452
-0.00827512
-0.0068676
-0.00816969
-0.00913268
-0.00614573
-0.00820884
-0.00830371
-0.00853353
-0.00833215
-0.0080021
-0.00782985
-0.00779444
-0.00800151
-0.00651531
-0.00634387
-0.0084799
-0.00570643
-0.0076298
-0.00772318
-0.00794242
-0.00741027
-0.00773741
-0.0073479
-0.00740331
-0.00847251
-0.00568158
-0.0076162
-0.00763411
-0.00793479
-0.00734318
-0.00737636
-0.00733906
-0.00709267
0.0197118
-0.000196522
-0.000608686
-0.000419235
-0.00055752
-0.00055916
-0.00058699
-0.000549343
-0.000549449
-0.000573398
-0.000569418
-0.00107746
-0.000739958
-0.000984655
-0.000987395
-0.00103729
-0.000977127
-0.00101094
-0.000965077
-0.00100243
-0.00101508
-0.00152818
-0.00104504
-0.00139362
-0.00139725
-0.00146436
-0.00142979
-0.001389
-0.00146607
-0.00147784
-0.00223696
-0.00152143
-0.00203379
-0.00203829
-0.00207294
-0.0020912
-0.00202842
-0.00200062
-0.00209207
-0.00208896
-0.00289355
-0.00195637
-0.0026234
-0.00225931
-0.00267377
-0.00273043
-0.00274838
-0.00234725
-0.00265508
-0.00257097
-0.00340909
-0.00229449
-0.00308331
-0.00327966
-0.00307538
-0.00305988
-0.00260887
-0.0031711
-0.00265899
-0.00317941
-0.00307668
-0.00384247
-0.00257376
-0.0034671
-0.00365133
-0.00345453
-0.00293668
-0.00348673
-0.00365325
-0.00302411
-0.00370127
-0.00358602
-0.00448987
-0.00298969
-0.0040387
-0.00413064
-0.00435075
-0.00422636
-0.00345863
-0.00347681
-0.00405632
-0.00413582
-0.00424729
-0.0050747
-0.00335822
-0.00455069
-0.00476917
-0.00410009
-0.00388162
-0.00458886
-0.00449764
-0.00488211
-0.00467829
-0.0054642
-0.00359874
-0.00488885
-0.00508177
-0.00504856
-0.00415728
-0.00516633
-0.00432278
-0.00484909
-0.00507922
-0.00611267
-0.00399714
-0.00544943
-0.00566611
-0.00485031
-0.00478197
-0.00576643
-0.0057879
-0.00441819
-0.0052988
-0.00534123
-0.00573509
-0.00634058
-0.00412694
-0.00564121
-0.00628962
-0.00492618
-0.00615161
-0.00596465
-0.00495315
-0.00575373
-0.00562786
-0.00583009
-0.00674475
-0.00436327
-0.00598394
-0.00668732
-0.00521739
-0.00638918
-0.00526235
-0.00595995
-0.00613576
-0.00596218
-0.00493008
-0.0064041
-0.00576333
-0.00712839
-0.0045884
-0.00630658
-0.00706564
-0.00549625
-0.00673676
-0.00544053
-0.00686459
-0.00672822
-0.00655872
-0.00616946
-0.0062129
-0.00638307
-0.00756045
-0.00484054
-0.00666857
-0.00749149
-0.00692985
-0.00678893
-0.00682233
-0.00599815
-0.00657397
-0.00675035
-0.00699056
-0.00775489
-0.00493592
-0.00682412
-0.00768482
-0.00727332
-0.00612901
-0.00733669
-0.00669414
-0.00561122
-0.00690587
-0.00700332
-0.00811284
-0.0051298
-0.00711693
-0.00803819
-0.00759523
-0.0075493
-0.00627891
-0.00604704
-0.00586575
-0.00732115
-0.00757903
-0.00840308
-0.00528439
-0.0063096
-0.00817166
-0.00785333
-0.00779786
-0.00636707
-0.00736601
-0.00750374
-0.00721925
-0.00761484
-0.0057001
-0.00882996
-0.00551583
-0.0085707
-0.00857295
-0.00822992
-0.00704764
-0.00850269
-0.0085143
-0.0076922
-0.0076406
-0.00792362
-0.00803343
-0.00897569
-0.00556665
-0.0087005
-0.00884868
-0.00836064
-0.00714753
-0.00864334
-0.0082943
-0.00683459
-0.00665472
-0.00800129
-0.00835531
-0.00745001
-0.00914004
-0.00563976
-0.00885556
-0.00901265
-0.00850515
-0.00726699
-0.00698116
-0.00670803
-0.00835611
-0.00874306
-0.00864469
-0.00819576
-0.00838741
-0.00939772
-0.00576751
-0.00909895
-0.00839016
-0.0087275
-0.0082926
-0.0087314
-0.00884559
-0.00715409
-0.00852921
-0.00677355
-0.00853012
-0.00948407
-0.00578828
-0.0091787
-0.00844844
-0.00912254
-0.00834977
-0.00880727
-0.00732655
-0.00836598
-0.00855287
-0.00889283
-0.00680529
-0.00870596
-0.00973643
-0.00590241
-0.00941554
-0.00895603
-0.00950378
-0.00854163
-0.00893358
-0.00934677
-0.00884012
-0.00811774
-0.00685114
-0.0100511
-0.00604585
-0.00971012
-0.00911239
-0.0098037
-0.00933766
-0.0076141
-0.00730042
-0.00918983
-0.00935381
-0.00893114
-0.00915446
-0.0114552
-0.00688711
-0.00811812
-0.010325
-0.00832934
-0.0109138
-0.00656161
-0.0107628
-0.00968931
-0.0108659
-0.0110504
-0.00662089
-0.0113417
-0.00890455
-0.0102719
-0.0107696
-0.0104485
-0.0103991
-0.00945548
-0.0100521
-0.0110928
-0.00662154
-0.0106351
-0.00893468
-0.0111053
-0.0104949
-0.0099468
-0.00992655
-0.0107686
-0.0101944
-0.0102077
-0.0118966
-0.00709528
-0.0116863
-0.0119436
-0.0104772
-0.0109085
-0.0116848
-0.0105978
-0.010872
-0.0113359
-0.00674035
-0.011144
-0.011163
-0.0112997
-0.0111314
-0.0110714
-0.00970201
-0.00959939
-0.00854512
-0.0115219
-0.00685285
-0.00944374
-0.0110813
-0.01114
-0.010422
-0.0110866
-0.010988
-0.00992015
-0.0103768
-0.00835971
-0.0138479
-0.0133279
-0.0110413
-0.0120816
-0.0132623
-0.0117007
-0.0121364
-0.00952913
-0.0163458
-0.0150482
-0.0148201
-0.0135322
-0.0138133
-0.0147466
-0.0117473
-0.0185723
-0.0181948
-0.0198239
-0.0190896
-0.0184605
-0.0170631
-0.0176143
-0.0149437
-0.0258298
-0.024593
-0.0254084
-0.0185391
-0.0143622
-0.0161064
-0.0159479
-0.015524
-0.0134554
-0.0129742
-0.0163533
-0.0179957
-0.0126107
-0.0148087
-0.0174023
-0.0165902
-0.0166417
-0.0163861
-0.0164737
-0.0176018
-0.0174175
-0.0154242
-0.0146759
-0.0184243
-0.0187345
-0.0185827
-0.0167726
-0.0176666
-0.0179737
-0.0157736
-0.014832
-0.0141034
-0.0174349
-0.0183544
-0.0175649
-0.0163949
-0.0160813
-0.0168283
-0.0170871
-0.0162658
-0.0158786
-0.0168906
-0.0159782
-0.0147903
-0.015173
-0.0147744
-0.014134
-0.0150631
-0.0162229
-0.0168614
-0.0160015
-0.0154457
-0.0152878
-0.0161427
-0.0147259
-0.0144554
-0.0144866
-0.0168584
-0.0172783
-0.0159414
-0.015731
-0.0163347
-0.0161199
-0.0157167
-0.0152255
-0.0148562
-0.0168817
-0.016537
-0.0152809
-0.0152307
-0.0157295
-0.0144588
-0.0144121
-0.0137065
-0.01412
-0.0156978
-0.0155164
-0.0154596
-0.0151236
-0.01436
-0.0141776
-0.0144075
-0.0140248
-0.0139475
-0.0161842
-0.0161124
-0.0155377
-0.0156959
-0.015306
-0.0146021
-0.0148567
-0.0147676
-0.0146792
-0.0145494
-0.0163969
-0.0163231
-0.0155592
-0.0156882
-0.0159553
-0.0147111
-0.0150098
-0.0150993
-0.0146411
-0.0148473
-0.0167053
-0.0166291
-0.0158128
-0.0152633
-0.0150839
-0.0149243
-0.0155039
-0.0147697
-0.0168087
-0.0157856
-0.0154732
-0.0153474
-0.0152115
-0.0150018
-0.015923
-0.0147094
-0.0170499
-0.015934
-0.0155718
-0.0155096
-0.0151566
-0.0151797
-0.0148283
-0.0145463
-0.0145005
-0.0174999
-0.0174235
-0.0173621
-0.0166125
-0.0160622
-0.0173251
-0.0186274
-0.0188809
-0.0193264
-0.0195408
-0.0195824
-0.0200204
-0.0178679
-0.0183294
-0.0187204
-0.0187416
-0.0178693
-0.0189338
-0.019029
-0.0169217
-0.0169932
-0.0177834
-0.0178798
-0.008504
-0.0151992
-0.0156791
-0.0169564
-0.0168033
-0.0151839
-0.0161076
-0.0162154
-0.0149864
-0.00449033
-0.0143858
-0.0154017
-0.0154343
-0.0141374
-0.0148474
-0.015044
-0.00434264
-0.00595637
-0.0131097
-0.0139303
-0.00654083
-0.0122541
-0.0131369
-0.0133036
-0.0122626
-0.0127455
-0.0130016
-0.00384213
-0.00530316
-0.0115292
-0.0126874
-0.00585943
-0.0112371
-0.0027049
-0.0102304
-0.0111301
-0.0103363
-0.0105814
-0.0107932
-0.00329437
-0.00461235
-0.00208934
-0.0104237
-0.00179194
-0.00184513
-0.0149102
-0.00135042
-0.00358979
-0.00472313
-0.00381975
-0.00452803
-0.00429942
-0.00150498
-0.00197339
-0.00317378
-0.00112895
-0.00111029
-0.00154174
-0.0039087
-0.0041999
-0.00493926
-0.00468931
-0.00168368
-0.00219705
-0.00352892
-0.00136409
-0.00133007
-0.0013282
-0.000895362
-0.00162332
-0.00396147
-0.00424889
-0.0049936
-0.00473105
-0.00173296
-0.00224791
-0.00357546
-0.000898308
-0.0013553
-0.00134242
-0.00170243
-0.00571167
-0.00431553
-0.00504552
-0.00476569
-0.00177335
-0.00229178
-0.00362744
-0.00142504
-0.00145086
-0.00144278
-0.0017589
-0.0056992
-0.00431098
-0.00503381
-0.00474956
-0.00180003
-0.00231402
-0.00146185
-0.00147839
-0.00147485
-0.000958098
-0.00177234
-0.00427605
-0.00500089
-0.00472289
-0.00181596
-0.00492636
-0.00148323
-0.00148065
-0.00147594
-0.00179591
-0.00422289
-0.00494228
-0.00466544
-0.00182092
-0.00484535
-0.00153011
-0.00142319
-0.00150615
-0.00137763
-0.000957583
-0.00177874
-0.00410172
-0.00480362
-0.00180874
-0.00472866
-0.0015397
-0.00153657
-0.00135258
-0.00067296
-0.00180477
-0.00407539
-0.00477154
-0.00181698
-0.00467085
-0.00156162
-0.0015584
-0.00159599
-0.00104206
-0.00148212
-0.00175941
-0.00392063
-0.00459544
-0.00176393
-0.00444696
-0.00152617
-0.00152347
-0.00149221
-0.00153045
-0.00150359
-0.00104192
-0.00177379
-0.00387284
-0.0045393
-0.00176273
-0.00437188
-0.00153842
-0.00153539
-0.00150526
-0.000173472
-0.00150502
-0.00153114
-0.00173554
-0.00374639
-0.00439314
-0.00171881
-0.00419902
-0.00150843
-0.00150565
-0.00147727
-0.00147827
-0.00016996
-0.00145503
-0.00147987
-0.0017152
-0.00365338
-0.00428461
-0.00169007
-0.00407634
-0.00149183
-0.001489
-0.00146193
-0.00146296
-0.000178893
-0.00138067
-0.00148177
-0.00143058
-0.00168886
-0.00355386
-0.00416712
-0.00165598
-0.0039496
-0.00146966
-0.00146686
-0.00144111
-0.00146336
-0.00141916
-0.00165781
-0.00345636
-0.00405531
-0.00162217
-0.00382653
-0.00144565
-0.00144262
-0.00141785
-0.00142478
-0.00137815
-0.0016229
-0.00335384
-0.00393601
-0.00158389
-0.00369757
-0.00141696
-0.0014139
-0.00139026
-0.00139644
-0.00140976
-0.00158487
-0.00324941
-0.00381451
-0.00154336
-0.00356748
-0.00138535
-0.00138229
-0.00135973
-0.00136524
-0.00137809
-0.00153433
-0.00312917
-0.0036753
-0.00149322
-0.00341704
-0.00134334
-0.00134043
-0.00131907
-0.00132409
-0.00133644
-0.00303025
-0.00356928
-0.0014556
-0.00329863
-0.00131002
-0.00130622
-0.00128512
-0.00128919
-0.00130072
-0.0014425
-0.0029168
-0.00343032
-0.00140338
-0.00315643
-0.00126657
-0.00126371
-0.00124421
-0.00124833
-0.0012597
-0.00138847
-0.00279944
-0.00329403
-0.00135119
-0.00301081
-0.00122048
-0.00121786
-0.00119946
-0.00120333
-0.00121426
-0.000228982
-0.00134011
-0.00269609
-0.00317302
-0.00130346
-0.00288864
-0.00117812
-0.00117573
-0.00115824
-0.00116196
-0.00117252
-0.000244663
-0.00128666
-0.00258759
-0.00304762
-0.00125314
-0.00275851
-0.00113227
-0.00113002
-0.00111335
-0.00111691
-0.00112701
-0.000236989
-0.00123498
-0.00248523
-0.00292938
-0.00120476
-0.00263752
-0.0010877
-0.00108555
-0.0010696
-0.00107302
-0.00108268
-0.000238008
-0.00117684
-0.00237605
-0.00280391
-0.00115204
-0.00250537
-0.00103793
-0.00103598
-0.00102079
-0.0010242
-0.0010334
-0.000228302
-0.00112306
-0.00227523
-0.0026885
-0.00110329
-0.00238427
-0.000991534
-0.000989661
-0.000975069
-0.00097843
-0.000987161
-0.000218994
-0.00106986
-0.00217749
-0.00257652
-0.00105529
-0.00226632
-0.000945317
-0.000943506
-0.000929455
-0.000932789
-0.000941045
-0.000209374
-0.00101395
-0.00207959
-0.00246442
-0.00100585
-0.00214701
-0.00089691
-0.000895274
-0.000881776
-0.00088521
-0.000893024
-0.000198776
-0.000956426
-0.001981
-0.00205766
-0.000862756
-0.000862125
-0.000849828
-0.000853951
-0.000861996
-0.000192578
-0.000924423
-0.00192401
-0.00198721
-0.000832942
-0.000832459
-0.000820483
-0.000824711
-0.000832488
-0.000185656
-0.00187458
-0.00192566
-0.000804994
-0.000804295
-0.000792284
-0.000796487
-0.000803878
-0.000178422
-0.000853478
-0.0018684
-0.00078082
-0.000780773
-0.000769391
-0.000774017
-0.000781416
-0.000173048
-0.000841448
-0.000143664
-0.000156673
-0.000143187
-0.000437592
-0.000437257
-0.000282413
-0.000146679
-0.000146524
-0.000175174
-0.000146668
-0.000174063
-0.000173099
-0.00014501
-0.000172451
-0.000171768
-0.00017104
-0.000170334
-0.000143004
-0.000169898
-0.000169302
-0.00014229
-0.000168933
-0.000141926
-0.000168455
-0.00014162
-0.000168037
-7.52852e-05
-0.000167677
-7.50206e-05
-0.000141037
-0.000167208
-0.00014072
-0.000166626
-0.000166154
-0.000165538
-0.000139519
-0.000164945
-0.000164341
-0.000163673
-9.06498e-05
-0.000162834
-8.99478e-05
-0.000137426
-0.000161926
-6.70029e-05
-0.000161224
-6.49583e-05
-0.000136509
-0.000160501
-7.28066e-05
-0.000159172
-0.000135388
-7.27775e-05
-7.25345e-05
-0.000135414
-7.40871e-05
-7.4035e-05
-7.39341e-05
-0.000135697
-0.000135798
-7.30227e-05
-7.29522e-05
-0.000135993
-7.41803e-05
-0.000136113
-7.4788e-05
-0.000136184
-7.42013e-05
-0.000136312
-7.48603e-05
-0.00013643
-7.00955e-05
-0.000136525
-7.73582e-05
-0.00013652
-7.7734e-05
-0.000136522
-7.66722e-05
-0.00013659
-7.4337e-05
-0.000136639
-7.42143e-05
-0.00013673
-6.54751e-05
-0.00013686
-7.49144e-05
-0.00013432
-0.000142959
-0.000137641
-7.51016e-05
-7.9207e-05
-0.000137798
-0.000140888
-7.88531e-05
-0.000138063
-0.000136549
-7.91961e-05
-0.000138221
-0.000136755
-8.07828e-05
-0.000138489
-0.000137086
-8.33075e-05
-0.000139
-0.000137673
-7.13971e-05
-0.000138692
-8.13402e-05
-0.000139811
-0.000134304
-8.46298e-05
-0.000135177
-8.16391e-05
-0.000141076
-0.000135527
-8.16623e-05
-0.000141623
-0.000136065
-8.83609e-05
-0.000135845
-0.00014231
-0.000136683
-0.000136932
-9.13173e-05
-0.000142859
-0.000142203
-0.000140094
-8.61941e-05
-0.000143465
-0.000142823
-0.000143413
-8.03258e-05
-0.000144114
-0.000143496
-8.15331e-05
-0.000147517
-0.000144468
-0.00014393
-0.000139684
-9.0874e-05
-0.000144931
-0.000144464
-0.000150733
-8.96971e-05
-0.000145497
-0.000145084
-0.00014933
-8.31508e-05
-0.00014587
-0.000145549
-0.000146056
-8.02969e-05
-0.000145935
-0.000145749
-8.19739e-05
-0.000148096
-0.000146304
-0.000146223
-9.69077e-05
-0.000148423
-0.000146602
-0.000146644
-8.11665e-05
-0.000151796
-0.000147886
-8.22354e-05
-0.000147788
-0.000147897
-0.000150762
-8.60074e-05
-0.000148254
-0.000148459
-9.1044e-05
-0.000166608
-0.000148739
-0.000149022
-8.51636e-05
-0.000150451
-0.000149339
-0.000149697
-0.000153738
-9.31614e-05
-0.000150111
-0.000150514
-9.15636e-05
-0.000170364
-7.2993e-05
-0.000150462
-0.000150984
-9.15035e-05
-0.000155087
-9.86303e-05
-0.000151361
-0.000151938
-9.17309e-05
-8.8416e-05
-0.000156185
-0.000150447
-0.000151278
-9.10217e-05
-8.56028e-05
-0.000165352
-0.000150307
-0.000151334
-6.95866e-05
-8.54329e-05
-8.6485e-05
-0.000150194
-0.000151434
-0.000155793
-9.50175e-05
-0.000150794
-0.000152132
-9.11132e-05
-7.15818e-05
-0.000153408
-9.16998e-05
-7.38371e-05
-0.000252136
-0.00014737
-0.000149454
-0.000169463
-8.96251e-05
-6.87331e-05
-0.000147914
-0.000150104
-0.000102324
-9.42448e-05
-0.000166659
-0.000151309
-0.000102913
-0.000143247
-8.29138e-05
-0.000149267
-0.000151631
-0.000104748
-8.67005e-05
-0.000165397
-0.000149728
-0.000152226
-0.00010492
-9.51899e-05
-0.000171198
-0.000149867
-0.000152611
-7.20064e-05
-0.000175335
-9.87132e-05
-0.000150244
-0.000153167
-9.65088e-05
-0.000184711
-0.000151801
-0.00015473
-0.000183194
-0.00010057
-0.000151402
-0.000154574
-8.57156e-05
-0.0001898
-0.000151951
-0.000155264
-9.74438e-05
-0.000178784
-0.000152457
-0.00015593
-8.94125e-05
-0.000185436
-0.000153039
-0.00015665
-0.000192789
-0.000100713
-0.000153814
-0.000157532
-9.97964e-05
-0.000195885
-0.000154418
-0.000158272
-9.4292e-05
-0.00018986
-0.000155008
-0.000159008
-0.00010042
-0.000201684
-0.00015548
-0.00015961
-0.000101443
-0.000194739
-0.000161625
-0.00010034
-0.000164686
-0.000157973
-0.000162081
-0.000100279
-0.000158513
-0.000162779
-0.00010435
-0.000158652
-0.000163138
-8.96839e-05
-0.00020934
-0.000159819
-0.000164329
-0.000100477
-0.000119693
-0.000159941
-0.000164683
-0.000100301
-0.000212544
-9.22095e-05
-0.000159453
-0.000164521
-9.97253e-05
-9.59979e-05
-4.96422e-05
-0.000158644
-0.000164172
-9.90032e-05
-9.52997e-05
-8.54578e-05
-0.000157236
-0.000163287
-9.79371e-05
-9.78134e-05
-4.63738e-05
-0.000157362
-0.000163782
-9.76959e-05
-9.75529e-05
-9.9165e-05
-0.000155261
-0.000162272
-9.62359e-05
-9.61068e-05
-9.56712e-05
-0.000153851
-0.000161407
-9.51489e-05
-9.50107e-05
-9.5322e-05
-0.000152517
-0.000160609
-9.41052e-05
-4.99967e-05
-9.39453e-05
-0.000151936
-0.000160488
-9.34767e-05
-9.56443e-05
-4.49978e-05
-0.000151495
-0.00016043
-9.29458e-05
-9.49559e-05
-0.000151307
-0.000160541
-9.25742e-05
-9.6069e-05
-0.000150998
-0.00016058
-9.2123e-05
-9.48682e-05
-0.000150933
-0.000160788
-9.18208e-05
-9.74943e-05
-4.87582e-05
-0.00015048
-0.000160736
-9.12711e-05
-9.69446e-05
-7.72173e-05
-0.000149323
-0.000160046
-9.0352e-05
-9.59948e-05
-9.38762e-05
-0.000148198
-0.000159386
-8.94471e-05
-4.67862e-05
-8.25399e-05
-0.000147733
-0.000159401
-8.88853e-05
-8.1679e-05
-0.000147679
-0.000159626
-8.8591e-05
-8.84587e-05
-0.000160371
-8.87142e-05
-9.51971e-05
-0.00014775
-0.000160203
-8.81414e-05
-7.46515e-05
-0.000147691
-0.00016042
-8.78442e-05
-8.12628e-05
-3.75142e-05
-0.000147142
-0.000160317
-8.72475e-05
-7.71588e-05
-4.3438e-05
-0.000146675
-0.000160272
-8.66975e-05
-9.35218e-05
-3.83843e-05
-0.000146432
-0.000160443
-8.62597e-05
-8.73734e-05
-3.77426e-05
-0.000146027
-0.000160439
-8.57444e-05
-8.10716e-05
-0.000145989
-0.000160679
-8.54523e-05
-8.90668e-05
-3.61947e-05
-0.000145138
-0.000160424
-8.46552e-05
-4.28198e-05
-9.50656e-05
-0.000144537
-0.000160317
-8.40077e-05
-9.10702e-05
-4.30963e-05
-0.000143825
-0.000160163
-8.32985e-05
-9.03063e-05
-9.63286e-05
-0.00014212
-0.000159123
-8.20764e-05
-3.46552e-05
-9.21041e-05
-0.000141513
-0.000159014
-8.14502e-05
-3.42573e-05
-9.45313e-05
-0.000141204
-0.000159246
-8.09608e-05
-3.38865e-05
-9.13227e-05
-0.000141276
-0.000159786
-8.06742e-05
-3.35913e-05
-8.80136e-05
-0.0001405
-0.000159528
-7.99449e-05
-3.31676e-05
-8.46326e-05
-0.00014003
-0.000159568
-7.9383e-05
-3.27965e-05
-9.27427e-05
-0.000139086
-0.000159347
-7.8531e-05
-3.73355e-05
-9.23641e-05
-0.000139083
-0.000159872
-7.82025e-05
-3.51976e-05
-9.20585e-05
-8.62272e-05
-0.000137223
-0.000159056
-7.67997e-05
-3.44137e-05
-9.05343e-05
-9.15355e-05
-0.000135547
-0.000158258
-7.55177e-05
-3.37141e-05
-8.9151e-05
-7.89661e-05
-0.000134058
-0.000157755
-7.43422e-05
-3.67128e-05
-9.02707e-05
-7.76347e-05
-0.000132642
-0.000157264
-7.32245e-05
-3.60238e-05
-9.19534e-05
-0.000132144
-0.000157359
-7.26563e-05
-3.56111e-05
-8.25862e-05
-0.00013156
-0.000157342
-7.2054e-05
-3.51959e-05
-9.26658e-05
-0.00013108
-0.000157426
-7.14969e-05
-3.47993e-05
-9.20926e-05
-7.34545e-05
-0.00012956
-0.000156934
-7.0329e-05
-3.4091e-05
-9.03602e-05
-7.21938e-05
-0.000128903
-0.000157367
-6.95967e-05
-3.35319e-05
-8.63092e-05
-7.12586e-05
-0.000126672
-0.000156046
-6.8056e-05
-3.27208e-05
-8.5675e-05
-7.48358e-05
-0.000124964
-0.000155465
-6.67971e-05
-2.90586e-05
-7.86332e-05
-0.000124337
-0.000155551
-6.61731e-05
-8.19926e-05
-0.000123918
-0.000155741
-6.56548e-05
-8.60102e-05
-7.61854e-05
-0.000123026
-0.000155636
-6.48556e-05
-8.14759e-05
-0.000122761
-0.000155891
-6.44313e-05
-7.79545e-05
-0.000122503
-0.000156239
-6.39924e-05
-8.03399e-05
-0.000122382
-0.000156586
-6.36395e-05
-7.90924e-05
-0.000122298
-0.000156963
-6.3305e-05
-8.3951e-05
-7.39782e-05
-0.000121548
-0.000157021
-6.25749e-05
-7.64231e-05
-0.000121539
-0.000157443
-6.22834e-05
-7.7821e-05
-0.000121371
-0.000157802
-6.18971e-05
-8.39241e-05
-0.0001214
-0.000158175
-6.16147e-05
-8.17052e-05
-0.000121433
-0.000158517
-6.13533e-05
-8.14805e-05
-6.96375e-05
-0.000120159
-0.000158179
-6.0374e-05
-7.67393e-05
-6.24413e-05
-0.000118889
-0.000157847
-5.94065e-05
-8.04372e-05
-0.000118039
-0.000157789
-5.86766e-05
-7.40407e-05
-0.000117035
-0.000157796
-8.13512e-05
-6.70129e-05
-0.000115994
-0.000157492
-8.04657e-05
-7.94794e-05
-0.000114872
-0.000157066
-6.94001e-05
-7.84949e-05
-0.000113884
-0.000156771
-7.39769e-05
-7.76597e-05
-0.000112896
-0.000156453
-8.37533e-05
-7.69063e-05
-0.00011187
-0.000156138
-6.71865e-05
-0.000112811
-0.000157428
-7.31435e-05
-8.15605e-05
-1.97733e-05
-0.000111622
-0.000156777
-6.65947e-05
-0.000112779
-0.000157911
-7.31112e-05
-7.36772e-05
-0.000112514
-0.000158011
-8.20312e-05
-1.9371e-05
-0.000113178
-0.000158818
-8.24292e-05
-6.78863e-05
-0.000114923
-0.00016009
-7.00466e-05
-8.49676e-05
-0.000115049
-0.000160266
-8.80353e-05
-0.000116486
-0.000161618
-8.71759e-05
-7.34547e-05
-0.000116355
-0.000161735
-7.82541e-05
-0.000117316
-0.000162616
-9.00885e-05
-1.99566e-05
-0.000118313
-0.000163593
-1.94728e-05
-8.3158e-05
-7.13785e-05
-0.000116543
-0.000163074
-7.57142e-05
-9.2502e-05
-0.00011465
-0.000162198
-6.71239e-05
-9.06206e-05
-0.000114183
-0.000162316
-6.66964e-05
-1.76809e-05
-8.8163e-05
-0.000111943
-0.000161555
-6.99186e-05
-7.72112e-05
-1.81377e-05
-0.000110653
-0.000161213
-7.18351e-05
-1.85543e-05
-9.04403e-05
-0.000109439
-0.000160976
-9.14487e-05
-6.63807e-05
-1.86043e-05
-0.000106394
-0.000159778
-7.69051e-05
-1.73198e-05
-0.000104453
-0.000159275
-8.56869e-05
-1.78909e-05
-7.26065e-05
-0.0001039
-0.000159604
-7.64253e-05
-6.57754e-05
-1.69331e-05
-7.26255e-05
-0.000101716
-0.000158666
-7.29955e-05
-7.13947e-05
-6.4761e-05
-1.62687e-05
-6.57659e-05
-9.85016e-05
-0.000157204
-8.02736e-05
-7.06232e-05
-1.75509e-05
-9.40611e-05
-0.000154205
-7.62222e-05
-7.0686e-05
-5.79397e-05
-1.56195e-05
-7.0422e-05
-5.43166e-05
-8.79571e-05
-0.000150496
-7.12502e-05
-5.44499e-05
-1.43493e-05
-7.1114e-05
-7.42886e-05
-7.99957e-05
-0.00014578
-5.06442e-05
-6.73139e-05
-4.8335e-05
-1.53144e-05
-5.28934e-05
-7.34969e-05
-6.63203e-05
-1.35811e-05
-7.1478e-05
-6.65424e-05
-1.35431e-05
-6.04833e-05
-6.51371e-05
-6.80812e-05
-6.55982e-05
-6.03806e-05
-4.3607e-05
-4.47642e-05
-6.42672e-05
-6.45349e-05
-5.46286e-05
-6.14767e-05
-6.1168e-05
-6.36828e-05
-6.97438e-05
-3.70559e-05
-1.1648e-05
-4.04878e-05
-5.79612e-05
-6.27831e-05
-3.72266e-05
-6.22544e-05
-3.58849e-05
-4.72644e-05
-5.40072e-05
-6.1681e-05
-4.58259e-05
-6.24204e-05
-3.21491e-05
-5.07622e-05
-6.07777e-05
-4.25956e-05
-6.31872e-05
-2.97529e-05
-1.01588e-05
-4.80032e-05
-5.99899e-05
-4.08614e-05
-6.19172e-05
-2.83237e-05
-2.80866e-05
-9.95281e-06
-4.49479e-05
-5.91291e-05
-9.39044e-06
-6.29517e-05
-2.58593e-05
-3.83788e-05
-4.24421e-05
-6.16682e-05
-3.72766e-05
-5.98824e-05
-2.3603e-05
-9.17717e-06
-4.00279e-05
-6.09532e-05
-5.90797e-05
-9.27759e-06
-3.48945e-05
-3.79857e-05
-6.03354e-05
-3.10924e-05
-5.83879e-05
-8.02779e-06
-3.60533e-05
-5.9748e-05
-3.17584e-05
-6.12275e-05
-1.96558e-05
-1.97928e-05
-7.67579e-06
-3.3508e-05
-5.89772e-05
-3.06217e-05
-5.82021e-05
-8.01144e-06
-3.16736e-05
-5.70894e-05
-2.88542e-05
-5.76381e-05
-1.66818e-05
-1.65331e-05
-7.64894e-06
-2.92795e-05
-5.63799e-05
-5.55079e-05
-7.61637e-06
-2.65392e-05
-2.75866e-05
-5.58819e-05
-2.59659e-05
-1.41595e-05
-5.41894e-05
-7.31304e-06
-2.56646e-05
-5.53092e-05
-1.29867e-05
-5.69507e-05
-1.22586e-05
-7.22147e-06
-2.37258e-05
-2.35068e-05
-5.46789e-05
-2.24749e-05
-1.17272e-05
-5.40855e-05
-6.51171e-06
-2.17155e-05
-5.41395e-05
-9.7744e-06
-5.31974e-05
-9.1623e-06
-1.99267e-05
-6.00691e-06
-1.97728e-05
-5.35583e-05
-5.91455e-06
-5.48183e-05
-8.26833e-06
-1.91346e-05
-1.81356e-05
-5.30634e-05
-5.70778e-06
-5.57904e-05
-7.61814e-06
-6.59354e-06
-1.64953e-05
-5.25654e-05
-5.76466e-06
-6.24538e-06
-5.06701e-05
-1.61572e-05
-1.49554e-05
-5.20978e-05
-1.63269e-05
-4.90236e-06
-5.25787e-05
-5.06322e-06
-1.31316e-05
-1.33683e-05
-5.16173e-05
-1.50712e-05
-3.90467e-06
-5.16562e-05
-1.39259e-05
-5.12388e-06
-1.17221e-05
-5.26777e-05
-1.37615e-05
-5.11879e-05
-2.46198e-06
-1.29237e-05
-9.89688e-06
-5.2075e-05
-1.2308e-05
-5.15461e-05
-1.37136e-06
-4.62099e-06
-5.72582e-07
-8.35503e-06
-5.0555e-05
-1.10822e-05
-5.10252e-05
-4.99474e-05
8.93771e-08
-1.00809e-05
-4.14912e-06
-6.49415e-06
-5.33928e-05
-9.58178e-06
-5.03305e-05
1.29462e-06
-4.9787e-05
-8.47923e-06
-4.11198e-06
-4.68542e-06
-5.26817e-05
-8.12746e-06
-4.96581e-05
2.01583e-06
-5.07903e-05
-7.47971e-06
-5.18814e-05
-2.31153e-06
-7.36892e-06
-6.50296e-06
-3.78449e-06
-4.98227e-05
3.5164e-06
-4.75127e-05
-5.93336e-06
-9.8745e-07
-6.52732e-06
-5.57547e-06
3.76192e-06
-4.81021e-05
-4.73619e-05
-3.34994e-06
1.31826e-07
-5.81416e-06
-3.32142e-06
4.27975e-06
-4.56514e-05
-4.52209e-06
-5.12721e-05
1.20917e-06
-4.95784e-06
-4.82924e-05
-4.69709e-05
5.70879e-06
-3.03123e-06
2.49265e-06
-4.16195e-06
6.08118e-06
-4.70536e-05
-2.63858e-06
-4.99216e-05
-2.84721e-06
3.50812e-06
-3.52888e-06
-2.9864e-06
-4.59153e-05
7.68861e-06
-1.85908e-06
8.81615e-06
4.21487e-06
-3.08851e-06
9.22667e-06
8.29782e-06
-4.51387e-05
-5.48311e-07
-2.70742e-06
-4.70832e-05
5.27782e-06
-2.4348e-06
1.00223e-05
-4.6132e-05
8.54312e-06
-2.03031e-07
-2.48239e-06
5.89878e-06
-2.03843e-06
1.04802e-05
8.42877e-06
-4.58918e-05
2.56011e-07
-4.87098e-05
-2.3351e-06
7.17048e-06
-1.23062e-06
1.14231e-05
9.29191e-06
-4.55601e-05
9.42924e-06
1.43925e-06
-4.47199e-05
8.85159e-06
4.01765e-07
2.97368e-06
-1.96359e-06
-4.48915e-05
1.12407e-05
-4.28049e-05
9.66377e-06
4.22347e-06
3.64842e-06
-4.35056e-05
-1.81792e-06
9.99057e-06
1.11895e-06
3.90465e-06
-4.3943e-05
1.25955e-05
-1.276e-06
1.3102e-05
1.03432e-05
1.36474e-06
4.20705e-06
1.15844e-05
-4.10103e-05
-1.19588e-06
1.41561e-05
1.06649e-05
1.58744e-06
-4.35923e-05
1.49376e-05
1.36194e-05
-4.31266e-05
5.09977e-06
-8.49633e-07
-1.15856e-05
1.15161e-05
2.74632e-06
-4.33047e-05
1.38819e-05
-4.22523e-05
5.7068e-06
-4.16483e-05
-6.78029e-07
1.25153e-05
3.38023e-06
-1.1532e-05
1.43777e-05
-4.19542e-05
1.6323e-05
6.29289e-06
-7.01793e-07
