1.53301e-07
1.26963e-07
1.10748e-07
1.19537e-07
1.27496e-07
1.09846e-07
1.29577e-07
3.35958e-07
2.82636e-07
2.7807e-07
2.8541e-07
2.37989e-07
2.60298e-07
2.4364e-07
2.8114e-07
4.77976e-07
4.03768e-07
3.30116e-07
4.10095e-07
3.67704e-07
4.20081e-07
3.41702e-07
-1.16328e-06
-1.1602e-06
2.01671e-07
2.55733e-07
2.49845e-07
5.07164e-08
3.79941e-08
1.55317e-06
2.22292e-06
1.69748e-06
1.87828e-06
2.43896e-06
6.88849e-06
5.77336e-06
5.92293e-06
5.93222e-06
4.64956e-06
5.80048e-06
8.47262e-06
7.07409e-06
7.02244e-06
6.24027e-06
6.90025e-06
6.98227e-06
5.91297e-06
5.62815e-06
1.25003e-05
1.04423e-05
8.58672e-06
8.9362e-06
1.01938e-05
8.69784e-06
2.21886e-05
1.89291e-05
1.57438e-05
1.82722e-05
1.51873e-05
1.81511e-05
1.62604e-05
2.72564e-05
1.94513e-05
1.95647e-05
2.17907e-05
2.20942e-05
2.21473e-05
1.91859e-05
3.21092e-05
2.00619e-05
2.23244e-05
2.5712e-05
2.65234e-05
2.16162e-05
2.57404e-05
3.86532e-05
3.354e-05
3.26584e-05
3.41102e-05
3.30906e-05
2.56108e-05
2.78746e-05
2.44351e-05
4.51274e-05
3.90836e-05
2.62594e-05
3.16961e-05
2.90951e-05
3.61553e-05
3.7557e-05
5.11199e-05
4.42162e-05
3.27226e-05
4.23964e-05
3.53664e-05
3.20863e-05
4.31869e-05
4.23422e-05
5.71651e-05
4.88064e-05
4.87836e-05
4.83829e-05
3.81025e-05
4.04193e-05
4.73007e-05
6.79805e-05
5.8091e-05
5.75481e-05
5.9895e-05
4.70403e-05
4.43145e-05
5.77474e-05
7.82979e-05
6.70328e-05
6.5796e-05
6.65649e-05
5.54889e-05
5.13892e-05
6.64189e-05
4.65428e-05
8.51655e-05
7.27317e-05
5.93352e-05
5.82374e-05
7.05355e-05
7.11956e-05
9.47334e-05
8.07593e-05
6.58036e-05
6.7562e-05
8.02824e-05
8.12061e-05
0.000103546
8.81287e-05
9.09888e-05
8.94327e-05
8.78664e-05
7.40589e-05
6.9969e-05
0.000112858
7.9651e-05
7.82392e-05
9.71572e-05
9.37507e-05
9.54411e-05
0.000122009
9.0184e-05
0.000105962
0.000104097
0.00013241
9.74612e-05
0.000111496
0.000109705
9.63448e-05
0.000115484
0.00014236
0.000119009
0.000118807
0.0001258
0.000122784
9.21586e-05
0.000154954
0.000135091
0.000134588
0.000105588
0.000133312
0.000130422
0.000166713
0.000148198
0.000143799
0.000140092
0.00011423
0.000144666
0.000115888
0.000176722
0.000125531
0.000147438
0.000149583
0.000150062
0.00011707
0.000148309
0.000187495
0.000159471
0.00016242
0.000118196
0.000158671
0.000201017
0.000176421
0.000178509
0.000138913
0.000137308
0.000219381
0.0001923
0.000188996
0.000195675
0.000188176
0.000146263
0.000183454
0.000224477
0.000153902
0.000194685
0.000191668
0.000194538
0.00019477
0.000146875
0.000234181
0.000160153
0.000202131
0.000157971
0.000194948
0.000198879
0.000247291
0.000168587
0.000213719
0.000216401
0.000217912
0.000211837
0.000262683
0.000178479
0.0002356
0.000231205
0.000225701
0.000224468
0.000175414
0.000272628
0.00018479
0.000195586
0.000228844
0.000233664
0.000236352
0.00028462
0.000192296
0.000194386
0.000244213
0.000243638
0.000244629
0.000298812
0.000201012
0.000264298
0.000202884
0.000258024
0.000253843
0.000309732
0.000207551
0.000263637
0.000261775
0.000261589
0.000259789
0.000199083
0.000318801
0.00021291
0.00021682
0.000279818
0.000278768
0.000282907
0.000335188
0.000222602
0.000228356
0.000286289
0.000290279
0.000284439
0.000344833
0.000228166
0.000294422
0.00023058
0.000293882
0.000300431
0.000298954
0.000348222
0.000229834
0.000297015
0.000243902
0.000299422
0.000304462
0.000362674
0.000238417
0.000308681
0.000322032
0.000318316
0.00032134
0.000315603
0.000252098
0.00037675
0.000246545
0.000319834
0.000262164
0.000328182
0.00033339
0.00026475
0.000316449
0.000249979
0.000376776
0.000245588
0.000324717
0.00032052
0.000317281
0.000254612
0.000263251
0.000318385
0.000380267
0.000246767
0.000327467
0.000248546
0.000247386
0.000328195
0.000327255
0.000328363
0.000389788
0.000251478
0.000345783
0.000350788
0.000342995
0.000340398
0.00027099
0.000267301
0.000391263
0.000251312
0.000346754
0.000347168
0.000346232
0.000347783
0.000272938
0.000404021
0.000258082
0.000362006
0.00028516
0.000347236
0.000354115
0.000344079
0.00034892
0.000343785
0.000409689
0.000260486
0.000366531
0.00036338
0.000290313
0.000357035
0.000359275
0.000359349
0.000417211
0.000264013
0.000372874
0.000369532
0.000382105
0.000379955
0.000363972
0.00037121
0.000357734
0.000274713
0.000418951
0.000264068
0.000380481
0.000371163
0.000372258
0.00037883
0.000358653
0.00044488
0.000278694
0.000402988
0.000393013
0.000387799
0.000397518
0.000277212
0.000379113
0.000387068
0.000385287
0.000461484
0.000287329
0.000417326
0.000406774
0.000413745
0.000411002
0.000308949
0.000401365
0.00039719
0.000475272
0.000294272
0.00042925
0.000438189
0.000440165
0.000417275
0.0004289
0.000322545
0.000422127
0.000472897
0.00029168
0.000427054
0.000430847
0.000438555
0.000429334
0.000417757
0.00041475
0.000414352
0.000415348
0.000309735
0.000300218
0.000442501
0.000272314
0.000400348
0.000403749
0.00041084
0.000394018
0.00040165
0.000389877
0.000389452
0.000448996
0.000274995
0.000405775
0.000405175
0.000416587
0.000396461
0.000392686
0.000395492
0.000385666
-0.0814513
4.56179e-05
5.04534e-05
1.48412e-05
4.87221e-05
4.71872e-05
4.55798e-05
5.07184e-05
5.07647e-05
4.48174e-05
5.10531e-05
5.86092e-05
1.95052e-05
5.62507e-05
5.47566e-05
5.34769e-05
5.89987e-05
5.24264e-05
5.8686e-05
5.80879e-05
5.36389e-05
6.8792e-05
2.55301e-05
6.55126e-05
6.40291e-05
6.49547e-05
6.86094e-05
6.90553e-05
6.3741e-05
6.44627e-05
8.22913e-05
3.31767e-05
7.7834e-05
7.64251e-05
7.73888e-05
7.91609e-05
8.12689e-05
8.16781e-05
7.81525e-05
7.61167e-05
9.81089e-05
4.2298e-05
9.1932e-05
4.60089e-05
9.05713e-05
9.06506e-05
8.95391e-05
6.11394e-05
9.09664e-05
9.45245e-05
0.00011055
4.95158e-05
0.000102982
0.000101968
0.000106611
0.000107043
5.81442e-05
0.000102253
6.84789e-05
0.000104783
0.000105652
0.000124096
5.7408e-05
0.00011493
0.000118769
0.000118664
6.63395e-05
0.00012021
0.000117103
7.85553e-05
0.000116569
0.000119122
0.000144287
6.9094e-05
0.000132864
0.000138919
0.000135737
0.000136632
8.13762e-05
9.14312e-05
0.000138386
0.000135979
0.000134434
0.000166657
8.19666e-05
0.00015259
0.000158274
0.000111388
9.4443e-05
0.000157798
0.000155974
0.000156875
0.000156129
0.000184097
9.20995e-05
0.000167876
0.000174358
0.00017263
0.000107243
0.000172188
0.000122591
0.000171753
0.00016776
0.000213394
0.000108522
0.000193635
0.000201472
0.000144488
0.000129703
0.00020128
0.000200056
0.000116598
0.000193712
0.000193359
0.000197692
0.000228012
0.00011685
0.000206329
0.000219828
0.000139113
0.000217974
0.000215577
0.000152811
0.000217336
0.000213621
0.000213598
0.000252732
0.000130627
0.000227769
0.000243906
0.000155742
0.000240838
0.000169899
0.000232683
0.000235876
0.000235182
0.000149204
0.000240036
0.000228578
0.000274475
0.000142564
0.000246489
0.000265157
0.000170325
0.000260949
0.000181286
0.000257959
0.000256842
0.000255956
0.000250253
0.0002529
0.000255597
0.000297753
0.000155071
0.000266233
0.000287611
0.000278185
0.000279669
0.000276889
0.000208813
0.000273165
0.000276635
0.000277884
0.000319152
0.000166518
0.000284202
0.000307918
0.000296216
0.000220954
0.000294978
0.000286182
0.000189213
0.000285483
0.000291035
0.000344753
0.000179657
0.000306105
0.000333176
0.000320043
0.000324328
0.000235716
0.000211509
0.000198193
0.000310281
0.000314057
0.000361372
0.000187431
0.000221045
0.000343263
0.000332092
0.000336648
0.000240591
0.000328785
0.000330218
0.000326518
0.000333612
0.00020013
0.000387202
0.000199795
0.000375254
0.000372074
0.000359459
0.000273334
0.000371372
0.000369926
0.000355318
0.000354536
0.000359113
0.00036304
0.000415336
0.000213822
0.000401088
0.000403425
0.000384149
0.000292216
0.000396744
0.000388462
0.000280513
0.000254339
0.000373681
0.000380769
0.000360949
0.000433916
0.000222439
0.000419081
0.000421946
0.000401349
0.000305282
0.000292267
0.000261736
0.000397796
0.000407043
0.000403514
0.000393676
0.000397546
0.000456781
0.000233192
0.000441078
0.000422976
0.000423222
0.000421962
0.000433417
0.000433913
0.000313107
0.000426541
0.000277566
0.000422598
0.000471089
0.000239079
0.000454447
0.000434782
0.000451118
0.000433329
0.000445572
0.00032512
0.000426229
0.000435494
0.000441991
0.000284448
0.000435385
0.000491497
0.000247588
0.000473519
0.000463399
0.000477617
0.000450211
0.000462496
0.000474467
0.000458834
0.000434881
0.000293201
0.000525404
0.000263222
0.000505294
0.000492646
0.000510134
0.000497862
0.000354432
0.000317619
0.000481229
0.000486165
0.00047503
0.000480709
0.00056762
0.000290978
0.000334671
0.000525145
0.000349888
0.000542883
0.000275985
0.00052983
0.000497847
0.000530369
0.000540758
0.000272254
0.000545958
0.000385045
0.000511302
0.00052296
0.000514105
0.000510336
0.000480276
0.000497772
0.000515576
0.000254158
0.000500201
0.000362431
0.000508198
0.000489564
0.000474752
0.000470513
0.00048977
0.000474814
0.000471156
0.000470054
0.000224552
0.000464129
0.00046632
0.000431167
0.000443011
0.000453618
0.000427694
0.000431946
0.00043476
0.000201563
0.000430249
0.000428768
0.00042817
0.000424396
0.000418983
0.000389173
0.000386421
0.000271226
0.000389858
0.000172733
0.000259532
0.000378717
0.000376741
0.000363192
0.000370651
0.000367063
0.00035152
0.000353847
8.13601e-05
0.000241061
0.000236461
0.000127166
0.000231285
0.000229808
0.000225509
0.00022538
-4.33815e-05
2.8697e-05
4.42876e-05
4.53938e-05
5.84976e-05
5.26457e-05
3.91325e-05
-0.000332019
-0.000395378
-0.000384783
-0.000451374
-0.000423694
-0.000404145
-0.000358652
-0.000383859
-0.00098939
-0.00156582
-0.0014724
-0.001546
-0.00125391
-0.00103896
-0.00106765
-0.0010568
-0.00102688
-0.000974812
-0.000941284
-0.00148432
-0.00151547
-0.000919513
-0.00134585
-0.00147423
-0.00139631
-0.00140818
-0.00139055
-0.00187185
-0.00187125
-0.00184565
-0.00175897
-0.00167835
-0.00257299
-0.00246564
-0.00243798
-0.00234135
-0.00231652
-0.00237517
-0.00220478
-0.00208573
-0.00198186
-0.002805
-0.00278107
-0.00265838
-0.00263817
-0.00258548
-0.00250954
-0.00257021
-0.00241745
-0.0028395
-0.0028499
-0.00269599
-0.00264467
-0.00253179
-0.00246813
-0.00238342
-0.00250357
-0.0033052
-0.00324997
-0.00304992
-0.00294836
-0.00291374
-0.00312975
-0.00283588
-0.00278217
-0.00278705
-0.00390253
-0.0037877
-0.00369196
-0.00341592
-0.00353507
-0.00348617
-0.00339526
-0.00351023
-0.00342823
-0.00409938
-0.00401195
-0.00391817
-0.0036595
-0.00376931
-0.0037072
-0.00345089
-0.00353838
-0.00341192
-0.00411289
-0.00406506
-0.00404243
-0.00391758
-0.00372
-0.00366644
-0.00374404
-0.00362995
-0.00361144
-0.00464507
-0.00462266
-0.00445918
-0.00449952
-0.00440766
-0.004138
-0.00423094
-0.00427512
-0.00424666
-0.00421497
-0.00506997
-0.00504468
-0.0048122
-0.00484258
-0.00495331
-0.00448598
-0.00460268
-0.004711
-0.00456976
-0.0046391
-0.00562531
-0.00559647
-0.00532662
-0.00505263
-0.00500697
-0.0049516
-0.00521139
-0.00494666
-0.00599649
-0.00552478
-0.00542625
-0.00538049
-0.005345
-0.00527153
-0.00567926
-0.00522244
-0.00648852
-0.00594361
-0.00579981
-0.0057959
-0.0056579
-0.00568689
-0.00552592
-0.00545992
-0.00547007
-0.00720556
-0.00716972
-0.00714547
-0.00682882
-0.00656239
-0.00801716
-0.00899531
-0.00860988
-0.00981727
-0.00934061
-0.00921476
-0.00966749
-0.00901208
-0.00865968
-0.00910297
-0.00923418
-0.00955625
-0.00953642
-0.00966572
-0.00899976
-0.00839199
-0.00904566
-0.00922884
-0.00479547
-0.00825595
-0.00885728
-0.00890428
-0.00890652
-0.0084851
-0.0085357
-0.00880576
-0.00772601
-0.00273245
-0.00859699
-0.00840562
-0.00854299
-0.0083172
-0.00821764
-0.00856528
-0.00280241
-0.00380072
-0.00740441
-0.00823828
-0.0041398
-0.00769286
-0.00731184
-0.00751669
-0.00751913
-0.00724526
-0.00765515
-0.00262846
-0.00358149
-0.00674331
-0.00779915
-0.00391873
-0.00639987
-0.00222974
-0.00669264
-0.00637381
-0.00654979
-0.00607894
-0.00647414
-0.0023808
-0.00328558
-0.00173745
-0.00943229
-0.00152683
-0.00157569
-0.015999
-0.00122422
-0.00259531
-0.00317068
-0.00270709
-0.00304582
-0.00295867
-0.0011885
-0.00153751
-0.00257055
-0.00102617
-0.00101412
-0.00146626
-0.00305811
-0.00323232
-0.00363178
-0.00351467
-0.00142104
-0.00183312
-0.00304475
-0.00129965
-0.00125789
-0.00125744
-0.000841449
-0.00159959
-0.00327209
-0.0034575
-0.00390126
-0.00375866
-0.00153195
-0.00196666
-0.00322577
-0.000891357
-0.00134211
-0.00132065
-0.00173774
-0.00558853
-0.00368973
-0.00415188
-0.00398159
-0.00163726
-0.00209557
-0.00341426
-0.00145571
-0.0014769
-0.00147644
-0.00186704
-0.00581456
-0.00387952
-0.00437317
-0.00418406
-0.00173982
-0.00221657
-0.00156
-0.0015696
-0.00156424
-0.00102694
-0.00194533
-0.0040067
-0.0045331
-0.00433741
-0.00182028
-0.00516938
-0.00163509
-0.00162694
-0.00161412
-0.00204592
-0.00413978
-0.00469783
-0.00448933
-0.00190264
-0.00528899
-0.00173731
-0.00162498
-0.00171595
-0.00157931
-0.00108932
-0.00209852
-0.0041815
-0.00475435
-0.00196146
-0.00534951
-0.00180905
-0.00180469
-0.00160287
-0.000794989
-0.00220852
-0.00433603
-0.00493658
-0.00205025
-0.00549052
-0.0019033
-0.00189868
-0.00195255
-0.00126779
-0.00180929
-0.00221244
-0.00429664
-0.0049022
-0.00204695
-0.00537442
-0.00191132
-0.00190727
-0.00187731
-0.00192206
-0.00188275
-0.00130421
-0.00233242
-0.00445466
-0.0050881
-0.00214298
-0.00553151
-0.00201473
-0.00201005
-0.00197997
-0.000230923
-0.00196911
-0.00200861
-0.00235618
-0.00445167
-0.00508937
-0.00215708
-0.00548558
-0.00203925
-0.00203482
-0.00200592
-0.0020086
-0.000233648
-0.00196472
-0.00199768
-0.00242306
-0.00451738
-0.00516667
-0.00220642
-0.00554182
-0.00209841
-0.00209373
-0.00206537
-0.00206819
-0.000256889
-0.00194931
-0.002084
-0.00201754
-0.00248959
-0.00457848
-0.00523505
-0.00225324
-0.00560097
-0.00215671
-0.0021519
-0.00212418
-0.00214691
-0.00208891
-0.0025441
-0.00462813
-0.0052958
-0.00229544
-0.00564842
-0.00220868
-0.00220324
-0.00217575
-0.00217583
-0.00211581
-0.0025958
-0.00466832
-0.0053421
-0.00233181
-0.00568558
-0.00225608
-0.00225036
-0.00222345
-0.00222235
-0.00224411
-0.00264628
-0.00470496
-0.00538347
-0.00236631
-0.00572163
-0.00230216
-0.00229618
-0.0022699
-0.00226763
-0.00228956
-0.00266575
-0.00469403
-0.00537117
-0.00237523
-0.00569619
-0.00232228
-0.00231634
-0.00229105
-0.00228787
-0.00230982
-0.0047162
-0.0054128
-0.00240631
-0.00572505
-0.00235942
-0.00235149
-0.00232551
-0.00232042
-0.00234175
-0.00272552
-0.00470826
-0.0053876
-0.00241095
-0.00570741
-0.00237999
-0.00237359
-0.00234967
-0.00234442
-0.00236645
-0.00274126
-0.00469035
-0.00536524
-0.0024148
-0.00567883
-0.00239555
-0.00238934
-0.00236656
-0.00236056
-0.00238269
-0.000488619
-0.00276865
-0.0046837
-0.0053499
-0.00242328
-0.0056868
-0.00241831
-0.00241235
-0.00239067
-0.00238392
-0.00240638
-0.000542419
-0.00278596
-0.00466487
-0.00532436
-0.00242636
-0.00567704
-0.00243471
-0.00242876
-0.00240804
-0.00240041
-0.00242297
-0.000552622
-0.00280826
-0.00465091
-0.00530274
-0.00243203
-0.00568346
-0.00245494
-0.00244891
-0.00242907
-0.00242045
-0.00244314
-0.000587159
-0.00280005
-0.00459605
-0.0052365
-0.00241439
-0.00563076
-0.00244972
-0.0024439
-0.00242519
-0.00241592
-0.0024386
-0.000592125
-0.00281974
-0.00457775
-0.00521115
-0.00241789
-0.00563367
-0.00246782
-0.00246182
-0.00244395
-0.00243368
-0.00245646
-0.000602644
-0.0028566
-0.00457937
-0.00520606
-0.00243294
-0.00566958
-0.00250009
-0.00249382
-0.00247674
-0.00246523
-0.00248821
-0.000616729
-0.00286182
-0.00453738
-0.00515076
-0.00242248
-0.00564978
-0.00250526
-0.00249911
-0.00248311
-0.00247075
-0.00249383
-0.00062346
-0.0028762
-0.00450726
-0.00574201
-0.00256518
-0.00256197
-0.00254943
-0.00253804
-0.00256359
-0.000647885
-0.00297526
-0.00458492
-0.00590066
-0.00264727
-0.00264434
-0.00263293
-0.00262022
-0.00264678
-0.000673556
-0.00465151
-0.00605607
-0.00272274
-0.00271867
-0.00270733
-0.00269265
-0.00271964
-0.000695293
-0.00308755
-0.00616859
-0.00278513
-0.00278375
-0.00277537
-0.00276091
-0.00278973
-0.000717523
-0.0031182
-0.00068787
-0.000769992
-0.000684324
-0.00187459
-0.0018729
-0.00151697
-0.000909375
-0.000929774
-0.0013317
-0.00100263
-0.00135449
-0.00140128
-0.00103924
-0.00140795
-0.00143604
-0.00146494
-0.00149672
-0.00111874
-0.00152396
-0.00155866
-0.00115953
-0.0015837
-0.00117978
-0.00161335
-0.00119774
-0.00163991
-0.000648828
-0.00166877
-0.000658261
-0.00123715
-0.00169819
-0.00126708
-0.0017425
-0.00175684
-0.00178233
-0.00131416
-0.00181284
-0.00184711
-0.00187907
-0.00101112
-0.00191315
-0.00102722
-0.00140412
-0.00194729
-0.000703731
-0.00198279
-0.000697055
-0.00144727
-0.0020122
-0.000789642
-0.00204741
-0.00148287
-0.000814189
-0.000827416
-0.0015293
-0.000850216
-0.000863102
-0.000873309
-0.00159776
-0.00162166
-0.000882956
-0.000897051
-0.00167174
-0.000921132
-0.0016975
-0.000940397
-0.00172488
-0.000946819
-0.00174844
-0.000965059
-0.00177557
-0.000918478
-0.00184315
-0.00104973
-0.00185248
-0.00106182
-0.00188113
-0.00106031
-0.00190286
-0.00103958
-0.00193179
-0.00105329
-0.00196198
-0.000942664
-0.00198837
-0.00108802
-0.0015656
-0.0016639
-0.00201805
-0.00110121
-0.00116593
-0.00205012
-0.00168376
-0.00118053
-0.00207688
-0.00164933
-0.00120056
-0.00210306
-0.00166801
-0.0012354
-0.00213579
-0.00169151
-0.00129256
-0.00217549
-0.00171993
-0.00112563
-0.00175714
-0.00130297
-0.00223487
-0.00171121
-0.0013602
-0.00173966
-0.00133664
-0.00230391
-0.00175858
-0.00135043
-0.00233419
-0.00177871
-0.0014668
-0.00177276
-0.00236327
-0.00179753
-0.00180055
-0.00152527
-0.00239596
-0.00188424
-0.00184975
-0.00145493
-0.00242287
-0.00190219
-0.00190472
-0.00137158
-0.00245293
-0.00192234
-0.0014028
-0.00195905
-0.00248593
-0.00194478
-0.00188301
-0.00157675
-0.00251779
-0.00196607
-0.0020386
-0.0015728
-0.00254983
-0.00198734
-0.00202133
-0.00147323
-0.00258349
-0.00200985
-0.00200711
-0.0014373
-0.00261203
-0.00202859
-0.00148723
-0.00204354
-0.00264453
-0.00204991
-0.00178471
-0.00206173
-0.00267583
-0.00207014
-0.00150258
-0.0021249
-0.00210092
-0.00153992
-0.00274559
-0.0021165
-0.00215222
-0.00162361
-0.00278441
-0.00214194
-0.00173301
-0.00238537
-0.00281655
-0.00216231
-0.00163577
-0.00216204
-0.00285731
-0.00218892
-0.00223414
-0.00180373
-0.00289565
-0.00221335
-0.00178745
-0.00247671
-0.00112921
-0.00292899
-0.00223397
-0.00180304
-0.00228039
-0.00193622
-0.00297957
-0.00226587
-0.0018278
-0.00177849
-0.00231167
-0.00297418
-0.00225891
-0.00182178
-0.00173323
-0.00244477
-0.0030005
-0.00227411
-0.00112091
-0.00174541
-0.00176725
-0.00302644
-0.00228881
-0.00233629
-0.00195299
-0.00306169
-0.00231022
-0.00188521
-0.00116552
-0.00234082
-0.00190917
-0.00300601
-0.00565083
-0.00306921
-0.00230871
-0.00259273
-0.00191624
-0.00115266
-0.00309933
-0.002326
-0.00166432
-0.00202411
-0.00255546
-0.00235479
-0.00168222
-0.00222799
-0.00177627
-0.0031809
-0.00237588
-0.00171682
-0.00190077
-0.00256238
-0.00320975
-0.00239168
-0.00172561
-0.00207913
-0.00264741
-0.0032521
-0.00241684
-0.00122067
-0.00272894
-0.00217275
-0.00328837
-0.0024375
-0.00214145
-0.00289555
-0.00335232
-0.00247651
-0.00288646
-0.0022466
-0.00335427
-0.00247382
-0.00193637
-0.00297059
-0.00339194
-0.00249515
-0.00221116
-0.00281048
-0.0034299
-0.0025164
-0.00205026
-0.00292677
-0.00346597
-0.00253622
-0.00306172
-0.00229905
-0.00350327
-0.00255632
-0.0022858
-0.00310093
-0.00354101
-0.00257687
-0.00220053
-0.00300851
-0.00358452
-0.00260135
-0.00234729
-0.00321409
-0.00360785
-0.00261178
-0.00237922
-0.00308936
-0.00264909
-0.00236816
-0.0027024
-0.00370583
-0.00266759
-0.00236332
-0.00374528
-0.00268918
-0.0024967
-0.0037763
-0.00270527
-0.00217512
-0.00334175
-0.00382045
-0.00272847
-0.00243969
-0.00204972
-0.00384842
-0.00274159
-0.00245165
-0.00340401
-0.0022545
-0.00387131
-0.0027501
-0.00246016
-0.00240717
-0.0012207
-0.00389794
-0.00276109
-0.00247107
-0.00241778
-0.0021663
-0.00391029
-0.00276335
-0.00247408
-0.00251568
-0.00118643
-0.00397863
-0.0028003
-0.00250846
-0.00255099
-0.00259204
-0.00395655
-0.00278067
-0.00249159
-0.00253406
-0.00252554
-0.00396999
-0.00278343
-0.002495
-0.00253778
-0.00250598
-0.00399285
-0.00279247
-0.00250409
-0.00134671
-0.00256514
-0.0040366
-0.00281403
-0.00252455
-0.00258883
-0.0012416
-0.00406327
-0.00282422
-0.0025347
-0.00259976
-0.00409569
-0.00283849
-0.00254854
-0.00266287
-0.00414131
-0.00286149
-0.00257032
-0.00265986
-0.00417667
-0.00287724
-0.00258556
-0.00275312
-0.00140706
-0.00420707
-0.00288906
-0.00259733
-0.00276656
-0.00222162
-0.00422549
-0.00289474
-0.00260345
-0.00277376
-0.00273439
-0.00424179
-0.00289875
-0.00260805
-0.00140417
-0.00249997
-0.00429248
-0.00292303
-0.00263131
-0.00242703
-0.00432695
-0.00293754
-0.00264559
-0.00274002
-0.00296321
-0.00266978
-0.00286823
-0.00441777
-0.0029812
-0.00268773
-0.00230305
-0.00445246
-0.00299525
-0.00270175
-0.00261904
-0.00121435
-0.00448273
-0.00300575
-0.00271262
-0.00242514
-0.00140422
-0.00451497
-0.00301746
-0.00272463
-0.00295261
-0.00125324
-0.00456547
-0.00303985
-0.0027465
-0.0028981
-0.00125072
-0.00459685
-0.00305049
-0.00275763
-0.00272333
-0.0046304
-0.00306275
-0.00277022
-0.00299698
-0.00122957
-0.00467628
-0.003082
-0.00278939
-0.00145647
-0.00314171
-0.00470672
-0.00309119
-0.00279936
-0.00313177
-0.00148199
-0.00474101
-0.00310244
-0.00281131
-0.00314702
-0.0032419
-0.00475195
-0.00310141
-0.00281183
-0.00123633
-0.00314893
-0.00477854
-0.00310807
-0.00281958
-0.00123581
-0.00326201
-0.00483244
-0.00312953
-0.00284128
-0.00124041
-0.00320099
-0.00489515
-0.00315517
-0.002867
-0.00124628
-0.00326594
-0.00490309
-0.00314999
-0.00286403
-0.00124129
-0.00316473
-0.00493067
-0.00315568
-0.00287123
-0.00124015
-0.00333333
-0.00498213
-0.00317556
-0.00289167
-0.00142265
-0.00339368
-0.00505001
-0.00320262
-0.00291914
-0.00136574
-0.0034298
-0.00337864
-0.00508577
-0.00321136
-0.00292949
-0.00136578
-0.00344524
-0.0034654
-0.00508545
-0.00319947
-0.00292058
-0.00135754
-0.0034377
-0.0032104
-0.0051218
-0.0032079
-0.0029308
-0.00148322
-0.00364767
-0.00322245
-0.00515178
-0.00321238
-0.00293749
-0.00148188
-0.00361849
-0.00519323
-0.00322443
-0.0029511
-0.00148419
-0.00349755
-0.00521799
-0.0032269
-0.00295583
-0.00148237
-0.00372776
-0.00525182
-0.0032342
-0.00296509
-0.00148257
-0.00374415
-0.0032255
-0.005294
-0.00324456
-0.00297756
-0.00148381
-0.00374914
-0.00324081
-0.00540308
-0.00328825
-0.00302202
-0.00149869
-0.00385729
-0.00329114
-0.00535916
-0.00325267
-0.00299108
-0.0014805
-0.00370428
-0.00347288
-0.00539065
-0.00325612
-0.00299734
-0.00134962
-0.00366552
-0.00543021
-0.00326478
-0.00300843
-0.0038448
-0.00547728
-0.0032781
-0.00302381
-0.00388477
-0.00369895
-0.0055051
-0.00327872
-0.00302759
-0.00392305
-0.0055426
-0.00328613
-0.00303761
-0.00384491
-0.0056097
-0.00330899
-0.00306237
-0.00400237
-0.00564987
-0.00331711
-0.00307324
-0.00398348
-0.00569109
-0.00332538
-0.00308437
-0.00401688
-0.00383009
-0.00573645
-0.00333334
-0.00309564
-0.003964
-0.00578351
-0.00334426
-0.00310943
-0.0040489
-0.00585593
-0.00336882
-0.00313615
-0.004144
-0.00589636
-0.00337651
-0.00314678
-0.00410034
-0.00593256
-0.00338213
-0.00315543
-0.00411699
-0.00388004
-0.00597194
-0.0033869
-0.0031638
-0.00418932
-0.00330573
-0.00600968
-0.00339085
-0.00317144
-0.00419657
-0.00607599
-0.00341125
-0.00319456
-0.00426832
-0.0061686
-0.0034431
-0.0043921
-0.004054
-0.00619143
-0.00344445
-0.00440098
-0.00433543
-0.00620415
-0.00344113
-0.00411736
-0.00433825
-0.00622288
-0.00343978
-0.00431895
-0.00434322
-0.00623526
-0.003435
-0.00452335
-0.00434422
-0.00626724
-0.0034405
-0.00367229
-0.0064155
-0.00350438
-0.00442124
-0.00454203
-0.0010228
-0.00639455
-0.00348307
-0.00362961
-0.00646738
-0.00350926
-0.00397941
-0.00449248
-0.00648616
-0.00350677
-0.00456807
-0.000976929
-0.00655926
-0.0035324
-0.00461051
-0.00376618
-0.00667177
-0.0035827
-0.0038348
-0.00475754
-0.00669855
-0.00358451
-0.00490507
-0.00679491
-0.00361982
-0.0048706
-0.00455355
-0.00681409
-0.0036158
-0.00479295
-0.00686095
-0.00362716
-0.00508512
-0.00100817
-0.00691076
-0.00363793
-0.000968885
-0.00509033
-0.00395996
-0.00698201
-0.00365744
-0.00424039
-0.00532206
-0.00701458
-0.00366082
-0.00383268
-0.0053297
-0.00704902
-0.00366237
-0.00383878
-0.000919676
-0.0052193
-0.00710866
-0.00367583
-0.00413135
-0.00521881
-0.000966685
-0.00711859
-0.00366417
-0.00489376
-0.000995279
-0.00557232
-0.0071367
-0.00365527
-0.00563363
-0.00462523
-0.00101041
-0.00718213
-0.00366085
-0.00550178
-0.000952772
-0.00725098
-0.00367916
-0.00557811
-0.0010114
-0.00186374
-0.00733635
-0.00370333
-0.00197925
-0.00494521
-0.000973671
-0.00553908
-0.00732662
-0.00368168
-0.0056125
-0.00185311
-0.00501601
-0.000951768
-0.00441086
-0.00729728
-0.00364868
-0.00566616
-0.00182679
-0.00103482
-0.00716111
-0.00358368
-0.00549297
-0.00182922
-0.00483048
-0.000953344
-0.00180663
-0.00381693
-0.00693425
-0.00347166
-0.00532197
-0.00473448
-0.000891493
-0.00536043
-0.00191405
-0.00677965
-0.00339811
-0.00389676
-0.00177527
-0.004672
-0.00103329
-0.00501146
-0.00664717
-0.00176904
-0.000947684
-0.00660056
-0.00176039
-0.00094434
-0.0051167
-0.00170536
-0.00650144
-0.00173363
-0.00159695
-0.00477722
-0.00493706
-0.0063674
-0.00169732
-0.0050039
-0.00162195
-0.00626903
-0.00167072
-0.00183317
-0.00443052
-0.000890417
-0.00481544
-0.00613511
-0.00163454
-0.00474939
-0.00162385
-0.00454271
-0.00470606
-0.00598382
-0.0015938
-0.00464602
-0.00161473
-0.00426554
-0.00586777
-0.00156273
-0.0045424
-0.00162213
-0.00416732
-0.000833225
-0.00574962
-0.00153118
-0.00441076
-0.00158208
-0.00415433
-0.00429595
-0.000833772
-0.00561299
-0.00149429
-0.000782437
-0.00158618
-0.00394904
-0.00431515
-0.00550617
-0.00153971
-0.00429137
-0.00150731
-0.00384515
-0.000799193
-0.00540426
-0.00151074
-0.00147056
-0.000820467
-0.00417299
-0.00532531
-0.00148857
-0.00407084
-0.00144286
-0.000715812
-0.00524951
-0.00146724
-0.00401421
-0.00150657
-0.00373268
-0.00401501
-0.000699812
-0.00513293
-0.00143445
-0.0040259
-0.00141763
-0.0007543
-0.00506109
-0.00137441
-0.00392122
-0.00139829
-0.00364734
-0.00387345
-0.000738006
-0.0049524
-0.00134473
-0.00134081
-0.000749137
-0.00379194
-0.0048879
-0.00132692
-0.00383494
-0.00348465
-0.00129374
-0.000736739
-0.00480601
-0.00130452
-0.00344001
-0.00135325
-0.00369507
-0.000745192
-0.00373258
-0.00470839
-0.00127798
-0.0036492
-0.00349168
-0.00127098
-0.000689784
-0.00463165
-0.00125702
-0.0032859
-0.00124945
-0.00352983
-0.00352542
-0.000654104
-0.00454207
-0.00123246
-0.000649501
-0.00127627
-0.00325627
-0.00351075
-0.00447112
-0.00121305
-0.000641928
-0.00128666
-0.00344982
-0.00334958
-0.00440071
-0.00119382
-0.000666793
-0.00316064
-0.00116331
-0.00336109
-0.00433461
-0.00117573
-0.0034456
-0.00309295
-0.00119276
-0.000599098
-0.00246821
-0.00425932
-0.00115511
-0.003386
-0.00293408
-0.00116691
-0.0032861
-0.00063799
-0.0041777
-0.00117185
-0.00332166
-0.00114826
-0.00283705
-0.00322436
-0.0041016
-0.0011512
-0.00326192
-0.0011501
-0.002899
-0.000617556
-0.00315659
-0.00402553
-0.00110908
-0.00320217
-0.00112939
-0.00110593
-0.00276794
-0.00314337
-0.000569842
-0.00394039
-0.00115665
-0.00313525
-0.00110682
-0.00284847
-0.0010866
-0.00303079
-0.000594513
-0.0038582
-0.00113376
-0.00307099
-0.00108505
-0.00273072
-0.00110152
-0.00297855
-0.00111296
-0.00376572
-0.00238346
-0.00299649
-0.000541008
-0.00105768
-0.00273239
-0.00101728
-0.0029414
-0.00369728
-0.0023401
-0.00291522
-0.00255264
-0.00102028
-0.000995754
-0.000512979
-0.00364256
-0.00230544
-0.000507655
-0.00253269
-0.000964627
-0.00283364
-0.00107207
-0.00359012
-0.00222307
-0.00100637
-0.000989704
-0.0024915
-0.00279103
-0.00354154
-0.00219284
-0.0024527
-0.000979342
-0.00281686
-0.00102829
-0.000491201
-0.00349114
-0.00216157
-0.000532647
-0.000948605
-0.00254202
-0.00274062
-0.00265968
-0.00343717
-0.00212806
-0.00258142
-0.0024472
-0.000925867
-0.00263621
-0.00051748
-0.000953947
-0.00338176
-0.00213976
-0.00253976
-0.000934098
-0.00239539
-0.00264981
-0.000468267
-0.00333117
-0.0021077
-0.0025019
-0.00230119
-0.000917714
-0.0026107
-0.000963876
-0.000460689
-0.00328852
-0.00208065
-0.00246999
-0.0022719
-0.000904963
-0.0022639
-0.00253978
-0.000880254
-0.0032261
-0.00190499
-0.00254651
-0.000438141
-0.000892538
-0.00231653
-0.000857246
-0.00318503
-0.00242649
-0.00251278
-0.000864182
-0.000458161
-0.00314166
-0.00187153
-0.00248105
-0.000873567
-0.00230951
-0.000389977
-0.00242325
-0.00308471
-0.00183939
-0.00243738
-0.00202732
-0.000822207
-0.000485393
-0.00230068
-0.00303268
-0.00180981
-0.000860952
-0.00232489
-0.00217634
-0.000859225
-0.00240211
-0.000465148
-0.00032936
-0.00298893
-0.00183154
-0.000848076
-0.00211298
-0.000840496
-0.00235937
-0.000818765
-0.000442494
-0.00294356
-0.00180451
-0.000323068
-0.00209188
-0.000821905
-0.00225133
-0.00233463
-0.000439603
