-2.45956e-07
-2.26398e-07
-2.22202e-07
-2.37943e-07
-5.97867e-07
-2.30304e-07
-2.12326e-07
-2.08395e-07
-2.24565e-07
-5.84825e-07
-2.18499e-07
-2.00421e-07
-1.95943e-07
-2.12302e-07
-5.74507e-07
-2.05636e-07
-1.86658e-07
-1.85381e-07
-2.01037e-07
-5.50507e-07
-1.94915e-07
-1.76085e-07
-1.73158e-07
-1.90764e-07
-5.40463e-07
-1.84001e-07
-1.84418e-07
-1.64945e-07
-1.65908e-07
-1.79888e-07
-5.29831e-07
-1.77668e-07
-1.74057e-07
-1.52944e-07
-1.55816e-07
-1.69925e-07
-5.26026e-07
-1.68023e-07
-1.65986e-07
-1.47153e-07
-1.46344e-07
-1.60007e-07
-5.08276e-07
-1.59187e-07
-1.54318e-07
-1.38161e-07
-1.34884e-07
-1.50967e-07
-5.00051e-07
-1.51083e-07
-1.74154e-07
-1.5983e-07
-1.5668e-07
-1.66904e-07
-4.44145e-07
-1.61951e-07
-6.01456e-05
-5.92362e-05
-5.83726e-05
-5.75492e-05
-5.7095e-05
-5.59458e-05
-0.000198861
-0.000194442
-0.000190228
-0.000186194
-0.000182166
-0.000178642
-0.00125992
-0.00118358
-0.00111554
-0.00105451
-0.000984884
-0.000952415
-0.00314326
-0.00371123
-0.00344258
-0.00389488
-0.00345694
-0.00307535
-0.00277005
-0.00321071
-0.00294434
-0.0026861
-0.00246976
-0.00228595
-0.00210724
-0.00374047
-0.00346312
-0.00319397
-0.00296378
-0.00276427
-0.00376274
-0.00347113
-0.00320643
-0.00297151
-0.00277292
-0.00335518
-0.00307722
-0.00284065
-0.00262953
-0.00245313
-0.00229026
-0.0038622
-0.00346615
-0.00313926
-0.0028629
-0.00263899
-0.00243615
-0.00392385
-0.0035423
-0.00323258
-0.00296444
-0.0027416
-0.00464427
-0.00404019
-0.00357532
-0.0031974
-0.00289601
-0.00264747
-0.00543627
-0.00494399
-0.004537
-0.00418009
-0.00388317
-0.003627
-0.00411695
-0.00383926
-0.0036206
-0.00341223
-0.00323774
-0.00307913
-0.0029611
-0.0039418
-0.00363184
-0.00341972
-0.00320579
-0.00303132
-0.00286995
-0.00276484
-0.00454892
-0.004077
-0.00375304
-0.00345224
-0.00320843
-0.00299796
-0.00287418
-0.00441629
-0.00403694
-0.00381077
-0.00357389
-0.00338151
-0.0032107
-0.00314168
-0.00589303
-0.00517957
-0.00474127
-0.00433008
-0.00400566
-0.00372451
-0.00361711
-0.0065127
-0.00564916
-0.00519247
-0.00477152
-0.00437241
-0.00406395
-0.00399418
-0.00360053
-0.005305
-0.00462204
-0.0043168
-0.00402883
-0.00373235
-0.00350913
-0.00355758
-0.00320581
-0.00433118
-0.00367946
-0.0034948
-0.00328303
-0.00304498
-0.0028785
-0.00301517
-0.00408416
-0.00347551
-0.00332359
-0.00315951
-0.00295351
-0.00282067
-0.00302095
-0.00420739
-0.00351594
-0.00342546
-0.00327479
-0.00309388
-0.002948
-0.00322804
-0.00288524
-0.00428454
-0.00354698
-0.0034882
-0.00335692
-0.00316384
-0.00305527
-0.00341493
-0.00471359
-0.00386282
-0.00379602
-0.00364852
-0.00342843
-0.00331254
-0.00373865
-0.0043586
-0.00353285
-0.00345747
-0.00333778
-0.00314118
-0.00304665
-0.00354037
-0.00450754
-0.00363429
-0.00349561
-0.00335656
-0.0031356
-0.00301936
-0.00357141
-0.00478489
-0.00380301
-0.00364965
-0.00348983
-0.00324371
-0.00311276
-0.00371164
-0.00324642
-0.00478994
-0.00369851
-0.0035047
-0.00331072
-0.00302592
-0.00288219
-0.00350769
-0.00603086
-0.00459128
-0.00421937
-0.00396812
-0.00356521
-0.00333632
-0.00396657
-0.00335329
-0.00523955
-0.00387505
-0.0038046
-0.00363009
-0.0033208
-0.00317969
-0.00395202
-0.00337015
-0.00543865
-0.00393547
-0.00383416
-0.00359402
-0.00330112
-0.00308019
-0.00385989
-0.00325041
-0.00514319
-0.00369791
-0.00359744
-0.00340044
-0.00313907
-0.00294598
-0.0038107
-0.00320268
-0.00434262
-0.00289952
-0.00285252
-0.00269964
-0.00246456
-0.0022882
-0.00316646
-0.00259855
-0.00415688
-0.002731
-0.00271131
-0.00257983
-0.0023797
-0.00220909
-0.00316754
-0.004708
-0.00321474
-0.00313689
-0.00298123
-0.00275029
-0.00255547
-0.00354113
-0.00291254
-0.00553559
-0.00399009
-0.00375413
-0.00353863
-0.00326232
-0.0030236
-0.00402066
-0.00335831
-0.00256083
-0.00464606
-0.003133
-0.00294886
-0.00277162
-0.00251696
-0.00233277
-0.00341947
-0.00270636
-0.0019466
-0.00470044
-0.00307216
-0.00299795
-0.00283354
-0.00258441
-0.00241169
-0.00352529
-0.0028238
-0.0020378
-0.00489239
-0.00327018
-0.00308082
-0.00290489
-0.00256179
-0.0024335
-0.00361916
-0.00286721
-0.0020402
-0.00490727
-0.00321928
-0.0030575
-0.00278389
-0.00253762
-0.00240321
-0.00365727
-0.00289647
-0.00204311
-0.0068774
-0.00474494
-0.00437667
-0.00391961
-0.00356807
-0.0032771
-0.00461373
-0.00370263
-0.00263811
-0.00610704
-0.00407827
-0.00388515
-0.00365492
-0.0032682
-0.00307043
-0.00453982
-0.00371419
-0.0026412
-0.00571506
-0.00365791
-0.00351248
-0.00332213
-0.00298353
-0.00278539
-0.00440998
-0.00354502
-0.00242427
-0.0062686
-0.00399991
-0.00380009
-0.00356159
-0.00317054
-0.0029413
-0.00465369
-0.00373136
-0.00249032
-0.00648076
-0.00401322
-0.00381215
-0.00352538
-0.00313539
-0.00299443
-0.00474056
-0.00372804
-0.00239022
-0.0063741
-0.00386434
-0.00373241
-0.00349907
-0.0031222
-0.00305841
-0.00496428
-0.00393247
-0.00253819
-0.00682641
-0.0040653
-0.00387633
-0.00358471
-0.00314822
-0.00306375
-0.00506893
-0.00396938
-0.00243828
-0.00227158
-0.0064064
-0.00361254
-0.00328506
-0.00313502
-0.00292001
-0.00288888
-0.00508982
-0.00398176
-0.00239632
-0.00224848
-0.00898804
-0.00551205
-0.00492009
-0.00455051
-0.00415321
-0.0039907
-0.00639707
-0.00507001
-0.00777417
-0.00443978
-0.00418919
-0.0037903
-0.00352068
-0.00346106
-0.00604238
-0.00475309
-0.00331373
-0.00755278
-0.00410045
-0.00390755
-0.00352478
-0.00329012
-0.00285496
-0.00497117
-0.00318179
-0.00812166
-0.00444003
-0.00411334
-0.00542381
-0.00320397
0.00252098
-0.00499844
-0.00783023
-0.00596704
-0.00462685
-0.00542613
-0.00388455
-0.000226703
-0.00496429
-0.00782653
-0.0060579
-0.00207762
-0.00566702
-0.0051925
-0.00165489
-0.00506981
-0.00777693
-0.00169026
-0.0021731
-0.0049436
-0.00529365
-0.00540139
-0.00804155
-0.00173344
-0.0034028
-0.00245371
-0.00902528
-0.00226244
-0.00387046
-0.0031723
-0.00984841
-0.00263476
-0.00482471
-0.0037489
-0.00248979
-0.00958881
-0.00213918
-0.0048288
-0.00388588
-0.00227102
-0.0095046
-0.00176177
-0.00466463
-0.00358178
-0.00187247
-0.00895108
-0.00104701
-0.0041648
-0.00364341
-0.000184184
-0.00859604
-0.000485714
-0.00372969
-0.00306012
0.000436449
-0.00780325
0.000364631
-0.00350062
-0.00272395
0.00214773
-0.0069578
0.00108321
-0.00290905
-0.00250689
0.00206814
-0.00648561
0.00158458
-0.00263757
-0.00241583
0.00231651
-0.00629517
0.00174975
-0.00207343
-0.00240544
0.00437078
-0.00590844
0.00193678
-0.00213045
-0.00169705
0.0052457
-0.00111467
-0.0057205
0.00180042
-0.00207261
-0.00178413
0.00516028
-0.00130699
-0.0053495
0.00188826
-0.0019818
-0.00173318
-0.00107766
0.00684735
-0.00500678
0.00145135
-0.00192539
-0.00186065
-0.000970627
0.00651569
-0.00475265
0.000869566
-0.00184722
-0.00184665
-0.00116189
0.00702681
0.000462673
-0.00472295
-6.44363e-05
-0.00213482
-0.00221464
-0.00151495
0.00431658
-0.000101001
0.00232581
-0.00108059
-0.0025874
-0.00266922
-0.00199751
0.00226225
-0.000732141
0.000230264
-0.00103803
-0.00213947
-0.00229065
-0.00189064
0.00128629
-0.000736282
0.00050881
-0.00108518
-0.00212327
-0.00215965
-0.00179377
0.00066503
-0.000254621
