0.712807
0.712807
0.712807
0.712807
0.712807
0.712807
0.712807
0.712807
0.798704
0.798704
0.798704
0.798704
0.798704
0.798704
0.798704
0.798704
0.798704
0.798704
0.972939
0.972939
0.972939
0.972939
0.972939
0.972939
0.972939
0.972939
1.07857
1.07857
1.07857
1.07857
1.07857
1.07857
1.07857
1.07857
1.07857
1.32855
1.32855
1.32855
1.32855
1.32855
1.32855
1.32855
1.32855
1.32855
1.40982
1.40982
1.40982
1.40982
1.40982
1.40982
1.40982
1.40982
1.40982
1.40982
1.48827
1.48827
1.48827
1.48827
1.48827
1.48827
1.48827
1.48827
1.48827
1.57043
1.57043
1.57043
1.57043
1.57043
1.57043
1.57043
1.57043
1.6499
1.6499
1.6499
1.6499
1.6499
1.6499
1.6499
1.6499
1.6499
1.6499
1.6499
1.81455
1.81455
1.81455
1.81455
1.81455
1.81455
1.81455
1.81455
1.81455
1.81455
1.90188
1.90188
1.90188
1.90188
1.90188
1.90188
1.90188
1.90188
1.90188
1.9732
1.9732
1.9732
1.9732
1.9732
1.9732
1.9732
1.9732
1.9732
1.9732
2.0501
2.0501
2.0501
2.0501
2.0501
2.0501
2.0501
2.0501
2.0501
2.0501
2.0501
2.12433
2.12433
2.12433
2.12433
2.12433
2.12433
2.12433
2.12433
2.20128
2.20128
2.20128
2.20128
2.27431
2.27431
2.27431
2.27431
2.27431
2.27431
2.27431
2.27431
2.27431
2.36274
2.36274
2.36274
2.36274
2.36274
2.36274
2.36274
2.36274
2.36274
2.36274
2.44251
2.44251
2.44251
2.44251
2.44251
2.44251
2.44251
2.44251
2.44251
2.44251
2.52352
2.52352
2.52352
2.52352
2.52352
2.52352
2.52352
2.52352
2.52352
2.60653
2.60653
2.60653
2.60653
2.60653
2.60653
2.60653
2.60653
2.60653
2.60653
2.75982
2.75982
2.75982
2.75982
2.75982
2.75982
2.75982
2.75982
2.75982
2.75982
2.75982
2.75982
2.84656
2.84656
2.84656
2.84656
2.84656
2.84656
2.84656
2.84656
2.84656
2.84656
2.84656
2.84656
2.92519
2.92519
2.92519
2.92519
2.92519
2.92519
2.92519
2.92519
2.92519
2.92519
2.92519
2.92519
2.92519
3.0011
3.0011
3.0011
3.0011
3.0011
3.0011
3.0011
3.0011
3.0011
3.0011
3.0011
3.0011
3.07819
3.07819
3.07819
3.07819
3.07819
3.07819
3.07819
3.07819
3.07819
3.07819
3.07819
3.07819
3.16321
3.16321
3.16321
3.16321
3.16321
3.16321
3.16321
3.16321
3.16321
3.16321
3.16321
3.242
3.242
3.242
3.242
3.242
3.242
3.242
3.242
3.242
3.242
3.242
3.242
3.31739
3.31739
3.31739
3.31739
3.31739
3.31739
3.31739
3.31739
3.31739
3.31739
3.31739
3.39467
3.39467
3.39467
3.39467
3.39467
3.39467
3.39467
3.39467
3.39467
3.39467
3.39467
3.48314
3.48314
3.48314
3.48314
3.48314
3.48314
3.48314
3.48314
3.48314
3.48314
3.48314
3.63099
3.63099
3.63099
3.63099
3.63099
3.63099
3.63099
3.63099
3.63099
3.72387
3.72387
3.72387
3.72387
3.72387
3.72387
3.72387
3.72387
3.80698
3.80698
3.80698
3.80698
3.80698
3.80698
3.80698
3.89598
3.89598
3.89598
3.89598
3.89598
3.89598
3.89598
3.89598
3.89598
3.97649
3.97649
3.97649
3.97649
3.97649
3.97649
3.97649
3.97649
3.97649
3.97649
4.06712
4.06712
4.06712
4.06712
4.06712
4.06712
4.06712
4.06712
4.14707
4.14707
4.14707
4.14707
4.14707
4.14707
4.14707
4.14707
4.22535
4.22535
4.22535
4.22535
4.22535
4.22535
4.22535
4.22535
4.3063
4.3063
4.3063
4.3063
4.3063
4.3063
4.3063
4.3063
4.3063
4.38595
4.38595
4.38595
4.38595
4.38595
4.38595
4.38595
4.38595
4.46718
4.46718
4.46718
4.46718
4.46718
4.46718
4.46718
4.46718
4.46718
4.56528
4.56528
4.56528
4.56528
4.56528
4.56528
4.56528
4.56528
4.56528
4.64488
4.64488
4.64488
4.64488
4.64488
4.64488
4.64488
4.64488
4.72976
4.72976
4.72976
4.72976
4.72976
4.72976
4.72976
4.72976
4.81044
4.81044
4.81044
4.81044
4.81044
4.81044
4.81044
4.81044
4.89171
4.89171
4.89171
4.89171
4.89171
4.89171
4.89171
4.89171
4.89171
4.97101
4.97101
4.97101
4.97101
4.97101
4.97101
4.97101
4.97101
4.97101
4.97101
5.04872
5.04872
5.04872
5.04872
5.04872
5.04872
5.04872
5.04872
5.04872
5.19466
5.19466
5.19466
5.19466
5.19466
5.19466
5.19466
5.19466
5.19466
5.19466
5.27111
5.27111
5.27111
5.27111
5.27111
5.27111
5.27111
5.27111
5.27111
5.27111
5.34819
5.34819
5.34819
5.34819
5.34819
5.34819
5.34819
5.34819
5.34819
5.34819
5.41904
5.41904
5.41904
5.41904
5.41904
5.41904
5.41904
5.41904
5.41904
5.41904
5.49548
5.49548
5.49548
5.49548
5.49548
5.49548
5.49548
5.49548
5.49548
5.49548
5.58053
5.58053
5.58053
5.58053
5.58053
5.58053
5.58053
5.58053
5.58053
5.66865
5.66865
5.66865
5.66865
5.66865
5.66865
5.66865
5.66865
5.66865
5.7416
5.7416
5.7416
5.7416
5.7416
5.7416
5.7416
5.7416
5.81958
5.81958
5.81958
5.81958
5.81958
5.81958
5.81958
5.81958
5.81958
5.89773
5.89773
5.89773
5.89773
5.89773
5.89773
5.89773
5.89773
5.89773
5.97522
5.97522
5.97522
5.97522
5.97522
5.97522
5.97522
5.97522
5.97522
5.97522
6.05832
6.05832
6.05832
6.05832
6.05832
6.05832
6.05832
6.05832
6.05832
6.21332
6.21332
6.21332
6.21332
6.21332
6.21332
6.21332
6.29431
6.29431
6.29431
6.29431
6.29431
6.29431
6.29431
6.29431
6.29431
6.29431
6.36917
6.36917
6.36917
6.36917
6.36917
6.36917
6.36917
6.36917
6.36917
6.36917
6.45214
6.45214
6.45214
6.45214
6.45214
6.45214
6.45214
6.45214
6.45214
6.45214
6.60403
6.60403
6.60403
6.60403
6.60403
6.60403
6.60403
6.70382
6.70382
6.70382
6.70382
6.70382
6.70382
6.70382
6.70382
6.76458
6.76458
6.76458
6.76458
6.76458
6.76458
6.76458
6.76458
6.76458
6.76458
6.83768
6.83768
6.83768
6.83768
6.83768
6.83768
6.83768
6.83768
6.83768
6.92096
6.92096
6.92096
6.92096
6.92096
6.92096
6.92096
6.92096
7.0012
7.0012
7.0012
7.0012
7.0012
7.0012
7.0012
7.0012
7.0012
7.08026
7.08026
7.08026
7.08026
7.08026
7.08026
7.08026
7.08026
7.08026
7.08026
7.15242
7.15242
7.15242
7.15242
7.15242
7.15242
7.15242
7.15242
7.15242
7.2299
7.2299
7.2299
7.2299
7.2299
7.2299
7.2299
7.2299
7.2299
7.2299
7.2299
7.30489
7.30489
7.30489
7.30489
7.30489
7.30489
7.30489
7.30489
7.30489
7.30489
7.30489
7.3863
7.3863
7.3863
7.3863
7.3863
7.3863
7.3863
7.3863
7.3863
7.3863
7.3863
7.4758
7.4758
7.4758
7.4758
7.4758
7.4758
7.4758
7.4758
7.4758
7.4758
7.4758
7.54597
7.54597
7.54597
7.54597
7.54597
7.54597
7.54597
7.54597
7.54597
7.54597
7.54597
7.62278
7.62278
7.62278
7.62278
7.62278
7.62278
7.62278
7.62278
7.62278
7.69617
7.69617
7.69617
7.69617
7.69617
7.69617
7.69617
7.69617
7.69617
7.78092
7.78092
7.78092
7.78092
7.78092
7.78092
7.78092
7.78092
7.78092
7.78092
7.85624
7.85624
7.85624
7.85624
7.85624
7.85624
7.85624
7.85624
7.85624
7.85624
7.93154
7.93154
7.93154
7.93154
7.93154
7.93154
7.93154
7.93154
7.93154
7.93154
8.02786
8.02786
8.02786
8.02786
8.02786
8.02786
8.02786
8.02786
8.02786
8.02786
8.10495
8.10495
8.10495
8.10495
8.10495
8.10495
8.10495
8.10495
8.10495
8.10495
8.18214
8.18214
8.18214
8.18214
8.18214
8.18214
8.18214
8.18214
8.18214
8.26268
8.26268
8.26268
8.26268
8.26268
8.26268
8.26268
8.26268
8.26268
8.33367
8.33367
8.33367
8.33367
8.33367
8.33367
8.33367
8.33367
8.33367
8.41481
8.41481
8.41481
8.41481
8.41481
8.41481
8.41481
8.41481
8.41481
8.41481
8.41481
8.49995
8.49995
8.49995
8.49995
8.49995
8.49995
8.49995
8.49995
8.49995
8.56146
8.56146
8.56146
8.56146
8.56146
8.56146
8.56146
8.56146
8.56146
8.56146
8.56146
8.56146
8.63725
8.63725
8.63725
8.63725
8.63725
8.63725
8.63725
8.63725
8.63725
8.63725
8.71723
8.71723
8.71723
8.71723
8.71723
8.71723
8.71723
8.71723
8.71723
8.71723
8.71723
8.79781
8.79781
8.79781
8.79781
8.79781
8.79781
8.79781
8.79781
8.79781
8.79781
8.79781
8.87518
8.87518
8.87518
8.87518
8.87518
8.87518
8.87518
8.87518
8.9572
8.9572
8.9572
8.9572
8.9572
8.9572
8.9572
8.9572
8.9572
8.9572
9.02651
9.02651
9.02651
9.02651
9.02651
9.02651
9.02651
9.02651
9.10238
9.10238
9.10238
9.10238
9.10238
9.10238
9.10238
9.10238
9.10238
9.183
9.183
9.183
9.183
9.183
9.183
9.183
9.183
9.183
9.183
9.25483
9.25483
9.25483
9.25483
9.25483
9.25483
9.25483
9.25483
9.25483
9.25483
9.25483
9.33962
9.33962
9.33962
9.33962
9.33962
9.33962
9.33962
9.33962
9.41372
9.41372
9.41372
9.41372
9.41372
9.41372
9.41372
9.41372
9.41372
9.48539
9.48539
9.48539
9.48539
9.48539
9.48539
9.48539
9.56678
9.56678
9.56678
9.56678
9.56678
9.56678
9.56678
9.64885
9.64885
9.64885
9.64885
9.64885
9.64885
9.64885
9.64885
9.64885
9.64885
9.73957
9.73957
9.73957
9.73957
9.73957
9.73957
9.73957
9.73957
9.81414
9.81414
9.81414
9.81414
9.81414
9.81414
9.81414
9.81414
9.81414
9.90262
9.90262
9.90262
9.90262
9.90262
9.90262
9.90262
9.90262
9.90262
9.97862
9.97862
9.97862
9.97862
9.97862
9.97862
9.97862
9.97862
9.97862
10.0527
10.0527
10.0527
10.0527
10.0527
10.0527
10.0527
10.0527
10.0527
10.0527
10.1338
10.1338
10.1338
10.1338
10.1338
10.1338
10.1338
10.1338
10.1338
10.2079
10.2079
10.2079
10.2079
10.2079
10.2079
10.2079
10.2079
10.2079
10.2079
10.2844
10.2844
10.2844
10.2844
10.2844
10.2844
10.2844
10.2844
10.2844
10.2844
10.2844
10.2844
10.3637
10.3637
10.3637
10.3637
10.3637
10.3637
10.3637
10.3637
10.3637
10.3637
10.3637
10.3637
10.3637
10.4404
10.4404
10.4404
10.4404
10.4404
10.4404
10.4404
10.4404
10.4404
10.4404
10.4404
10.5227
10.5227
10.5227
10.5227
10.5227
10.5227
10.5227
10.5227
10.5227
10.6056
10.6056
10.6056
10.6056
10.6056
10.6056
10.6056
10.6056
10.6056
10.6056
10.6832
10.6832
10.6832
10.6832
10.6832
10.6832
10.6832
10.6832
10.6832
10.6832
10.7639
10.7639
10.7639
10.7639
10.7639
10.7639
10.7639
10.7639
10.7639
10.8413
10.8413
10.8413
10.8413
10.8413
10.8413
10.8413
10.916
10.916
10.916
10.916
10.916
10.916
10.916
10.916
10.916
11.0029
11.0029
11.0029
11.0029
11.0029
11.0029
11.0029
11.0029
11.0029
11.0781
11.0781
11.0781
11.0781
11.0781
11.0781
11.0781
11.0781
11.0781
11.0781
11.1537
11.1537
11.1537
11.1537
11.1537
11.1537
11.1537
11.1537
11.2314
11.2314
11.2314
11.2314
11.2314
11.2314
11.2314
11.2314
11.2314
11.2314
11.3134
11.3134
11.3134
11.3134
11.3134
11.3134
11.3134
11.3134
11.3134
11.432
11.432
11.432
11.432
11.432
11.432
11.432
11.432
11.432
11.432
11.4779
11.4779
11.4779
11.4779
11.4779
11.4779
11.4779
11.4779
11.4779
11.5523
11.5523
11.5523
11.5523
11.5523
11.5523
11.5523
11.5523
11.5523
11.5523
11.6346
11.6346
11.6346
11.6346
11.6346
11.6346
11.6346
11.6346
11.6346
11.6346
11.711
11.711
11.711
11.711
11.711
11.711
11.711
11.711
11.711
11.711
11.711
11.711
11.7854
11.7854
11.7854
11.7854
11.7854
11.7854
11.7854
11.7854
11.7854
11.7854
11.8638
11.8638
11.8638
11.8638
11.8638
11.8638
11.8638
11.8638
11.8638
11.8638
11.8638
11.9413
11.9413
11.9413
11.9413
11.9413
11.9413
11.9413
11.9413
11.9413
11.9413
11.9413
11.9413
12.0168
12.0168
12.0168
12.0168
12.0168
12.0168
12.0168
12.0168
12.0168
12.0968
12.0968
12.0968
12.0968
12.0968
12.0968
12.0968
12.0968
12.0968
12.1718
12.1718
12.1718
12.1718
12.1718
12.1718
12.1718
12.1718
12.1718
12.1718
12.2554
12.2554
12.2554
12.2554
12.2554
12.2554
12.2554
12.2554
12.2554
12.2554
12.2554
12.3979
12.3979
12.3979
12.3979
12.3979
12.3979
12.3979
12.3979
12.3979
12.3979
12.3979
12.3979
12.4792
12.4792
12.4792
12.4792
12.4792
12.4792
12.4792
12.4792
12.4792
12.4792
12.4792
12.5621
12.5621
12.5621
12.5621
12.5621
12.5621
12.5621
12.5621
12.5621
12.5621
12.6439
12.6439
12.6439
12.6439
12.6439
12.6439
12.6439
12.6439
12.6439
12.7198
12.7198
12.7198
12.7198
12.7198
12.7198
12.7198
12.7198
12.7198
12.7198
12.7198
12.8014
12.8014
12.8014
12.8014
12.8014
12.8014
12.8014
12.8014
12.8014
12.8014
12.8014
12.8779
12.8779
12.8779
12.8779
12.8779
12.8779
12.8779
12.8779
12.8779
12.8779
12.8779
12.8779
12.958
12.958
12.958
12.958
12.958
12.958
12.958
12.958
12.958
12.958
13.0356
13.0356
13.0356
13.0356
13.0356
13.0356
13.0356
13.0356
13.0356
13.0356
13.1095
13.1095
13.1095
13.1095
13.1095
13.1095
13.1095
13.1095
13.1095
13.1095
13.1917
13.1917
13.1917
13.1917
13.1917
13.1917
13.1917
13.1917
13.1917
13.1917
13.2712
13.2712
13.2712
13.2712
13.2712
13.2712
13.2712
13.2712
13.2712
13.2712
13.3468
13.3468
13.3468
13.3468
13.3468
13.3468
13.3468
13.3468
13.3468
13.3468
13.4366
13.4366
13.4366
13.4366
13.4366
13.4366
13.4366
13.4366
13.4366
13.5089
13.5089
13.5089
13.5089
13.5089
13.5089
13.5089
13.5089
13.5089
13.5089
13.5902
13.5902
13.5902
13.5902
13.5902
13.5902
13.5902
13.5902
13.5902
13.5902
13.6718
13.6718
13.6718
13.6718
13.6718
13.6718
13.6718
13.6718
13.6718
13.6718
13.6718
13.7476
13.7476
13.7476
13.7476
13.7476
13.7476
13.7476
13.7476
13.7476
13.7476
13.7476
13.7476
13.8216
13.8216
13.8216
13.8216
13.8216
13.8216
13.8216
13.8216
13.8216
13.8216
13.8959
13.8959
13.8959
13.8959
13.8959
13.8959
13.8959
13.8959
13.8959
13.8959
13.8959
13.9787
13.9787
13.9787
13.9787
13.9787
13.9787
13.9787
13.9787
13.9787
13.9787
13.9787
13.9787
14.059
14.059
14.059
14.059
14.059
14.059
14.059
14.059
14.059
14.059
14.059
14.059
14.059
14.059
14.1353
14.1353
14.1353
14.1353
14.1353
14.1353
14.1353
14.1353
14.1353
14.1353
14.1353
14.1353
14.1353
14.1353
14.1353
14.1353
14.1353
14.2287
14.2287
14.2287
14.2287
14.2287
14.2287
14.2287
14.2287
14.2287
14.2287
14.2287
14.2287
14.2287
14.2287
14.2992
14.2992
14.2992
14.2992
14.2992
14.2992
14.2992
14.2992
14.2992
14.2992
14.2992
14.2992
14.2992
14.2992
14.3778
14.3778
14.3778
14.3778
14.3778
14.3778
14.3778
14.3778
14.3778
14.3778
14.3778
14.4491
14.4491
14.4491
14.4491
14.4491
14.4491
14.4491
14.4491
14.4491
14.4491
14.5251
14.5251
14.5251
14.5251
14.5251
14.5251
14.5251
14.5251
14.5251
14.5251
14.5251
14.5251
14.5251
14.5981
14.5981
14.5981
14.5981
14.5981
14.5981
14.5981
14.5981
14.5981
14.5981
14.5981
14.5981
14.5981
14.5981
14.6729
14.6729
14.6729
14.7559
14.7559
14.7559
14.7559
14.7559
14.7559
14.7559
14.7559
14.7559
14.7559
14.7559
14.8888
14.8888
14.8888
14.8888
14.8888
14.8888
14.8888
14.8888
14.8888
14.8888
14.8888
14.8888
14.8888
14.9271
14.9271
14.9271
14.9271
14.9271
14.9271
14.9271
14.9271
14.9271
14.9271
14.9271
14.9855
14.9855
14.9855
14.9855
14.9855
14.9855
14.9855
14.9855
14.9855
14.9855
15.0558
15.0558
15.0558
15.0558
15.0558
15.0558
15.0558
15.0558
15.0558
15.0558
15.0558
15.0558
15.0558
15.0558
15.1302
15.1302
15.1302
15.1302
15.1302
15.1302
15.1302
15.1302
15.1302
15.1302
15.1302
15.1302
15.1302
15.1302
15.1302
15.1302
15.2165
15.2165
15.2165
15.2165
15.2165
15.2165
15.2165
15.2165
15.2165
15.2165
15.2165
15.2165
15.2165
15.2165
15.2165
15.2165
15.3075
15.3075
15.3075
15.3075
15.3075
15.3075
15.3075
15.3075
15.3075
15.3075
15.3075
15.3075
15.3075
15.3075
15.3075
15.3075
15.3075
15.3781
15.3781
15.3781
15.3781
15.3781
15.3781
15.3781
15.3781
15.3781
15.3781
15.3781
15.3781
15.3781
15.3781
15.4608
15.4608
15.4608
15.4608
15.4608
15.4608
15.4608
15.4608
15.4608
15.4608
15.4608
15.4608
15.4608
15.5345
15.5345
15.5345
15.5345
15.5345
15.5345
15.5345
15.5345
15.5345
15.5345
15.5345
15.5345
15.5345
15.5345
15.6073
15.6073
15.6073
15.6073
15.6073
15.6073
15.6073
15.6073
15.6073
15.6073
15.6073
15.6073
15.6073
15.6073
15.6887
15.6887
15.6887
15.6887
15.6887
15.6887
15.6887
15.6887
15.6887
15.6887
15.6887
15.6887
15.6887
15.6887
15.6887
15.7576
15.7576
15.7576
15.7576
15.7576
15.7576
15.7576
15.7576
15.7576
15.7576
15.7576
15.7576
15.7576
15.7576
15.7576
15.7576
15.7576
15.8412
15.8412
15.8412
15.8412
15.8412
15.8412
15.8412
15.8412
15.8412
15.8412
15.8412
15.8412
15.8412
15.8412
15.8412
15.8412
15.8412
15.9314
15.9314
15.9314
15.9314
15.9314
15.9314
15.9314
15.9314
15.9314
15.9314
15.9314
15.9314
15.9314
16.0122
16.0122
16.0122
16.0122
16.0122
16.0122
16.0122
16.0122
16.0122
16.0955
16.0955
16.0955
16.0955
16.0955
16.0955
16.0955
16.0955
16.0955
16.0955
16.2461
16.2461
16.2461
16.2461
16.2461
16.2461
16.2461
16.2461
16.2461
16.3306
16.3306
16.3306
16.3306
16.3306
16.3306
16.3306
16.3306
16.3306
16.3306
16.4049
16.4049
16.4049
16.4049
16.4049
16.4049
16.4049
16.4049
16.4049
16.4049
16.4049
16.4049
16.484
16.484
16.484
16.484
16.484
16.484
16.484
16.484
16.484
16.484
16.484
16.484
16.484
16.484
16.5777
16.5777
16.5777
16.5777
16.5777
16.5777
16.5777
16.5777
16.5777
16.7304
16.7304
16.7304
16.7304
16.7304
16.7304
16.7304
16.7304
16.8153
16.8153
16.8153
16.8153
16.8153
16.8153
16.8153
16.8153
16.903
16.903
16.903
16.903
16.903
16.903
16.903
16.903
16.9866
16.9866
16.9866
16.9866
16.9866
16.9866
17.0682
17.0682
17.0682
17.0682
17.0682
17.0682
17.0682
17.1588
17.1588
17.1588
17.1588
17.1588
17.2274
17.2274
17.2274
17.2274
17.2274
17.2274
17.2274
17.2274
17.2274
17.3115
17.3115
17.3115
17.3115
17.3115
17.3115
17.3115
17.3115
17.3115
17.3855
17.3855
17.3855
17.3855
17.3855
17.3855
17.3855
17.3855
17.3855
17.4695
17.4695
17.4695
17.4695
17.4695
17.4695
17.4695
17.4695
17.5498
17.5498
17.5498
17.5498
17.5498
17.5498
17.5498
17.5498
17.6444
17.6444
17.6444
17.6444
17.6444
17.6444
17.6444
17.6444
17.6444
17.7232
17.7232
17.7232
17.7232
17.7232
17.7232
17.7232
17.7232
17.7972
17.7972
17.7972
17.7972
17.7972
17.7972
17.7972
17.7972
17.7972
17.8873
17.8873
17.8873
17.8873
17.8873
17.8873
17.8873
17.8873
17.9652
17.9652
17.9652
17.9652
17.9652
17.9652
17.9652
17.9652
17.9652
17.9652
18.0445
18.0445
18.0445
18.0445
18.0445
18.0445
18.0445
18.0445
18.0445
18.0445
18.1251
18.1251
18.1251
18.1251
18.1251
18.1251
18.1251
18.1251
18.1251
18.2103
18.2103
18.2103
18.2103
18.2103
18.2103
18.2103
18.2103
18.2103
18.2103
18.2103
18.2103
18.364
18.364
18.364
18.364
18.364
18.364
18.364
18.364
18.364
18.364
18.4461
18.4461
18.4461
18.4461
18.4461
18.4461
18.4461
18.4461
18.4461
18.4461
18.4461
18.4461
18.5268
18.5268
18.5268
18.5268
18.5268
18.5268
18.5268
18.5268
18.5268
18.5268
18.5268
18.5268
18.6111
18.6111
18.6111
18.6111
18.6111
18.6111
18.6111
18.6111
18.6111
18.6111
18.6111
18.6111
18.6111
18.6834
18.6834
18.6834
18.6834
18.6834
18.6834
18.6834
18.6834
18.6834
18.6834
18.6834
18.6834
18.6834
18.7748
18.7748
18.7748
18.7748
18.7748
18.7748
18.7748
18.7748
18.7748
18.7748
18.7748
18.7748
18.7748
18.7748
18.85
18.85
18.85
18.85
18.85
18.85
18.85
18.85
18.85
18.85
18.85
18.85
18.85
18.85
18.85
18.85
18.85
18.9263
18.9263
18.9263
18.9263
18.9263
18.9263
18.9263
18.9263
18.9263
18.9263
18.9263
18.9263
18.9263
18.9263
18.9263
18.9263
18.9263
19.7187
19.7187
19.7187
19.7187
19.7187
19.7187
19.7187
19.7187
19.7187
19.7187
19.7187
19.7187
19.7953
19.7953
19.7953
19.7953
19.7953
19.7953
19.7953
19.7953
19.7953
19.7953
19.7953
19.7953
19.7953
19.8828
19.8828
19.8828
19.8828
19.8828
19.8828
19.8828
19.8828
19.8828
19.8828
19.8828
19.8828
19.8828
19.8828
19.9594
19.9594
19.9594
19.9594
19.9594
19.9594
19.9594
19.9594
19.9594
19.9594
19.9594
19.9594
19.9594
20.0494
20.0494
20.0494
20.0494
20.0494
20.0494
20.0494
20.0494
20.0494
20.0494
20.1316
20.1316
20.1316
20.1316
20.1316
20.1316
20.1316
20.1316
20.1316
20.1316
20.2101
20.2101
20.2101
20.2101
20.2101
20.2101
20.2101
20.2887
20.2887
20.2887
20.3755
20.3755
20.3755
20.3755
20.3755
20.3755
20.3755
20.3755
20.3755
20.3755
20.4571
20.4571
20.4571
20.4571
20.4571
20.4571
20.4571
20.4571
20.5403
20.5403
20.5403
20.5403
20.5403
20.5403
20.5403
20.6201
20.6201
20.6201
20.6201
20.6201
20.6201
20.6201
20.6201
20.6201
20.7698
20.7698
20.7698
20.7698
20.7698
20.7698
20.7698
20.7698
20.7698
20.7698
20.8399
20.8399
20.8399
20.8399
20.8399
20.8399
20.8399
20.8399
20.8399
20.9376
20.9376
20.9376
20.9376
20.9376
20.9376
20.9376
20.9376
20.9376
20.9376
21.0081
21.0081
21.0081
21.0081
21.0081
21.0081
21.0081
21.0081
21.0081
21.0907
21.0907
21.0907
21.0907
21.0907
21.0907
21.0907
21.0907
21.0907
21.0907
21.1683
21.1683
21.1683
21.1683
21.1683
21.1683
21.1683
21.1683
21.1683
21.1683
21.2576
21.2576
21.2576
21.2576
21.2576
21.2576
21.2576
21.2576
21.2576
21.3333
21.3333
21.3333
21.3333
21.3333
21.3333
21.3333
21.3333
21.3333
21.3333
21.3333
21.4231
21.4231
21.4231
21.4231
21.4231
21.4231
21.4231
21.4231
21.4231
21.5024
21.5024
21.5024
21.5024
21.5024
21.5024
21.5024
21.5024
21.5024
21.5024
21.5024
21.5024
21.5024
21.5815
21.5815
21.5815
21.5815
21.5815
21.5815
21.5815
21.5815
21.5815
21.5815
21.6668
21.6668
21.6668
21.6668
21.6668
21.6668
21.6668
21.6668
21.6668
21.6668
21.6668
21.6668
21.6668
21.755
21.755
21.755
21.755
21.755
21.755
21.755
21.755
21.755
21.755
21.755
21.755
21.8333
21.8333
21.8333
21.8333
21.8333
21.8333
21.8333
21.8333
21.8333
21.8333
21.8333
21.9181
21.9181
21.9181
21.9181
21.9181
21.9181
21.9181
21.9181
21.9181
21.9181
21.9181
21.9181
21.9985
21.9985
21.9985
21.9985
21.9985
21.9985
21.9985
21.9985
21.9985
21.9985
21.9985
21.9985
21.9985
22.0942
22.0942
22.0942
22.0942
22.0942
22.0942
22.0942
22.0942
22.0942
22.0942
22.0942
22.1817
22.1817
22.1817
22.1817
22.1817
22.1817
22.1817
22.1817
22.1817
22.1817
22.1817
22.1817
22.265
22.265
22.265
22.265
22.265
22.265
22.265
22.265
22.265
22.265
22.265
22.265
22.3359
22.3359
22.3359
22.3359
22.3359
22.3359
22.3359
22.3359
22.3359
22.3359
22.3359
22.3359
22.3359
22.4153
22.4153
22.4153
22.4153
22.4153
22.4153
22.4153
22.4153
22.4153
22.4153
22.4153
22.4153
22.4153
22.4153
22.4986
22.4986
22.4986
22.4986
22.4986
22.4986
22.4986
22.4986
22.4986
22.4986
22.4986
22.4986
22.5747
22.5747
22.5747
22.5747
22.5747
22.5747
22.5747
22.5747
22.5747
22.5747
22.5747
22.5747
22.5747
22.5747
22.6572
22.6572
22.6572
22.6572
22.6572
22.6572
22.6572
22.6572
22.6572
22.6572
22.6572
22.6572
22.6572
22.6572
22.7388
22.7388
22.7388
22.7388
22.7388
22.7388
22.7388
22.7388
22.7388
22.7388
22.7388
22.8285
22.8285
22.8285
22.8285
22.8285
22.8285
22.8285
22.8285
22.8285
22.8285
22.8285
22.9054
22.9054
22.9054
22.9054
22.9054
22.9054
22.9054
22.9054
22.9054
22.9054
22.9054
22.9054
22.9843
22.9843
22.9843
22.9843
22.9843
22.9843
22.9843
22.9843
22.9843
22.9843
22.9843
23.0589
23.0589
23.0589
23.0589
23.0589
23.0589
23.0589
23.0589
23.0589
23.0589
23.0589
23.0589
23.0589
23.1363
23.1363
23.1363
23.1363
23.1363
23.1363
23.1363
23.1363
23.1363
23.1363
23.1363
23.1363
23.1363
23.2091
23.2091
23.2091
23.2091
23.2091
23.2091
23.2091
23.2091
23.2091
23.2091
23.2091
23.2841
23.2841
23.2841
23.2841
23.2841
23.2841
23.2841
23.2841
23.2841
23.2841
23.2841
23.2841
23.364
23.364
23.364
23.364
23.364
23.364
23.364
23.364
23.364
23.364
23.364
23.364
23.364
23.4521
23.4521
23.4521
23.4521
23.4521
23.4521
23.4521
23.4521
23.4521
23.4521
23.4521
23.4521
23.4521
23.5349
23.5349
23.5349
23.5349
23.5349
23.5349
23.5349
23.5349
23.5349
23.5349
23.5349
23.5349
23.6138
23.6138
23.6138
23.6138
23.6138
23.6138
23.6138
23.6138
23.6138
23.6138
23.6928
23.6928
23.6928
23.6928
23.6928
23.6928
23.6928
23.6928
23.6928
23.6928
23.7854
23.7854
23.7854
23.7854
23.7854
23.7854
23.7854
23.7854
23.7854
23.7854
23.8449
23.8449
23.8449
23.8449
23.8449
23.8449
23.8449
23.8449
23.8449
23.8449
23.8449
23.9235
23.9235
23.9235
23.9235
23.9235
23.9235
23.9235
23.9235
23.9235
23.9235
23.9235
23.9997
23.9997
23.9997
23.9997
23.9997
23.9997
23.9997
23.9997
23.9997
23.9997
23.9997
23.9997
24.0785
24.0785
24.0785
24.0785
24.0785
24.0785
24.0785
24.0785
24.0785
24.0785
24.0785
24.0785
24.1616
24.1616
24.1616
24.1616
24.1616
24.1616
24.1616
24.1616
24.1616
24.1616
24.1616
24.1616
24.1616
24.2308
24.2308
24.2308
24.2308
24.2308
24.2308
24.2308
24.2308
24.2308
24.2308
24.2308
24.2308
24.2308
24.2308
24.3257
24.3257
24.3257
24.3257
24.3257
24.3257
24.3257
24.3257
24.3257
24.3257
24.3257
24.3257
24.3257
24.4205
24.4205
24.4205
24.4205
24.4205
24.4205
24.4205
24.4205
24.4205
24.4205
24.4205
24.4205
24.524
24.524
24.524
24.524
24.524
24.524
24.524
24.524
24.524
24.524
24.524
24.6026
24.6026
24.6026
24.6026
24.6026
24.6026
24.6026
24.6026
24.6026
24.6026
24.6026
24.6026
24.6924
24.6924
24.6924
24.6924
24.6924
24.6924
24.6924
24.6924
24.6924
24.6924
24.6924
24.6924
24.7719
24.7719
24.7719
24.7719
24.7719
24.7719
24.7719
24.7719
24.7719
24.7719
24.7719
24.7719
24.8584
24.8584
24.8584
24.8584
24.8584
24.8584
24.8584
24.8584
24.8584
24.8584
24.8584
24.8584
24.8584
24.9299
24.9299
24.9299
24.9299
24.9299
24.9299
24.9299
24.9299
24.9299
24.9299
24.9299
24.9299
24.9299
24.9299
24.9299
24.9299
25.0048
25.0048
25.0048
25.0048
25.0048
25.0048
25.0048
25.0048
25.0048
25.0048
25.0048
25.0048
25.0048
25.0048
25.0048
25.0048
25.1634
25.1634
25.1634
25.1634
25.1634
25.1634
25.1634
25.1634
25.1634
25.1634
25.1634
25.1634
25.2484
25.2484
25.2484
25.2484
25.2484
25.2484
25.2484
25.2484
25.2484
25.2484
25.2484
25.2484
25.2484
25.329
25.329
25.329
25.329
25.329
25.329
25.329
25.329
25.329
25.329
25.329
25.329
25.329
25.329
25.329
25.329
25.4742
25.4742
25.4742
25.4742
25.4742
25.4742
25.4742
25.4742
25.4742
25.5516
25.5516
25.5516
25.5516
25.5516
25.5516
25.5516
25.5516
25.5516
25.5516
25.5516
25.5516
25.5516
25.5516
25.6308
25.6308
25.6308
25.6308
25.6308
25.6308
25.6308
25.6308
25.6308
25.6308
25.6308
25.6308
25.6308
25.7052
25.7052
25.7052
25.7052
25.7052
25.7052
25.7052
25.7052
25.7052
25.7052
25.7052
25.7052
25.7052
25.7052
25.7052
25.7052
25.7895
25.7895
25.7895
25.7895
25.7895
25.7895
25.7895
25.7895
25.7895
25.7895
25.7895
25.7895
25.7895
25.7895
25.8749
25.8749
25.8749
25.8749
25.8749
25.8749
25.8749
25.8749
25.8749
25.8749
25.8749
25.8749
25.8749
25.9583
25.9583
25.9583
25.9583
25.9583
25.9583
25.9583
25.9583
25.9583
25.9583
25.9583
25.9583
26.044
26.044
26.044
26.044
26.044
26.044
26.044
26.044
26.044
26.044
26.044
26.1864
26.1864
26.1864
26.1864
26.1864
26.2681
26.2681
26.2681
26.2681
26.2681
26.2681
26.2681
26.2681
26.2681
26.2681
26.2681
26.3365
26.3365
26.3365
26.3365
26.3365
26.3365
26.3365
26.3365
26.3365
26.3365
26.3365
26.3365
26.4314
26.4314
26.4314
26.4314
26.4314
26.4314
26.5205
26.5205
26.5205
26.5205
26.5205
26.5205
26.5205
26.5205
26.5205
26.5205
26.5945
26.5945
26.5945
26.5945
26.5945
26.5945
26.5945
26.5945
26.5945
26.5945
26.6713
26.6713
26.6713
26.6713
26.6713
26.6713
26.6713
26.6713
26.6713
26.6713
26.7592
26.7592
26.7592
26.7592
26.7592
26.7592
26.7592
26.7592
26.7592
26.7592
26.8425
26.8425
26.8425
26.8425
26.8425
26.8425
26.8425
26.8425
26.9425
26.9425
26.9425
26.9425
26.9425
26.9425
26.9425
26.9425
27.0628
27.0628
27.0628
27.0628
27.0628
27.0628
27.0628
27.0628
27.0628
27.0628
27.0628
27.109
27.109
27.109
27.109
27.109
27.109
27.109
27.109
27.109
27.109
27.109
27.109
27.1972
27.1972
27.1972
27.1972
27.1972
27.1972
27.1972
27.1972
27.1972
27.2754
27.2754
27.2754
27.2754
27.2754
27.2754
27.2754
27.2754
27.2754
27.2754
27.2754
27.2754
27.2754
27.2754
27.3614
27.3614
27.3614
27.3614
27.3614
27.3614
27.3614
27.3614
27.4363
27.4363
27.4363
27.4363
27.4363
27.4363
27.4363
27.4363
27.5239
27.5239
27.5239
27.5239
27.5239
27.5239
27.5239
27.5239
27.5239
27.5239
27.5239
27.6205
27.6205
27.6205
27.6205
27.6205
27.6205
27.6205
27.6205
27.6205
27.6205
27.6712
27.6712
27.6712
27.6712
27.6712
27.6712
27.6712
27.6712
27.6712
27.6712
27.6712
27.7671
27.7671
27.7671
27.7671
27.7671
27.7671
27.7671
27.7671
27.8368
27.8368
27.8368
27.8368
27.8368
27.8368
27.8368
27.9127
27.9127
27.9127
27.9127
27.9127
27.9127
27.9127
27.9915
27.9915
27.9915
27.9915
27.9915
27.9915
27.9915
28.0688
28.0688
28.0688
28.0688
28.0688
28.0688
28.1419
28.1419
28.1419
28.1419
28.1419
28.1419
28.1419
28.2274
28.2274
28.2274
28.2274
28.2274
28.2274
28.2274
28.3035
28.3035
28.3035
28.3035
28.3035
28.3809
28.3809
28.3809
28.3809
28.3809
28.3809
28.4594
28.4594
28.4594
28.4594
28.4594
28.4594
28.5402
28.5402
28.6173
28.6173
28.7034
28.7034
28.7034
28.7034
28.7034
28.8327
28.8327
28.8327
28.8327
28.8327
28.8327
28.8327
28.9356
28.9356
28.9356
28.9356
28.9356
29.025
29.025
29.025
29.025
29.025
29.025
29.0953
29.0953
29.0953
29.0953
29.0953
29.0953
29.1772
29.1772
29.1772
29.1772
29.1772
29.1772
29.1772
29.2582
29.2582
29.2582
29.2582
29.2582
29.2582
29.2582
29.2582
29.3388
29.3388
29.3388
29.3388
29.3388
29.3388
29.3388
29.4149
29.4149
29.4149
29.4149
29.4149
29.4149
29.4149
29.4982
29.4982
29.4982
29.4982
29.4982
29.4982
29.5818
29.5818
29.5818
29.5818
29.5818
29.5818
29.5818
29.5818
29.6796
29.6796
29.6796
29.6796
29.6796
29.6796
29.6796
29.6796
29.7347
29.7347
29.7347
29.7347
29.7347
29.7347
29.7347
29.7347
29.8212
29.8212
29.8212
29.8212
29.8212
29.8212
29.8212
29.9498
29.9498
29.9498
29.9498
29.9498
29.9498
29.9498
29.9498
29.9985
29.9985
29.9985
29.9985
29.9985
29.9985
29.9985
30.0797
30.0797
30.0797
30.0797
30.0797
30.0797
30.0797
30.0797
30.1667
30.1667
30.1667
30.1667
30.1667
30.1667
30.1667
30.1667
30.1667
30.2497
30.2497
30.2497
30.2497
30.2497
30.2497
30.2497
30.2497
30.3295
30.3295
30.3295
30.3295
30.3295
30.3295
30.3295
30.3295
30.41
30.41
30.41
30.41
30.41
30.41
30.41
30.4941
30.4941
30.4941
30.4941
30.4941
30.4941
