-9.32103e-09
-1.8739e-08
-2.76051e-08
-3.73994e-08
-3.90838e-08
-3.03197e-08
-3.86038e-08
-4.63718e-08
-5.6713e-08
-7.43171e-08
-4.99436e-08
-5.73214e-08
-6.37673e-08
-7.44697e-08
-1.07765e-07
-6.7905e-08
-7.29039e-08
-8.06349e-08
-9.08962e-08
-1.33177e-07
-8.47549e-08
-8.86136e-08
-9.42047e-08
-1.063e-07
-1.60408e-07
-9.84909e-08
-1.07608e-07
-1.09237e-07
-1.18338e-07
-1.26946e-07
-1.96678e-07
-1.23385e-07
-1.28178e-07
-1.26416e-07
-1.37338e-07
-1.45915e-07
-2.37064e-07
-1.42909e-07
-1.48668e-07
-1.48787e-07
-1.55016e-07
-1.62377e-07
-2.57743e-07
-1.60877e-07
-1.63017e-07
-1.65461e-07
-1.67704e-07
-1.78517e-07
-2.85805e-07
-1.77457e-07
-2.00754e-07
-2.26144e-07
-2.5131e-07
-2.81418e-07
-4.09713e-07
-2.62575e-07
-4.90012e-07
-5.30985e-07
-5.73643e-07
-6.01802e-07
-1.95613e-07
-5.80834e-07
-1.17181e-06
-1.3284e-06
-1.47433e-06
-1.56294e-06
1.21722e-07
-1.42851e-06
-6.29781e-06
-7.52119e-06
-8.28405e-06
-8.79826e-06
1.64197e-06
-7.47749e-06
1.27466e-06
2.71696e-06
-1.68921e-05
2.63579e-06
-2.2028e-05
-2.64108e-05
-2.93461e-05
-3.80811e-06
-3.11303e-05
-3.43771e-05
-3.65722e-05
-3.90544e-05
-1.89746e-05
-5.30847e-06
-3.90811e-05
-4.2162e-05
-4.66197e-05
-4.78759e-05
-1.02773e-05
-5.02144e-05
-5.42424e-05
-5.78519e-05
-5.91349e-05
-1.44216e-05
-5.79657e-05
-6.13889e-05
-6.63972e-05
-6.79125e-05
-6.8588e-05
-1.74416e-05
-7.13192e-05
-7.42776e-05
-8.0727e-05
-8.28802e-05
-8.3686e-05
-2.27599e-05
-8.55038e-05
-9.08958e-05
-9.35477e-05
-9.73991e-05
-2.32223e-05
-9.61513e-05
-0.00010374
-0.000109431
-0.000112884
-0.000117415
-3.30885e-05
-0.000127447
-0.00012863
-0.000131617
-0.000133198
-0.000135188
-4.17539e-05
-0.000140307
-0.000138047
-0.00013944
-0.000141056
-0.000140261
-2.68749e-05
-4.13718e-05
-0.000133018
-0.000141117
-0.000142138
-0.000150575
-0.000144674
-2.96354e-05
-4.01245e-05
-0.000148388
-0.000148118
-0.000153525
-0.000155624
-0.000159081
-3.18954e-05
-4.59298e-05
-0.000157743
-0.000160271
-0.000162741
-0.000163164
-0.000166094
-3.34213e-05
-4.39042e-05
-0.000173167
-0.000178292
-0.000185126
-0.00019202
-0.000193451
-3.69889e-05
-4.91165e-05
-0.000189794
-0.000204762
-0.000217874
-0.000215297
-0.000216805
-3.98473e-05
-1.85065e-05
-5.55956e-05
-0.000202849
-0.000215188
-0.000222711
-0.000224354
-0.000219723
-4.0982e-05
-2.02532e-05
-5.97909e-05
-0.000203401
-0.000220625
-0.000226413
-0.000228062
-0.000223196
-4.33443e-05
-6.6799e-05
-0.000228689
-0.000233708
-0.00023767
-0.000238355
-0.000230665
-4.18234e-05
-7.06911e-05
-0.000231739
-0.000246636
-0.000249841
-0.000252543
-0.000240187
-4.79428e-05
-2.37313e-05
-7.22105e-05
-0.000238484
-0.000250428
-0.000265123
-0.000260569
-0.000244284
-4.88093e-05
-7.50043e-05
-0.000251294
-0.00026582
-0.00028179
-0.000277257
-0.000259716
-4.96665e-05
-7.95241e-05
-0.000271045
-0.00027413
-0.000289509
-0.000282407
-0.000264447
-5.25796e-05
-8.08912e-05
-0.000282776
-0.000282455
-0.000300782
-0.00028731
-0.000293171
-5.38902e-05
-8.2903e-05
-0.000289911
-0.000296112
-0.000316383
-0.00030276
-0.000309629
-5.35817e-05
-2.58591e-05
-8.15019e-05
-0.000316774
-0.000303788
-0.000327939
-0.000326541
-0.00032614
-5.53948e-05
-8.13966e-05
-0.000337843
-0.000358759
-0.000375369
-0.000377486
-0.000379337
-6.43227e-05
-2.64071e-05
-9.48192e-05
-0.000346121
-0.000359524
-0.00038164
-0.000379447
-0.000374233
-6.72157e-05
-2.64188e-05
-9.40101e-05
-0.000355594
-0.000392089
-0.000416787
-0.00041136
-0.000398588
-6.70329e-05
-2.80321e-05
-0.000100531
-0.000383801
-0.000405199
-0.000428219
-0.000420068
-0.00040511
-7.06979e-05
-3.12396e-05
-0.000102897
-0.000387386
-0.000407125
-0.000424813
-0.000424488
-0.000432226
-6.77687e-05
-3.1604e-05
-0.000107259
-0.00039861
-0.00042601
-0.000449089
-0.000439741
-0.000434651
-7.53851e-05
-0.00011163
-0.000423564
-0.000452683
-0.000465177
-0.000467018
-0.000461454
-7.58783e-05
-3.07481e-05
-0.000110364
-0.000433665
-0.000471424
-0.000492052
-0.00049284
-0.000489062
-7.17099e-05
-3.34735e-05
-0.000465214
-0.000118218
-0.000449945
-0.000488885
-0.000491425
-0.00049233
-0.000503091
-9.14267e-05
-3.30522e-05
-0.000475655
-0.000124367
-0.000487645
-0.000512902
-0.000512669
-0.000510884
-0.000529339
-8.711e-05
-3.4001e-05
-0.00049417
-0.000126615
-0.000492049
-0.000530467
-0.000543574
-0.000514725
-0.000533615
-9.65194e-05
-3.47671e-05
-0.000513166
-0.000131232
-0.000545622
-0.000551793
-0.000575641
-0.000567576
-0.000581569
-9.56699e-05
-3.20576e-05
-0.00053477
-0.000126002
-0.000587719
-0.000607741
-0.000646503
-0.000658784
-0.000679942
-0.000105689
-3.9721e-05
-0.000598951
-0.000148357
-0.000645734
-0.000646757
-0.000678954
-0.000658232
-0.000677863
-9.33857e-05
-3.47529e-05
-0.000616872
-0.000153688
-0.00066229
-0.000660111
-0.00070264
-0.000687855
-0.000683394
-0.000106659
-4.31958e-05
-0.000624935
-0.000151601
-0.000672635
-0.000685396
-0.000718245
-0.000723723
-0.000723847
-0.000106258
-4.40662e-05
-0.000654463
-0.000153961
-0.000727228
-0.000718606
-0.000784559
-0.000766071
-0.000799733
-0.000117687
-4.52721e-05
-0.00068512
-0.000166148
-0.000765451
-0.000748851
-0.000808513
-0.000766489
-0.000819101
-0.000118416
-3.73845e-05
-0.000703349
-0.000162871
-0.000786242
-0.000777937
-0.000854571
-0.00084713
-0.000873163
-0.000121091
-3.9153e-05
-0.000738467
-0.000778341
-0.000181795
-0.0008475
-0.000856652
-0.000900518
-0.000879716
-0.000897953
-0.000127992
-4.03853e-05
-0.000769339
-0.000803738
-0.000172022
-0.000911297
-0.000955481
-0.00101789
-0.00103095
-0.00106577
-0.000142366
-5.76542e-05
-0.000189311
-0.000939262
-0.00088204
-0.000999269
-0.00100041
-0.0010259
-0.000138963
-4.24586e-05
-0.000913491
-0.00019498
-0.000997231
-0.000903182
-0.00101836
-0.00101605
-0.00115239
-4.85693e-05
-0.00112151
-0.000192614
-0.00100931
-0.000934
-4.53326e-05
-0.000979518
-0.00305417
-5.24717e-05
-0.000193783
-4.31319e-05
-0.000732368
-4.1699e-05
-0.000752719
-0.00220929
-4.44328e-05
-0.000162151
-3.7847e-05
-0.00176096
-3.91823e-05
-1.78445e-05
-0.00172447
-1.99764e-05
-0.000145251
0.000137822
-0.00181837
-9.49008e-05
-1.83933e-05
-0.000137587
-0.000132314
0.000130059
-4.81138e-05
-0.000163726
-0.00012792
0.000130818
-2.66923e-05
-0.000181242
-0.000123772
0.000134013
-3.62598e-05
-0.000197012
0.000622771
-0.000123568
0.000148315
-1.00824e-05
-4.1752e-05
0.000300818
-0.000114887
0.000154991
6.81335e-07
-1.24067e-05
0.000337549
-0.000111549
0.000168514
1.21544e-05
-1.13563e-05
0.000536652
-0.000106613
0.000189216
2.71527e-05
2.81039e-06
0.000639616
-0.00011226
0.000221966
1.78344e-05
6.05756e-06
0.000677449
-0.000124621
0.000243962
2.11584e-05
-7.8976e-07
0.000201911
-0.000125256
0.000264434
2.14457e-05
-3.32577e-06
0.00017849
-0.00012171
0.000275631
5.71831e-05
-5.07917e-06
0.00102183
-0.000126182
0.000264756
4.45899e-05
9.05897e-06
0.00128754
3.45534e-05
-0.000125735
0.000224014
5.13755e-05
4.44536e-06
0.00103658
2.3672e-05
-0.000127062
0.000194375
4.76478e-05
-1.90559e-08
6.609e-06
0.00141382
-0.000120407
9.32552e-05
4.30451e-05
-9.11667e-06
-4.01823e-06
0.00102951
-0.000109688
-2.09879e-05
4.28494e-05
-1.70076e-05
-1.98114e-05
0.00116056
-3.80026e-06
-9.70204e-05
-0.000143699
2.88419e-05
-2.48126e-05
-3.633e-05
-0.000617922
-0.000134355
-0.00165641
-0.000266045
3.14801e-05
-3.03177e-05
-5.33067e-05
-0.00206982
-0.000258769
-0.00254831
-0.000342825
5.2319e-05
-3.43011e-05
-6.28881e-05
-0.00304866
-0.000337591
-0.00381292
-0.000372657
3.83435e-05
-3.55919e-05
-6.66475e-05
-0.00362205
-0.000867968
