-2.09976e-08
-3.25672e-08
-4.70221e-08
-4.09983e-08
-3.953e-08
-5.3445e-08
-6.91476e-07
-7.04679e-07
-8.61766e-07
1.83588e-07
-7.4757e-07
-8.75711e-07
-1.01853e-06
-2.64807e-06
-2.38983e-06
-2.73095e-06
3.117e-07
-2.4315e-06
-2.6358e-06
-2.89032e-06
-4.13499e-06
-2.58273e-06
-8.28617e-06
-7.29161e-06
-1.32521e-06
-1.31668e-05
-1.66176e-06
-1.40981e-05
-1.69939e-06
-1.99617e-05
-2.94222e-06
-2.08751e-05
-2.62548e-06
-3.55027e-05
-3.05508e-05
-7.09255e-06
-3.13169e-05
-4.72578e-06
-4.83926e-05
-4.30423e-05
-1.04646e-05
-4.24531e-05
-6.58449e-06
-4.07051e-05
-4.34883e-05
-5.35246e-05
-1.32079e-05
-5.07633e-05
-8.1176e-06
-4.87467e-05
-5.2481e-05
-8.83971e-05
-7.72971e-05
-1.90567e-05
-7.06237e-05
-1.13427e-05
-6.66585e-05
-7.09266e-05
-8.82688e-05
-2.08127e-05
-8.01866e-05
-1.24869e-05
-7.56677e-05
-8.09303e-05
-0.000113254
-9.44584e-05
-2.79436e-05
-9.60701e-05
-1.6692e-05
-8.50199e-05
-8.89417e-05
-0.000127376
-0.000112029
-3.1733e-05
-0.000107686
-1.72425e-05
-0.000100721
-9.94594e-05
-0.000120377
-3.21884e-05
-0.000114469
-2.01688e-05
-0.000110184
-0.000106678
-0.000154901
-0.000121899
-3.77987e-05
-0.000129728
-2.33857e-05
-0.000120053
-0.000119435
-0.00016864
-0.000144905
-4.23912e-05
-0.000135935
-2.61772e-05
-0.000131987
-0.000134906
-0.000185559
-0.000158905
-4.62901e-05
-0.000156533
-2.84264e-05
-0.000144612
-0.000147902
-0.000206763
-0.000179001
-5.09496e-05
-0.000172412
-2.80002e-05
-0.000157641
-0.000164565
-0.000223859
-0.000195323
-5.61519e-05
-0.000183441
-3.07412e-05
-0.000171837
-0.000175606
-0.000243775
-0.00021035
-6.07261e-05
-0.000200662
-3.44049e-05
-0.000179534
-0.000188156
-0.000259319
-0.000226137
-6.5098e-05
-0.000216057
-3.74236e-05
-0.000194092
-0.000210045
-0.000277529
-0.000248003
-6.92104e-05
-0.000227553
-3.93829e-05
-0.000215903
-0.000227736
-0.000297519
-0.000268241
-7.45955e-05
-0.000244049
-4.15038e-05
-0.000226215
-0.000243191
-0.000320197
-0.000283223
-7.93913e-05
-0.000259203
-4.30273e-05
-0.000240581
-0.000254098
-0.000331625
-0.000285479
-8.41961e-05
-0.000273256
-4.72277e-05
-0.00025212
-0.00027179
-0.000349622
-0.000306108
-8.72505e-05
-0.000290259
-4.90772e-05
-0.000264555
-0.000274535
-2.43475e-05
-0.000355594
-0.000311411
-8.80096e-05
-0.000296066
-4.86079e-05
-0.000272021
-0.000282478
-2.38827e-05
-0.00036768
-0.000323589
-8.98655e-05
-0.000302292
-4.79455e-05
-0.000283954
-0.00029361
-2.33916e-05
-0.000393998
-0.00034936
-9.36903e-05
-0.00033481
-5.42874e-05
-0.000307756
-0.000321991
-0.000428399
-0.000382112
-0.000102197
-0.000364464
-5.43596e-05
-0.000333274
-0.000347427
-0.000373966
-0.000500472
-0.00045195
-0.000114152
-0.000416644
-6.76662e-05
-0.000390516
-0.000394674
-0.000433463
-3.01467e-05
-0.000526302
-0.000468672
-0.000122685
-0.000455546
-7.34804e-05
-0.000418672
-0.000414525
-0.000455808
-3.21608e-05
-0.000545415
-0.000504935
-0.000127916
-0.000473738
-6.95657e-05
-0.000435622
-0.000430473
-0.000480413
-3.19624e-05
-0.000556852
-0.000506101
-0.000131855
-0.000483289
-7.5625e-05
-0.000443405
-0.000437606
-0.000489027
-3.02678e-05
-0.000437352
-0.000568828
-0.00050883
-0.000137956
-0.000496791
-7.7354e-05
-0.000457739
-0.000447033
-0.000496856
-3.47397e-05
-0.000443744
-0.000580239
-0.000521019
-0.000139501
-0.000505953
-8.32191e-05
-0.000465662
-0.000454313
-0.000505453
-3.05361e-05
-0.000450616
-0.000594899
-0.000534233
-0.000140904
-0.000517448
-7.9698e-05
-0.000474903
-0.000464439
-0.000513492
-0.000474917
-3.54141e-05
-0.000617929
-0.000564241
-0.000143406
-0.000534083
-8.57914e-05
-0.000486965
-0.000478403
-0.000528765
-0.00049375
-3.6278e-05
-0.000627567
-0.000579094
-0.000146879
-0.000542841
-9.27583e-05
-0.000496571
-0.000516084
-0.000557342
-0.000493865
-3.12447e-05
-0.000663866
-0.000641861
-0.00014822
-0.00057141
-8.00963e-05
-0.0005204
-0.000551948
-0.000554648
-0.000526561
-3.87936e-05
-0.000664846
-0.000612348
-0.00015263
-0.000573046
-8.62529e-05
-0.000549036
-0.000549517
-0.000569543
-0.000519183
-3.38475e-05
-0.000685282
-0.000634619
-0.000153193
-0.000587522
-8.24244e-05
-0.000536894
-0.00056561
-0.000595698
-0.000538149
-3.8746e-05
-0.000710725
-0.000678537
-0.000156752
-0.000606355
-9.13153e-05
-0.000550469
-0.000601068
-0.000613899
-0.000554525
-3.26919e-05
-0.00073244
-0.000695184
-0.000160094
-0.000623454
-9.90107e-05
-0.000564363
-0.000632265
-0.000627667
-0.000565812
-3.39826e-05
-0.000629427
-0.000750593
-0.00069771
-0.000165455
-0.000642954
-9.99717e-05
-0.000603958
-0.000643109
-0.000644459
-0.000575564
-3.41213e-05
-0.000642823
-0.000630449
-0.000777429
-0.000722113
-0.000169071
-0.000663685
-0.000101778
-0.000628576
-0.000649688
-0.000692159
-0.000593781
-3.5801e-05
-0.000663518
-0.00065016
-0.000789608
-0.000728439
-0.000172752
-0.000677511
-0.000104586
-0.000641231
-0.000655939
-0.000694801
-0.00059777
-3.56086e-05
-0.000669088
-0.000653605
-0.000811437
-0.000748884
-0.000172419
-0.000695667
-0.000110411
-0.000658005
-0.000675923
-0.000722017
-0.000615546
-3.97213e-05
-0.000691003
-0.00067519
-0.000828221
-0.000799149
-0.000175058
-0.00071179
-0.000109198
-0.000671482
-0.00072089
-0.000761871
-0.000626837
-3.98398e-05
-0.000704665
-0.000688133
-0.000856907
-0.000789058
-0.000177464
-0.000734397
-0.000105428
-0.000690469
-0.000738372
-0.00078683
-0.000648199
-3.33506e-05
-0.000729288
-0.000712637
-0.000883988
-0.000825072
-0.000181285
-0.000793073
-0.000110268
-0.000705434
-0.00074749
-0.000798673
-0.000663494
-3.47943e-05
-0.000746477
-0.000729671
-0.000922138
-0.000833302
-0.000185727
-0.000837657
-0.000114648
-0.000726875
-0.00079787
-0.000830465
-0.000689713
-4.25429e-05
-0.000775006
-0.000758814
-0.000947658
-0.000849024
-0.00019157
-0.00085481
-0.000113008
-0.000747835
-0.000850098
-0.00084753
-0.000699502
-4.51279e-05
-0.00078818
-0.000769205
-0.000964879
-0.000893712
-0.000192924
-0.000891641
-0.000116927
-0.000765192
-0.000877833
-0.000864112
-0.000709067
-3.87888e-05
-0.000802357
-0.000823361
-0.000975514
-0.000901593
-0.000193212
-0.000903474
-0.000119234
-0.000775028
-0.000890593
-0.000875825
-4.74517e-05
-3.69772e-05
-0.000779658
-0.000135104
-3.47858e-05
-0.000896635
-0.000853698
-0.0001717
-0.000820723
-0.000101867
-0.000723769
-0.000840936
-3.49129e-05
-4.15351e-05
-0.000763409
-0.000140009
-0.000115376
-0.000757874
-0.000145282
-0.000728123
-8.73707e-05
-0.000731724
-0.000757394
-3.08775e-05
-3.66148e-05
-0.000691789
-0.000124058
-0.000101323
-0.000685312
-0.000131417
-0.000686267
-8.12034e-05
-0.000705211
-0.000739638
-3.48356e-05
-3.49381e-05
-0.000676565
-0.000116778
-2.65771e-05
-0.000693732
-0.000127505
-0.000680866
-7.90188e-05
-0.000705628
-0.000738019
-2.78777e-05
-0.000666749
-0.000733477
-0.00013573
-3.03639e-05
-0.000759002
-0.000136613
-0.000709439
-8.33344e-05
-0.000713831
-0.00076173
-3.03367e-05
-0.000721644
-3.04237e-05
-0.000129308
-0.000739772
-0.000135082
-0.000701969
-8.32968e-05
-0.000708763
-0.000752642
-3.04731e-05
-2.96488e-05
-0.000111604
-0.000699102
-0.00111683
-0.000138743
-0.000784984
-8.57096e-05
-0.000791075
-0.000868882
-3.36762e-05
-3.21528e-05
-0.000120142
-0.00077834
-0.00118894
-0.000149572
-0.000833647
-9.11007e-05
-6.14609e-05
-8.27216e-05
-0.00175196
-0.000879385
-0.000135734
-0.000621618
-8.11849e-05
-5.65217e-05
-7.29136e-05
-0.00146283
-0.000749379
-0.000120474
-0.00060876
-3.46801e-05
-0.000140667
-4.80671e-05
-0.000590105
-9.08717e-05
-4.12572e-05
-2.71639e-05
-9.76502e-05
-3.24989e-05
-0.000432586
-6.26719e-05
-2.42808e-05
-1.97576e-05
-6.90635e-05
-2.33091e-05
-0.000365318
-4.5374e-05
-1.77613e-05
-1.47051e-05
-4.25741e-05
-1.51092e-05
-0.000287423
-2.96504e-05
-1.29613e-05
-1.22769e-05
-2.26751e-05
-9.48204e-06
-0.000260843
-2.40751e-05
-1.21658e-05
-9.06201e-06
-1.08281e-05
-5.04762e-06
-0.00021864
-1.36131e-05
-1.0035e-05
-6.2026e-06
4.05034e-06
-1.18396e-06
-0.000190373
-8.75063e-06
-8.53519e-06
-4.76053e-06
1.08697e-05
1.0852e-06
-0.000124063
-1.59149e-06
-6.24921e-06
-2.40415e-06
1.55024e-05
2.34071e-06
2.74159e-05
2.38469e-05
2.82976e-06
5.57444e-06
5.03416e-05
1.21161e-05
7.64672e-05
4.81695e-05
1.0515e-05
1.53965e-05
8.53749e-05
2.21209e-05
0.000104482
6.38179e-05
1.67331e-05
2.01671e-05
0.000106606
2.84374e-05
0.000132097
8.04822e-05
2.34361e-05
2.33104e-05
0.000130672
3.49871e-05
0.000154697
9.12069e-05
2.37714e-05
2.73219e-05
0.000149779
4.02616e-05
8.97535e-05
0.000174239
0.00010267
3.18272e-05
2.70333e-05
0.000166535
4.50556e-05
9.96695e-05
0.000184145
0.000108697
3.48234e-05
2.92887e-05
0.00017568
4.79562e-05
0.000105418
2.60637e-05
0.000205954
9.30596e-05
2.69525e-05
2.70145e-05
0.000187923
5.03587e-05
8.55521e-05
2.62038e-05
0.000212297
9.57489e-05
2.75359e-05
2.944e-05
0.000194603
4.43452e-05
8.83491e-05
2.69261e-05
0.000206311
8.75251e-05
2.7929e-05
2.94261e-05
0.000193295
4.43336e-05
8.87033e-05
2.74161e-05
0.000190905
8.28311e-05
0.000197804
8.6447e-05
0.000140652
0.000496862
0.000223443
9.88356e-05
0.000236525
9.97619e-05
0.000484724
6.65848e-05
0.000259941
0.000112258
0.000633598
8.83237e-05
0.000228365
0.00011923
0.000369235
0.000107071
0.000231129
0.000131836
0.000245379
0.000110279
0.000279152
0.000122499
0.00030941
0.000151032
0.000114596
0.00031176
0.000170529
0.000122212
0.000332379
0.000167092
0.000136423
0.000367793
0.000189295
0.000166612
0.000153048
0.000394526
0.000177903
0.000186059
0.0001644
0.000408375
0.000190609
0.000160733
0.000168499
0.000155229
0.000155192
0.000133823
0.000123608
0.000126503
0.000119678
0.000101742
7.13965e-05
7.6214e-05
4.66142e-05
6.70692e-05
0.00135274
-4.52128e-05
0.00468355
-0.000139511
-6.73786e-05
-0.00257194
-2.99584e-05
-2.2238e-05
-7.84469e-05
-2.9548e-05
-0.0019229
-2.87308e-05
-2.13749e-05
-1.61635e-05
-1.16587e-05
-1.53906e-05
2.12902e-06
1.11212e-05
4.8816e-05
4.04438e-05
3.44155e-05
3.00711e-05
2.6444e-05
2.24676e-05
5.46185e-06
3.85417e-05
3.45149e-05
3.10677e-05
2.82352e-05
2.59266e-05
2.39802e-05
2.30671e-05
2.24729e-05
7.95855e-06
5.42545e-05
4.9827e-05
4.61721e-05
4.31266e-05
4.07092e-05
3.86008e-05
3.82474e-05
3.80394e-05
3.78629e-05
4.30765e-05
4.51014e-05
4.57053e-05
4.41168e-05
4.39079e-05
4.31765e-05
4.23583e-05
4.30875e-05
4.38041e-05
4.57764e-06
4.98799e-05
5.86858e-05
6.42763e-05
6.62141e-05
6.632e-05
6.50549e-05
6.51862e-05
6.49087e-05
6.40524e-05
6.54429e-05
6.65485e-05
6.46571e-05
8.42498e-05
9.40556e-05
9.79126e-05
9.85959e-05
9.74629e-05
9.88294e-05
9.84323e-05
9.74243e-05
9.9841e-05
0.000101446
9.8164e-05
0.000101401
0.000154601
0.000203669
0.000217562
0.000217232
0.000219558
0.000230932
0.000234177
0.000225282
0.000267085
0.00026936
0.000267126
0.000267276
0.000279408
0.000281947
0.000272082
0.000298106
0.000314197
0.000315387
0.000312268
0.000306883
0.000318255
0.000324289
0.000308385
0.000304615
0.00030852
0.000361232
0.000363542
0.000357987
0.000359443
0.000375319
0.000377296
0.00036409
0.000360437
0.000365948
0.000434598
0.000438431
0.00043225
0.000438561
0.000455492
0.000457883
0.000438046
0.000437584
0.000444063
0.00050296
0.000524764
0.000529134
0.0005193
0.00052487
0.000526164
0.000533209
0.00028539
0.00057724
0.000615278
0.000626689
0.000618106
0.000626713
0.000633086
0.000639376
0.000339742
0.000573869
0.000324656
0.000304371
0.000287293
0.000470939
0.000644467
0.000699636
0.000701175
0.000722916
0.000738873
0.000752649
0.000398084
0.000674812
0.000366232
0.000361008
0.000322585
0.00056207
0.000793301
0.000868962
0.000874316
0.000901146
0.000915162
0.000935769
0.000492736
0.000836759
0.000464493
0.00044559
0.000395938
0.000692076
0.000398098
0.000665805
0.000885137
0.000985114
0.00104686
0.00104172
0.00105829
0.0010782
0.00111914
0.000553153
0.00100777
0.000535117
0.000495996
0.000492024
0.000856017
0.000495526
0.000820737
0.000465904
0.0012037
0.00132133
0.00125008
0.00135472
0.00130327
0.00135365
0.000675031
0.00121831
0.000669037
0.000622582
0.000590257
0.00100889
0.000598789
0.00103974
0.000559625
0.00134946
0.00149788
0.00140506
0.00154353
0.00146262
0.00151631
0.000788203
0.00137919
0.000761636
0.000734332
0.000696431
0.00114481
0.000710812
0.00119335
0.000647113
0.00169708
0.00167779
0.001576
0.00197868
0.00162935
0.00210187
0.000924137
0.0015297
0.000890821
0.000766276
0.000817075
0.00126142
0.000837034
0.00132776
0.000763254
0.00136451
0.00151315
0.00182776
0.00169913
0.00168344
0.00171747
0.00224606
0.00105535
0.00161571
0.00101907
0.000885062
0.000939205
0.00130872
0.000966776
0.00141246
0.000794123
0.00139194
0.00179455
0.00171532
0.00171757
0.00170966
0.00230899
0.00118179
0.0016264
0.00113744
0.000855513
0.00103945
0.0012775
0.00107774
0.00140225
0.000870371
0.00154518
0.00112254
0.00124654
0.00133804
0.00141636
0.00161078
0.00159507
0.00152084
0.00211059
0.00126354
0.00149208
0.00122242
0.000895715
0.00112399
0.00115862
0.00117408
0.00105507
0.000838007
0.0014065
0.000981265
0.00103093
0.00114762
0.0014219
0.00141332
0.00196693
0.00186629
0.00133632
0.0013007
0.00128907
0.00123879
0.0011648
0.000937632
0.00122852
0.000838664
0.00085173
0.00112844
0.000747214
0.000924623
0.000939212
0.00101144
0.00134881
0.00122559
0.00116518
0.00167224
0.00149396
0.00116347
0.00105959
0.00139462
0.00130877
0.000814444
0.00138496
0.000707341
0.000871351
0.000950764
0.000582077
0.000426472
0.000501152
0.000906774
0.000781812
0.000719191
0.000844092
0.0012836
0.000681337
0.000908383
0.00124912
0.0011849
0.000659851
0.00121588
0.000329788
0.000329067
0.00045702
0.000534944
0.000907845
0.000763295
0.000594223
0.000704251
0.00108729
0.000582116
0.000777532
0.000746153
0.00103558
0.000577886
0.00107019
0.000288134
0.000373814
0.000651373
0.000443939
0.000725421
0.00096957
0.00046228
0.000697049
0.000712258
0.000949589
0.000525043
0.000469662
0.000210147
0.000691821
0.000526827
0.000247264
0.00062165
0.000858513
0.000315603
0.000624044
0.00064613
0.00051106
0.000441647
0.00022572
0.000556331
0.00036351
0.000607778
0.000472066
0.00054856
0.000483879
0.000292496
0.000566938
0.000583882
0.000555646
0.000437387
0.00052619
0.000485325
0.000273987
0.000560712
0.000582732
0.000556549
0.000439446
0.000534428
0.000489077
0.000291165
0.000577408
0.000600903
0.000574455
0.00045363
0.000550045
0.000506782
0.000304796
0.00058536
0.000609373
0.000584904
0.000462189
7.00483e-05
0.000528525
0.000403576
0.000316484
0.000581598
0.000504219
0.000577424
0.000454676
6.91561e-05
0.000426433
0.000391906
0.00030944
0.000562347
0.000489846
0.000564012
0.000444738
6.80342e-05
0.000422339
0.000390618
0.000319779
0.000573354
0.000498139
0.000573203
0.000450857
6.87895e-05
0.000427758
0.000409034
0.000314996
0.00058348
0.000506992
0.00058315
0.000467338
6.99561e-05
0.000432715
0.000411588
0.000298789
0.000574412
0.000518168
0.000578105
0.000462925
6.96517e-05
0.000434116
0.000411061
0.000285637
0.000587781
0.000536114
0.000589401
0.000469732
7.06446e-05
0.000244173
0.00197693
0.000211124
0.00161909
0.000377965
0.0003432
0.000128174
0.000866654
0.000401135
0.000374792
0.000337992
8.99035e-05
0.000553261
0.00030943
0.000291071
0.00027042
0.000256363
7.07183e-05
0.000403145
0.000233023
0.000219271
0.000208958
0.000198948
5.95785e-05
0.000338895
0.00019935
0.000188462
0.000178452
0.000175392
0.000322084
0.000345863
0.000205124
0.000332265
0.000341716
0.000465363
0.000477562
0.000260006
0.000438736
0.000442839
0.000555724
0.000516904
0.00052775
0.000556713
0.000564765
0.000675715
0.000643288
0.000618612
0.000653971
0.000608932
0.000674816
0.000658996
0.000692565
0.000652947
0.000788855
0.000731157
0.000713627
0.000692826
0.000718435
0.000747638
0.000721899
0.000751882
0.000748982
0.000877154
0.000775084
0.000775738
0.000831739
0.000804762
0.000778596
0.000930012
0.000863594
0.000809441
0.000842931
0.000835348
0.000805276
0.000969928
0.000922165
0.000845935
0.000888981
0.00087314
0.000865382
0.00100288
0.000912199
0.00085737
0.000915035
0.000928045
0.00104568
0.000997876
0.000896995
0.000945754
0.000973952
0.000918575
0.000143856
0.00100092
0.000514577
0.000759862
0.00046802
0.000751039
0.000454036
0.000425035
9.52378e-05
0.000613906
0.000348486
0.000313246
0.000306554
0.000482391
0.000302927
0.000308294
7.48794e-05
0.000462735
0.000267808
0.000256977
0.000253009
0.000403298
0.000260598
0.000269836
0.000451363
0.000461496
0.000432887
0.000473903
0.000493228
0.000303798
0.000305921
0.000495014
0.000474467
0.000463292
0.000485133
0.000534151
0.000316517
0.000318186
4.65702e-05
0.000516275
0.00051171
0.000487116
0.000515066
0.00056599
0.000558054
0.000344992
0.000543441
0.000615858
0.000615437
0.000583075
0.000598105
0.000648319
0.000635972
0.000378374
0.000603048
9.23689e-05
0.000620287
0.000614504
0.000374083
0.000354846
0.000538891
0.000532075
0.000328547
0.000514311
8.06188e-05
0.000531908
0.000309911
0.000307051
0.000293655
0.000265065
0.000403481
0.000263911
0.000411194
3.86563e-05
6.36565e-05
0.000430934
0.000256105
0.000241698
0.000237928
0.00023038
0.000353453
0.000230675
0.000371376
3.50931e-05
5.90433e-05
0.000222219
0.000196571
5.2431e-05
2.15897e-05
0.000178867
0.00017968
0.000173321
0.000170163
2.00659e-05
0.000163045
0.000158736
4.09016e-05
0.000155345
0.000156276
0.000155191
1.82283e-05
0.00014807
4.01459e-05
0.000156652
0.000154236
0.000159776
1.91201e-05
0.000155527
0.00016461
0.000167373
0.000172563
2.20701e-05
0.000168684
0.000175452
0.000177911
0.000180143
2.36429e-05
0.000177171
0.000179626
2.51935e-05
4.53271e-05
0.000181383
0.000179711
2.17075e-05
0.00018486
0.000187899
0.000184135
0.000235355
0.000196992
0.000219524
0.000215572
0.000223244
-0.000329311
-0.000330356
-0.000248711
5.18047e-05
2.9106e-05
-0.000254839
4.80492e-05
2.62124e-05
-0.000244911
4.46408e-05
2.70422e-05
-0.00023343
3.13053e-05
6.55804e-05
3.3568e-05
2.12164e-05
-0.000194898
1.97885e-05
5.98152e-05
4.15261e-05
5.2797e-05
2.22106e-05
1.43103e-05
-0.00015702
1.66243e-05
4.43023e-05
4.47101e-05
3.71168e-05
1.26577e-05
9.08959e-06
-0.000120169
1.02596e-05
2.67292e-05
3.78319e-05
4.04459e-05
7.85257e-06
-0.000127772
1.26369e-05
2.66477e-05
1.63329e-05
1.19138e-05
-0.000176145
2.16214e-05
1.63652e-05
1.24557e-05
3.09641e-05
2.03472e-05
1.39933e-05
1.1249e-05
3.0164e-05
1.96038e-05
1.34577e-05
1.06182e-05
2.85226e-05
1.94431e-05
1.12835e-05
1.04754e-05
2.8088e-05
2.04801e-05
1.25539e-05
1.40982e-05
3.08709e-05
1.49813e-05
1.46519e-05
3.20277e-05
2.19278e-05
1.34052e-05
1.10231e-05
3.24998e-05
2.26859e-05
1.4291e-05
1.15094e-05
3.42567e-05
1.63021e-05
1.20821e-05
3.56815e-05
2.50491e-05
1.65966e-05
1.27194e-05
3.8147e-05
2.59415e-05
1.85304e-05
1.35389e-05
4.08608e-05
1.93769e-05
1.41322e-05
4.25897e-05
2.81698e-05
2.13911e-05
1.4764e-05
4.34082e-05
2.91713e-05
2.0383e-05
1.52766e-05
4.51573e-05
2.99466e-05
2.24488e-05
1.69703e-05
4.47058e-05
3.09799e-05
2.33817e-05
1.73e-05
4.68959e-05
3.19198e-05
2.01277e-05
1.8051e-05
4.81432e-05
2.21916e-05
1.8599e-05
5.92606e-05
3.40218e-05
2.1566e-05
1.68143e-05
5.25376e-05
3.51743e-05
2.07662e-05
1.91932e-05
5.49027e-05
3.61774e-05
2.09534e-05
2.05458e-05
5.71784e-05
3.74535e-05
2.85248e-05
1.95698e-05
6.66734e-05
3.90543e-05
2.74814e-05
2.04451e-05
6.31458e-05
4.04574e-05
2.98196e-05
2.02635e-05
6.59855e-05
2.65605e-05
2.07676e-05
6.84018e-05
4.32147e-05
2.78063e-05
2.40275e-05
7.28943e-05
4.47476e-05
2.6574e-05
2.45571e-05
7.67289e-05
4.66151e-05
2.92612e-05
2.55097e-05
7.93282e-05
3.0175e-05
2.6459e-05
8.54913e-05
5.17635e-05
3.173e-05
2.92064e-05
8.85978e-05
3.48312e-05
1.9752e-05
9.03089e-05
5.34848e-05
3.724e-05
2.86527e-05
9.64371e-05
3.62273e-05
5.43828e-05
3.53051e-05
2.8474e-05
9.74953e-05
3.67486e-05
9.96827e-05
5.7908e-05
4.64721e-05
3.17066e-05
0.00010462
3.90784e-05
0.000107094
6.70809e-05
3.93152e-05
3.28179e-05
0.000112732
4.12446e-05
0.000113783
6.93055e-05
4.13827e-05
4.15962e-05
0.000118489
4.3466e-05
0.000120842
7.52726e-05
6.88125e-05
4.31034e-05
3.6212e-05
0.000117514
4.4741e-05
0.000123471
7.67316e-05
4.77722e-05
6.97564e-05
4.50852e-05
3.77637e-05
0.000128833
4.55814e-05
0.000127676
7.9162e-05
4.90564e-05
2.4558e-05
6.9715e-05
4.37228e-05
3.89569e-05
0.000127924
4.58805e-05
0.000128298
7.71654e-05
5.25149e-05
2.47272e-05
7.08593e-05
4.45692e-05
3.88212e-05
0.000130226
4.66385e-05
0.00013047
7.61641e-05
5.59002e-05
2.50378e-05
0.000132542
7.35334e-05
4.87747e-05
3.69633e-05
0.0001364
4.81605e-05
0.000134657
7.82152e-05
5.73671e-05
2.59993e-05
0.000134605
7.55301e-05
5.06676e-05
4.24003e-05
0.000138488
4.93395e-05
0.000139793
8.18733e-05
5.7748e-05
2.65822e-05
7.69819e-05
5.12327e-05
4.09403e-05
0.000148335
5.03935e-05
0.000145834
8.49932e-05
5.96364e-05
2.72073e-05
7.92838e-05
5.26133e-05
5.12113e-05
0.000160694
5.21178e-05
0.000152018
9.23791e-05
7.17416e-05
2.80603e-05
0.000121032
8.40284e-05
5.56949e-05
4.77502e-05
0.00017006
5.451e-05
0.000159438
9.30242e-05
7.45824e-05
2.90556e-05
0.000169253
5.85485e-05
4.46167e-05
0.000158629
5.67769e-05
0.000167457
9.46988e-05
7.77117e-05
3.00604e-05
8.9788e-05
5.9963e-05
4.82715e-05
0.000179706
5.78065e-05
0.000172661
9.71611e-05
7.09407e-05
3.05162e-05
3.33576e-05
9.03739e-05
6.04159e-05
5.05454e-05
0.000187671
5.82181e-05
0.000174548
9.97554e-05
6.93738e-05
3.06133e-05
9.22067e-05
6.15229e-05
5.19968e-05
0.00019358
5.91842e-05
0.000192996
0.000106608
7.0733e-05
3.11123e-05
0.00019555
9.61357e-05
6.244e-05
5.4085e-05
0.000201234
6.12095e-05
0.000199651
0.000114823
7.3285e-05
3.19398e-05
0.000197121
9.91612e-05
6.39791e-05
5.62427e-05
0.000205117
6.28993e-05
0.000215958
0.000112903
6.86636e-05
3.27579e-05
0.000210589
0.000103123
6.64665e-05
5.74096e-05
0.000217453
6.49861e-05
0.000223498
0.000122996
8.15754e-05
3.36217e-05
0.00021888
0.000106328
6.82563e-05
5.54061e-05
0.000230559
6.6721e-05
0.000232058
0.0001296
8.65221e-05
3.4376e-05
0.000227245
0.000109478
7.21533e-05
7.2661e-05
0.000236516
6.86748e-05
0.00025006
0.000121373
8.24028e-05
3.52302e-05
0.000111379
7.30384e-05
7.02074e-05
0.00024841
6.98101e-05
0.000258698
8.4729e-05
8.3413e-05
0.000132385
0.000257878
0.00011911
7.86703e-05
7.53883e-05
0.000279693
7.41976e-05
0.000281839
9.91532e-05
8.91959e-05
0.00013907
0.000288732
0.000127601
8.44478e-05
7.00307e-05
0.000273898
7.81412e-05
9.24394e-05
9.93914e-05
0.000146119
0.000125346
8.26691e-05
6.13956e-05
0.000272307
0.000103372
9.16175e-05
0.000146593
0.000125561
8.1711e-05
8.17211e-05
0.000281425
8.87974e-05
9.26866e-05
0.000156126
4.69508e-05
0.000123297
7.72422e-05
7.53007e-05
0.000276168
9.64725e-05
9.14834e-05
0.000154449
4.63896e-05
7.75009e-05
8.03701e-05
0.000274522
9.59221e-05
9.11728e-05
0.000143826
3.89961e-05
0.000122034
7.52658e-05
7.49331e-05
0.000273937
9.69577e-05
9.07536e-05
0.000156754
3.88491e-05
0.000122571
7.52356e-05
7.1419e-05
0.000278442
9.69398e-05
9.15605e-05
4.15749e-05
0.000146164
0.000123198
8.40396e-05
7.46156e-05
0.000284441
9.36262e-05
9.29202e-05
0.000155447
0.000129018
9.55292e-05
8.15647e-05
0.00029762
0.000114029
9.67389e-05
0.000169898
0.00013371
9.89852e-05
7.00535e-05
0.000304905
0.000104761
9.86562e-05
0.000167437
0.000136367
0.000101091
7.89859e-05
9.24165e-05
0.00010726
9.35536e-05
0.00016379
0.000130989
9.73672e-05
7.4182e-05
8.95456e-05
0.00010024
9.10871e-05
0.000154559
4.64044e-05
0.00012639
9.93538e-05
7.68054e-05
8.5677e-05
9.71971e-05
8.9286e-05
0.000154834
4.5524e-05
0.000125087
9.83261e-05
7.59704e-05
8.49157e-05
9.75426e-05
8.87883e-05
0.000152372
4.22554e-05
0.00012587
9.88073e-05
7.92087e-05
9.14648e-05
8.79153e-05
8.9426e-05
0.000139226
3.95494e-05
0.000129133
0.000101091
7.74168e-05
8.89527e-05
9.36489e-05
9.15071e-05
0.000155441
4.45228e-05
0.000131954
9.35895e-05
8.26931e-05
9.47057e-05
0.000105237
9.4119e-05
0.000158477
4.63215e-05
0.000136417
9.64282e-05
8.01459e-05
9.78966e-05
0.000101527
9.68343e-05
0.000165608
4.61616e-05
0.000164268
0.000141838
0.000103958
9.50752e-05
0.000102325
0.000109004
0.00010092
0.000172954
4.89211e-05
0.000169727
0.000148127
0.000108076
8.93124e-05
0.00010505
0.000113475
0.000104145
0.000184352
4.9726e-05
0.000150956
0.000110101
8.86121e-05
0.000109508
0.000113345
0.00010648
0.000188197
5.05169e-05
0.000154794
0.000112534
0.000102078
0.000111125
0.000116608
0.000109149
0.000188312
5.16922e-05
0.000160228
0.000116241
9.65145e-05
0.000114004
0.000117992
0.000112506
0.00021539
5.40955e-05
0.000168629
0.000119854
0.00012578
0.000119897
0.000124216
0.000118357
0.000225247
5.81254e-05
0.000172175
0.000122529
0.000124493
0.000122624
0.000134296
0.000120842
0.000227042
5.88608e-05
9.94748e-05
0.000220384
0.000179208
0.000127286
0.00012923
0.000127223
0.000136325
0.000125134
0.000221869
6.03776e-05
0.000106006
0.000227421
0.000184318
0.000134707
0.000132519
0.000130419
0.000146275
0.000128379
0.000250452
6.18824e-05
0.00011719
0.000246456
0.000191956
0.000139768
0.000129168
0.000135018
0.000151567
0.000132831
0.000253463
6.24037e-05
0.000121076
0.000256524
4.30043e-05
0.000192342
0.000139911
0.000124564
0.000135295
0.000149937
0.000132765
0.000252669
6.47389e-05
0.000121208
0.000257555
4.26801e-05
0.00019382
0.000140736
0.00012815
0.000141098
0.000145702
0.000133709
0.000259702
7.25216e-05
0.000122322
4.17249e-05
0.000254357
0.000195969
0.000142037
0.000143001
0.000135253
0.000159825
0.000135325
0.000272773
6.88614e-05
0.000123799
0.00026557
0.000205553
0.000148327
0.000144989
0.000141224
0.00015393
0.000140843
0.00029301
7.14442e-05
0.000128743
0.000272619
0.000212764
0.000153244
0.000159536
0.000135264
0.000172633
0.000144785
0.000290918
7.35684e-05
0.000131791
0.00028603
4.50245e-05
0.000212258
0.00015278
0.000147386
0.000134891
0.00016546
0.000144459
0.000292166
6.97802e-05
0.000131499
0.000284962
4.47359e-05
0.000212651
0.000152849
0.000141637
0.000134968
0.000165787
0.000144689
0.000288883
6.95247e-05
0.000131632
0.000282114
0.000218222
0.00015646
0.000147916
0.0001381
0.000170789
0.000148103
0.000299664
7.07726e-05
0.00013458
0.000301596
0.000300611
0.00022694
0.000161969
0.000138471
0.000141858
0.000175764
0.000152168
0.000307772
7.26075e-05
0.000138349
0.000305959
0.000313857
4.63633e-05
0.000232918
0.00016538
0.000150642
0.0001442
0.000179144
0.000154859
0.000326455
7.61584e-05
0.000141366
0.00032483
0.000327212
4.91349e-05
0.000238122
0.00016889
0.000157016
0.000147837
0.000194665
0.000158608
0.000332617
7.73966e-05
0.000144111
0.000329472
0.000349276
4.80462e-05
0.000242054
0.000171544
0.00016955
0.000170499
0.000198495
0.000161557
0.000353193
8.0085e-05
0.000146455
0.000343756
0.000352539
4.97627e-05
0.000243499
0.000172415
0.000169935
0.000171361
0.000199461
0.000162232
0.000351364
7.89384e-05
0.000146704
0.000351577
0.000346015
4.89198e-05
0.000245774
0.000173124
0.000169957
0.000171806
0.00020046
0.000162676
0.000360478
7.93137e-05
0.000147676
0.000341406
0.000365059
4.7981e-05
0.000248706
0.000175226
0.000157181
0.000173375
0.000202118
0.00016397
0.000353029
7.15177e-05
0.000148132
0.000359558
0.00036126
5.03829e-05
0.000249152
0.000174962
0.000148764
0.000172702
0.000201635
0.000163344
0.000359981
7.65715e-05
0.000148003
0.000367784
0.000374629
5.05572e-05
0.000251593
0.000176217
0.000171603
0.000174673
0.000204043
0.000165046
0.000356556
8.41099e-05
0.000149481
0.000360583
0.000373645
5.05881e-05
0.000255313
0.000178289
0.000187148
0.000176796
0.000206661
0.000166899
0.00036493
8.29336e-05
0.000151145
0.000390214
0.00038463
5.43494e-05
0.000270864
0.000187221
0.00018332
0.000185016
0.000217329
0.000174738
0.000424955
8.70875e-05
0.000159254
0.000407373
0.000435576
5.1974e-05
0.000275443
0.000191104
0.000184885
0.000188733
0.000220814
0.000177646
8.19832e-05
8.33186e-05
5.16634e-05
0.00025242
0.000175875
0.000169406
0.000175029
0.000205329
0.000165661
8.67487e-05
7.84412e-05
4.48098e-05
0.000243184
0.000169366
0.000157418
0.000168667
0.000199562
0.000160512
8.23485e-05
7.5571e-05
4.12456e-05
0.000236576
0.000189047
0.000177416
0.000166443
0.000199236
0.000158878
7.6287e-05
7.46245e-05
4.54301e-05
0.000240212
0.000182825
0.000173949
0.000168872
0.000185192
0.000161697
7.30333e-05
7.5149e-05
4.17351e-05
0.000239152
0.000181971
0.000147055
0.00016746
0.000201988
0.000160735
7.60053e-05
7.49052e-05
4.04015e-05
0.000167552
0.000243581
0.000185001
0.00017634
0.000189587
0.000211708
0.000164345
8.09089e-05
7.64557e-05
4.52605e-05
0.000172116
8.02245e-05
0.000245972
0.000186991
0.000178755
0.000197272
0.000216607
0.000168735
8.08982e-05
7.77837e-05
4.50206e-05
0.000180721
8.11205e-05
3.95893e-05
0.000241286
0.000196169
0.000172537
0.000196834
0.000219926
0.000165508
7.93608e-05
7.64218e-05
4.42882e-05
0.000180738
8.05528e-05
3.92839e-05
0.000240337
0.000195521
0.000170123
0.000187862
0.000201077
0.000165308
8.11593e-05
7.619e-05
4.35598e-05
0.000178531
8.06183e-05
3.98404e-05
0.000249328
0.000204289
0.000178478
0.000205039
0.000217729
0.000176319
7.77751e-05
7.98934e-05
4.82578e-05
0.000187197
8.31716e-05
4.05892e-05
0.00025182
0.000212697
0.000183711
0.000195883
0.00022007
0.000174745
7.92955e-05
7.96096e-05
4.58064e-05
0.000185716
8.40258e-05
4.1179e-05
0.000260299
0.000211656
0.000190944
0.000212159
0.000235629
0.000182678
8.79958e-05
8.25218e-05
4.16912e-05
0.000197535
8.66047e-05
4.21108e-05
0.000267118
0.000216254
0.000191616
0.000209837
0.000228238
0.000184059
8.68972e-05
8.30902e-05
4.83677e-05
0.000205913
8.77956e-05
4.26901e-05
0.000270809
0.000217025
0.000206262
0.000211924
0.000230142
0.000185355
8.77033e-05
8.36285e-05
5.03722e-05
0.000204035
8.88737e-05
4.07324e-05
0.000200429
0.000277402
0.0002462
0.000202113
0.000219308
0.00024378
0.000186566
8.54124e-05
8.42796e-05
5.04646e-05
0.000211797
9.04276e-05
4.39212e-05
0.000205878
0.000279804
0.000247199
0.000205432
0.000215065
0.000237118
0.000184629
9.01135e-05
8.36137e-05
5.01907e-05
0.000211182
9.06128e-05
4.40475e-05
0.000206861
0.000139893
0.000278636
0.000248453
0.000201214
0.000221627
0.000236522
0.000189817
9.38437e-05
8.49878e-05
4.34274e-05
0.000210651
9.10207e-05
4.37213e-05
0.000206691
0.000289283
0.000243787
0.000213548
0.000238596
0.00024844
0.000197896
9.21731e-05
8.78416e-05
5.00963e-05
0.000219533
9.36275e-05
4.46666e-05
0.000211834
0.000295018
0.00024754
0.000202224
0.000231537
0.00024304
0.000198295
9.36702e-05
8.81105e-05
4.57437e-05
0.00021882
9.44325e-05
4.45278e-05
0.000214261
0.000223659
0.000300581
0.000251432
0.000217164
0.0002344
0.000255514
0.000200234
9.63252e-05
8.88904e-05
5.20773e-05
0.000218841
9.56229e-05
4.50073e-05
0.000217681
0.000227065
0.000309765
0.000254398
0.000223026
0.000245062
0.00027541
0.000206918
9.89695e-05
4.88979e-05
0.000232816
0.000230982
9.98943e-05
4.68508e-05
0.000244122
0.000314612
0.000257659
0.000243887
0.000247302
0.000277575
0.000208265
9.96136e-05
4.92993e-05
0.000243593
0.000232267
5.02851e-05
4.77382e-05
0.000245075
5.34573e-05
0.000314706
0.000256529
0.000254724
0.000249284
0.00027367
0.000204926
9.80713e-05
4.87049e-05
0.000248326
0.000230042
4.97347e-05
4.74638e-05
4.65452e-05
7.17226e-05
5.12008e-05
4.06251e-05
4.94793e-05
0.000301251
0.000248082
0.000235448
0.000241251
0.000272478
0.00020451
9.72435e-05
4.7769e-05
0.000247856
0.000228697
4.89427e-05
0.000237993
4.78989e-05
4.39238e-05
4.60697e-05
4.00569e-05
3.88511e-05
4.17275e-05
0.000289923
0.000238236
0.000223906
0.00023161
0.000260587
0.00019558
9.31362e-05
4.5923e-05
0.000230576
0.000220275
4.71697e-05
0.000230289
4.20215e-05
5.74064e-05
3.83445e-05
4.10365e-05
4.41971e-05
4.09436e-05
0.000279225
0.000228557
0.000226307
0.000226351
0.000247387
0.000185599
8.86806e-05
4.40215e-05
0.000226948
0.000210029
0.000231125
0.000227276
4.15199e-05
4.84466e-05
3.81351e-05
4.20871e-05
4.14767e-05
3.4135e-05
0.000278215
0.000226761
0.000219036
0.000216487
0.000242403
0.000181542
8.68033e-05
4.32418e-05
0.000226247
0.000205753
0.000224773
0.000221895
4.01846e-05
5.36501e-05
4.18294e-05
4.47756e-05
4.31291e-05
3.38032e-05
0.000278546
0.000226665
0.000218797
0.000222334
0.000242057
0.000181005
8.63177e-05
4.29306e-05
0.000221467
0.000205345
0.000224405
0.000221478
4.41735e-05
5.63225e-05
4.08098e-05
4.45499e-05
4.33552e-05
3.36519e-05
0.000279014
0.000227411
0.00023036
0.000236118
0.000244764
0.000183028
8.70188e-05
5.3335e-05
0.000219403
0.000207512
0.000242932
0.000224528
4.22918e-05
4.47879e-05
4.09002e-05
4.45771e-05
3.86584e-05
4.38555e-05
0.00028382
0.000231952
0.000214469
0.000239972
0.000252149
0.000188483
8.91465e-05
5.43166e-05
0.000220145
0.000213066
0.000245137
0.000231222
4.41961e-05
5.48142e-05
4.15989e-05
4.52219e-05
4.12338e-05
3.98748e-05
0.000283086
0.000230404
0.00022355
0.000228773
0.000247321
0.000184629
8.74253e-05
5.34768e-05
0.000216393
0.000209045
0.00024029
0.000226344
3.9431e-05
4.977e-05
4.2054e-05
5.28049e-05
4.08096e-05
3.76067e-05
0.000284083
0.000231161
0.000221525
0.000236768
0.000249087
0.000185758
8.76936e-05
5.35215e-05
0.000233062
0.000210559
0.000242262
0.000228179
4.67365e-05
5.44262e-05
4.21464e-05
3.95204e-05
3.66929e-05
3.75746e-05
0.000282105
0.000228815
0.000223168
0.000237591
0.00024429
0.000181949
8.59374e-05
5.09656e-05
0.000220988
0.000206403
0.000237358
0.000223293
4.57469e-05
4.02627e-05
4.13082e-05
3.88079e-05
3.61249e-05
3.70373e-05
0.000281651
0.000228138
0.000217658
0.000231474
0.000243433
0.000181055
8.52696e-05
5.44774e-05
0.000225347
0.000205896
0.000238987
0.000222876
4.53725e-05
3.99571e-05
3.87821e-05
3.85472e-05
3.58845e-05
3.68268e-05
0.000280185
0.000226772
0.000218344
0.000226393
0.000241722
0.000179655
8.44831e-05
4.4199e-05
0.000223067
0.000204271
0.000237278
0.000221214
4.49018e-05
3.95282e-05
3.86375e-05
3.59682e-05
3.88777e-05
3.04191e-05
0.000237776
4.07098e-05
0.000229231
0.000257594
0.000194094
8.93077e-05
4.49697e-05
0.000233466
0.00021813
0.000257767
0.000243006
2.07384e-05
4.12249e-05
3.95218e-05
3.60587e-05
3.83089e-05
1.60057e-05
0.000213176
3.87314e-05
0.000207318
0.000228191
0.000172302
8.06635e-05
4.16536e-05
0.000211117
0.000196275
4.37716e-05
0.000189352
0.000276895
0.000227039
4.22032e-05
0.00021803
0.000235535
3.71082e-05
8.03501e-05
4.19081e-05
0.000207602
0.000191883
5.53186e-05
0.000215355
4.35167e-05
0.000262763
0.000242874
4.08536e-05
0.000207799
0.000223493
4.77771e-05
7.74863e-05
4.06907e-05
0.00019881
0.000183439
5.3451e-05
0.000201435
4.06947e-05
0.000210938
3.22308e-05
0.00024528
0.000225859
3.87518e-05
0.000194044
0.000207722
4.07497e-05
7.29857e-05
3.86598e-05
0.000186274
0.000171588
5.06172e-05
0.000191987
4.63051e-05
0.00019963
3.0683e-05
0.000190111
0.000230862
0.000211337
3.70122e-05
0.000182435
0.000193918
3.56561e-05
6.91731e-05
3.70396e-05
0.00017597
0.00016153
5.01583e-05
0.000179415
4.42392e-05
0.00018678
2.94179e-05
0.000178507
0.000178862
0.000218637
0.000199652
3.54743e-05
0.000172816
0.000183004
3.41334e-05
6.60057e-05
3.55901e-05
0.000167231
0.000153248
4.48719e-05
0.000168434
4.24142e-05
0.000177221
2.8282e-05
0.000169717
0.000167974
0.000206953
0.000188798
3.39282e-05
0.000163749
0.000173038
3.25875e-05
6.29316e-05
3.41062e-05
0.000158835
0.000145449
3.90067e-05
0.000158279
4.0605e-05
0.000162607
2.71562e-05
0.000148686
0.000159565
0.000196468
0.00017916
3.24914e-05
0.000155625
0.000164233
3.30072e-05
6.01527e-05
3.27298e-05
0.000151313
0.000138517
3.04624e-05
0.000156341
3.89453e-05
0.000155787
2.61019e-05
0.000153547
0.000152103
0.000187006
0.000170511
3.11782e-05
0.000148297
0.000156347
3.16362e-05
5.75835e-05
3.14396e-05
0.000144372
2.39708e-05
2.98758e-05
0.000146416
3.71109e-05
0.000148957
2.49052e-05
0.000139716
0.000143998
0.000177508
0.000161861
2.97713e-05
0.000140893
0.000148458
3.01838e-05
5.49028e-05
3.00572e-05
0.000137353
2.80523e-05
3.10593e-05
0.00013958
3.554e-05
0.000140498
2.38853e-05
0.000137517
0.000137339
0.00014515
0.000169335
0.000154421
2.85539e-05
0.000134494
0.000141646
2.61056e-05
5.25625e-05
2.88469e-05
0.000131222
2.69228e-05
3.63735e-05
0.000132243
3.41512e-05
0.000135819
2.29738e-05
0.000131585
0.000131414
0.00014017
0.000161998
0.000147748
2.74501e-05
0.000128736
0.000135529
2.50778e-05
5.04546e-05
2.77514e-05
0.000125711
2.53352e-05
3.60108e-05
0.000128916
3.28801e-05
0.000130231
2.21372e-05
0.00012625
0.000126033
0.00013425
0.000155334
0.000141692
2.64393e-05
0.000123496
0.000129973
2.41368e-05
4.85262e-05
2.6745e-05
2.58923e-05
2.43061e-05
3.19999e-05
0.000121527
3.15685e-05
0.000123626
2.12709e-05
0.000120069
0.000120578
0.000128441
0.000149141
0.000136057
2.54444e-05
0.000118576
0.000124776
2.7977e-05
4.66706e-05
2.57599e-05
2.49282e-05
2.34173e-05
3.10965e-05
0.000117487
3.04453e-05
0.000119672
2.05221e-05
0.000118436
0.000116053
0.000123658
0.000143556
0.000130977
2.45466e-05
0.000114134
0.000120085
3.18398e-05
4.49915e-05
2.48676e-05
2.40535e-05
2.26098e-05
3.22909e-05
0.000111118
2.94236e-05
0.000114272
1.98401e-05
0.000110969
0.000111929
0.000119301
0.000138463
0.000126346
2.37277e-05
0.000110078
0.000115805
3.07541e-05
4.34505e-05
2.40477e-05
2.32489e-05
2.18684e-05
2.37099e-05
0.0001096
2.84739e-05
0.000112664
1.92058e-05
0.000109712
0.000108098
0.000115496
0.000133776
0.000122084
2.297e-05
0.000106341
0.000111863
2.46576e-05
4.20064e-05
2.32774e-05
2.24923e-05
1.78224e-05
2.81238e-05
0.000104955
2.75848e-05
0.000106937
1.8611e-05
0.000106129
0.000104524
0.000110729
0.000129356
0.000118065
2.22557e-05
0.000102816
0.000108145
2.38787e-05
4.06634e-05
2.25606e-05
2.25892e-05
1.72736e-05
2.608e-05
0.000103317
2.67538e-05
0.000104257
1.8055e-05
0.000102772
0.000101178
0.000108054
0.000125211
0.000114298
2.15875e-05
9.9512e-05
0.000104661
2.31498e-05
3.94052e-05
2.1889e-05
2.19055e-05
1.67591e-05
2.65073e-05
9.83699e-05
2.59748e-05
0.000100291
1.75337e-05
9.56475e-05
9.80366e-05
0.000104733
0.000121319
0.000110762
2.09614e-05
9.64106e-05
0.000101391
2.35928e-05
3.82345e-05
2.12642e-05
2.12692e-05
1.628e-05
2.52503e-05
9.70498e-05
2.52469e-05
9.69964e-05
1.70467e-05
9.94349e-05
9.50907e-05
0.000101619
0.000117735
0.000107505
2.0381e-05
9.35488e-05
9.8375e-05
2.29231e-05
3.71408e-05
2.06793e-05
2.0673e-05
1.58307e-05
2.57003e-05
9.35125e-05
2.45659e-05
9.41931e-05
1.65904e-05
9.66047e-05
9.23482e-05
9.79538e-05
0.000114337
0.000104418
1.98326e-05
9.08375e-05
9.55177e-05
2.06398e-05
3.61037e-05
2.01248e-05
2.01077e-05
1.54045e-05
1.99713e-05
8.91337e-05
2.39156e-05
9.179e-05
1.61527e-05
9.04556e-05
8.97161e-05
9.51936e-05
0.000111122
0.000101496
1.93108e-05
8.82694e-05
9.28122e-05
2.11229e-05
3.51217e-05
1.95988e-05
1.95714e-05
1.49998e-05
2.32502e-05
8.75189e-05
2.33028e-05
9.01869e-05
1.57418e-05
8.88809e-05
8.72501e-05
9.26095e-05
0.000108101
9.87516e-05
1.882e-05
8.58549e-05
9.02692e-05
2.01336e-05
3.41961e-05
1.91028e-05
1.55514e-05
1.46146e-05
2.33141e-05
8.65967e-05
2.27173e-05
9.03623e-05
1.53469e-05
8.61613e-05
8.62428e-05
9.01307e-05
0.000105157
9.60778e-05
1.83442e-05
8.35052e-05
8.77943e-05
1.96106e-05
3.32981e-05
1.86219e-05
1.51528e-05
1.60213e-05
2.20451e-05
8.23315e-05
2.21544e-05
8.75138e-05
1.49699e-05
8.43618e-05
8.2774e-05
8.77526e-05
0.000102396
9.35691e-05
1.78955e-05
8.12978e-05
8.54699e-05
1.91173e-05
3.24521e-05
1.81682e-05
1.47764e-05
1.35307e-05
2.21238e-05
7.99472e-05
2.16208e-05
8.52699e-05
1.46119e-05
7.96674e-05
8.2011e-05
8.5508e-05
9.97663e-05
9.11806e-05
1.74677e-05
7.91956e-05
8.32566e-05
1.8647e-05
3.16457e-05
1.77355e-05
1.44173e-05
2.13184e-05
2.36566e-05
7.81385e-05
2.11185e-05
8.31751e-05
1.42749e-05
7.78444e-05
7.9955e-05
8.33924e-05
9.72734e-05
8.89168e-05
1.70637e-05
7.72029e-05
8.11586e-05
1.72234e-05
3.08815e-05
1.73259e-05
1.40773e-05
2.08224e-05
2.20866e-05
7.69216e-05
2.06362e-05
7.95501e-05
1.39534e-05
7.74346e-05
7.79898e-05
8.13694e-05
