1.35132e-08
1.1276e-08
1.06678e-08
3.56108e-08
1.1618e-08
1.15208e-08
8.55e-08
7.02818e-08
6.47399e-08
1.62662e-07
6.9805e-08
6.74801e-08
6.19715e-08
5.63766e-08
4.22862e-08
2.79896e-08
2.50903e-07
4.06265e-08
3.29858e-08
1.92473e-08
-3.87545e-08
-7.064e-08
-3.33037e-07
-2.80945e-07
-1.44799e-08
-1.46681e-06
-4.56326e-07
-1.50517e-06
-2.8314e-07
-2.72148e-06
-9.38377e-07
-2.82626e-06
-5.69513e-07
-5.29991e-06
-4.14812e-06
-1.53511e-06
-4.3869e-06
-9.06673e-07
-8.08777e-06
-6.66763e-06
-2.38932e-06
-6.86363e-06
-1.39847e-06
-6.55051e-06
-6.56898e-06
-9.16726e-06
-3.25233e-06
-9.11238e-06
-1.89686e-06
-8.80718e-06
-8.97066e-06
-1.58998e-05
-1.32382e-05
-4.46069e-06
-1.28746e-05
-2.59012e-06
-1.23919e-05
-1.26215e-05
-1.82765e-05
-6.08266e-06
-1.76941e-05
-3.52727e-06
-1.70252e-05
-1.73345e-05
-2.45626e-05
-1.98475e-05
-6.97965e-06
-2.11328e-05
-4.15634e-06
-1.90601e-05
-1.93335e-05
-2.96308e-05
-2.54439e-05
-8.35866e-06
-2.54797e-05
-4.53798e-06
-2.41838e-05
-2.32412e-05
-3.091e-05
-1.01e-05
-3.09697e-05
-6.29575e-06
-3.02997e-05
-2.82418e-05
-4.33946e-05
-3.33326e-05
-1.21271e-05
-3.71839e-05
-7.52795e-06
-3.50525e-05
-3.37962e-05
-5.07949e-05
-4.27241e-05
-1.41648e-05
-4.14647e-05
-8.77231e-06
-4.0985e-05
-4.08274e-05
-6.10939e-05
-5.12831e-05
-1.68823e-05
-5.23514e-05
-1.04181e-05
-4.91093e-05
-4.90049e-05
-7.16461e-05
-6.01615e-05
-1.98062e-05
-6.13412e-05
-1.10079e-05
-5.74535e-05
-5.78959e-05
-8.27293e-05
-7.04898e-05
-2.27345e-05
-6.92338e-05
-1.25881e-05
-6.61383e-05
-6.5736e-05
-9.43977e-05
-7.91299e-05
-2.58963e-05
-7.99197e-05
-1.49265e-05
-7.34491e-05
-7.44582e-05
-0.00010891
-9.30799e-05
-2.95509e-05
-9.23337e-05
-1.71659e-05
-8.44401e-05
-8.91638e-05
-0.000121723
-0.000105913
-3.29083e-05
-0.000102064
-1.90373e-05
-9.89656e-05
-0.000101174
-0.000134006
-0.00011682
-3.60549e-05
-0.000112248
-2.04876e-05
-0.000106806
-0.000111112
-0.000145715
-0.000124858
-3.89396e-05
-0.000121013
-2.15325e-05
-0.000115841
-0.000118092
-0.000155912
-0.000131349
-4.14049e-05
-0.0001309
-2.36375e-05
-0.000123671
-0.000129838
-0.000171192
-0.000146465
-4.49423e-05
-0.000145154
-2.57992e-05
-0.00013539
-0.000136794
-1.2365e-05
-0.000185103
-0.000158142
-4.80738e-05
-0.00015599
-2.68702e-05
-0.000146256
-0.000147778
-1.27231e-05
-0.000205676
-0.000177306
-5.25192e-05
-0.000170111
-2.82087e-05
-0.000162003
-0.000163769
-1.32731e-05
-0.000224065
-0.000191635
-5.63989e-05
-0.000192107
-3.31355e-05
-0.000179987
-0.00018189
-0.000240493
-0.000206945
-5.98132e-05
-0.000206281
-3.23354e-05
-0.000192529
-0.000194504
-0.000204356
-0.000262484
-0.000225337
-6.40707e-05
-0.000224127
-3.91883e-05
-0.000217577
-0.000210634
-0.000223933
-1.59332e-05
-0.000278117
-0.000238077
-6.6986e-05
-0.000245376
-4.13434e-05
-0.000232603
-0.00022238
-0.00023771
-1.70023e-05
-0.000293882
-0.000263114
-6.97539e-05
-0.00025892
-3.89492e-05
-0.00024439
-0.000234332
-0.000254799
-1.70728e-05
-0.000300408
-0.000264424
-7.06965e-05
-0.000264531
-4.17734e-05
-0.000249572
-0.00023908
-0.000260075
-1.61251e-05
-0.000235608
-0.000307222
-0.000269163
-7.16526e-05
-0.000270498
-4.121e-05
-0.000255008
-0.000244116
-0.000265739
-1.8402e-05
-0.00024046
-0.000318204
-0.000280082
-7.33066e-05
-0.000279853
-4.485e-05
-0.000263549
-0.000252176
-0.00027482
-1.64155e-05
-0.000248329
-0.000329866
-0.000289396
-7.50545e-05
-0.000289803
-4.36398e-05
-0.000272723
-0.000260825
-0.000281883
-0.00025809
-1.88075e-05
-0.000340213
-0.000301743
-7.63961e-05
-0.000298462
-4.72325e-05
-0.000280543
-0.000268165
-0.000288702
-0.00026527
-1.90676e-05
-0.000346396
-0.00031274
-7.68991e-05
-0.000303578
-5.00293e-05
-0.000285143
-0.000289742
-0.000306076
-0.000269225
-1.65265e-05
-0.000372719
-0.000349393
-8.10213e-05
-0.000325825
-4.51452e-05
-0.000305474
-0.000314287
-0.000308034
-0.000288376
-2.07871e-05
-0.000368444
-0.000331364
-7.96556e-05
-0.000322198
-4.65041e-05
-0.000317022
-0.000310598
-0.000314655
-0.000284592
-1.79336e-05
-0.000381519
-0.000342857
-8.1336e-05
-0.000333193
-4.53784e-05
-0.000314447
-0.000321099
-0.000329087
-0.00029381
-2.05108e-05
-0.000390958
-0.000360505
-8.23823e-05
-0.000341026
-5.00293e-05
-0.00032143
-0.000338536
-0.000336496
-0.000299881
-1.71437e-05
-0.000401626
-0.000368358
-8.36489e-05
-0.000349951
-5.40006e-05
-0.00032941
-0.000355574
-0.000345028
-0.000306954
-1.78415e-05
-0.000342763
-0.000415079
-0.000376679
-8.52575e-05
-0.000361261
-5.33287e-05
-0.000349965
-0.000362811
-0.00035623
-0.000316326
-1.80076e-05
-0.000353796
-0.000342749
-0.000428886
-0.000388898
-8.68927e-05
-0.000372794
-5.42475e-05
-0.000364691
-0.000367291
-0.000381654
-0.000325678
-1.88261e-05
-0.000364825
-0.000353192
-0.000439584
-0.000398254
-8.78971e-05
-0.000381778
-5.48597e-05
-0.000371634
-0.000373396
-0.000386914
-0.000332947
-1.88738e-05
-0.00037264
-0.000361479
-0.000469407
-0.000424969
-9.21088e-05
-0.000406941
-6.07519e-05
-0.000395353
-0.000398241
-0.000416522
-0.000353805
-2.18113e-05
-0.000397357
-0.000384741
-0.000481788
-0.000455855
-9.31963e-05
-0.000417344
-5.99876e-05
-0.000405141
-0.000425193
-0.000440464
-0.000361793
-2.19088e-05
-0.000407061
-0.000393843
-0.000500019
-0.000450801
-9.5095e-05
-0.000432608
-5.84446e-05
-0.000419479
-0.00043772
-0.000455505
-0.000374048
-1.83612e-05
-0.000421727
-0.000407696
-0.000507785
-0.000462624
-9.52989e-05
-0.0004612
-6.01892e-05
-0.000425147
-0.000438159
-0.000457199
-0.000378466
-1.88808e-05
-0.000427363
-0.000412843
-0.000516918
-0.000453833
-9.562e-05
-0.000476794
-6.17249e-05
-0.000431874
-0.000458024
-0.000464881
-0.000383825
-2.25447e-05
-0.000434036
-0.000418996
-0.000521634
-0.000457196
-9.51057e-05
-0.00047741
-5.85941e-05
-0.000435201
-0.000478334
-0.000468827
-0.000386211
-2.35289e-05
-0.000437367
-0.00042201
-0.000537429
-0.00048794
-9.62024e-05
-0.000502193
-6.04885e-05
-0.000446963
-0.000497224
-0.000482541
-0.000396232
-2.03774e-05
-0.000449661
-0.000457028
-0.000548413
-0.000497354
-9.64977e-05
-0.000512444
-6.1738e-05
-0.000455219
-0.000507482
-0.000492354
-2.54805e-05
-2.03384e-05
-0.000457508
-6.92963e-05
-1.90016e-05
-0.000566585
-0.000522195
-9.766e-05
-0.000517288
-5.95751e-05
-0.000470019
-0.000525713
-2.10045e-05
-2.57453e-05
-0.00049676
-8.07562e-05
-6.96989e-05
-0.000523984
-9.66568e-05
-0.000518701
-5.90511e-05
-0.000530197
-0.000527706
-2.08366e-05
-2.55689e-05
-0.000499116
-8.02578e-05
-6.93231e-05
-0.000510101
-9.64106e-05
-0.000519499
-5.89101e-05
-0.000536731
-0.000534271
-2.44427e-05
-2.55181e-05
-0.000505089
-7.86321e-05
-1.92949e-05
-0.000542176
-9.81333e-05
-0.000539173
-5.97997e-05
-0.000558047
-0.000555658
-2.03436e-05
-0.000500159
-0.000525174
-8.66931e-05
-2.08829e-05
-0.000581701
-9.85279e-05
-0.000551992
-5.99009e-05
-0.000554619
-0.000569613
-2.17342e-05
-0.000539099
-2.05146e-05
-8.77165e-05
-0.00058626
-9.84281e-05
-0.000562179
-6.06445e-05
-0.000565386
-0.000581012
-2.23825e-05
-2.13037e-05
-8.03516e-05
-0.000573757
-0.000831444
-0.000100773
-0.000591225
-6.1024e-05
-0.000594869
-0.000619397
-2.28101e-05
-2.16597e-05
-8.32336e-05
-0.000602179
-0.000850312
-0.000100559
-0.000603792
-6.07848e-05
-4.74538e-05
-6.16172e-05
-0.00140982
-0.000529853
-7.72118e-05
-0.000398074
-4.82417e-05
-4.0171e-05
-4.99074e-05
-0.000998803
-0.000482979
-7.52288e-05
-0.000413366
-2.26244e-05
-9.44491e-05
-3.561e-05
-0.000467016
-7.38833e-05
-3.63315e-05
-2.466e-05
-9.68079e-05
-3.51719e-05
-0.000454055
-7.09292e-05
-2.84755e-05
-2.42311e-05
-9.64567e-05
-3.45818e-05
-0.000459113
-7.08098e-05
-2.6535e-05
-2.432e-05
-9.76388e-05
-3.46661e-05
-0.000459421
-7.00051e-05
-2.5535e-05
-2.86772e-05
-9.64982e-05
-3.44824e-05
-0.000448218
-6.98197e-05
-2.80619e-05
-2.5861e-05
-9.48506e-05
-3.41494e-05
-0.00045256
-6.9843e-05
-2.98378e-05
-2.59964e-05
-9.627e-05
-3.4202e-05
-0.000447337
-6.91188e-05
-3.09094e-05
-2.65742e-05
-9.54057e-05
-3.40432e-05
-0.000433444
-6.81985e-05
-3.43052e-05
-2.60731e-05
-9.46405e-05
-3.34363e-05
-7.45867e-05
-6.59727e-05
-2.99978e-05
-2.5431e-05
-9.08928e-05
-3.25603e-05
-8.78464e-05
-6.36768e-05
-2.93117e-05
-2.86628e-05
-8.72347e-05
-3.1584e-05
-8.87355e-05
-6.11521e-05
-2.75844e-05
-2.5217e-05
-8.33886e-05
-3.04506e-05
-8.39402e-05
-5.81753e-05
-2.86644e-05
-2.22752e-05
-7.894e-05
-2.92345e-05
-7.88399e-05
-5.37142e-05
-2.3322e-05
-2.12026e-05
-7.41713e-05
-2.78978e-05
-5.2855e-05
-7.30691e-05
-5.02646e-05
-2.52723e-05
-1.71018e-05
-6.86653e-05
-2.63164e-05
-4.95737e-05
-6.78767e-05
-4.73138e-05
-2.40946e-05
-1.61521e-05
-6.36394e-05
-2.48424e-05
-4.65185e-05
-1.7987e-05
-6.36936e-05
-3.8348e-05
-1.77071e-05
-1.44908e-05
-5.98618e-05
-2.38722e-05
-3.79419e-05
-1.753e-05
-6.05079e-05
-3.6984e-05
-1.72667e-05
-1.49343e-05
-5.64989e-05
-1.96452e-05
-3.65243e-05
-1.70771e-05
-5.68939e-05
-3.29385e-05
-1.66699e-05
-1.40792e-05
-5.26736e-05
-1.87423e-05
-3.4788e-05
-1.64825e-05
-5.55409e-05
-3.20432e-05
-5.37569e-05
-3.10987e-05
-4.54682e-05
-8.74325e-05
-4.78365e-05
-2.82066e-05
-4.7847e-05
-2.75646e-05
-3.95232e-05
5.68738e-05
-3.98972e-05
-2.35711e-05
-2.36306e-05
5.17284e-05
-3.059e-05
-2.08589e-05
-2.9731e-05
4.48272e-05
-5.13395e-05
-3.26621e-05
-9.20269e-05
-7.26299e-05
-0.000154494
-0.000123616
-0.000256261
-0.000204161
-0.000177292
-0.000366627
-0.000309558
-0.000229105
-0.00047199
-0.00034837
-0.000291273
-0.000597459
-0.000442596
-0.000345313
-0.000345347
-0.000704888
-0.000432077
-0.000409024
-0.000385762
-0.000783891
-0.000483635
-0.00038154
-0.000475802
-0.000425054
-0.000565275
-0.000423807
-0.000676798
-0.000498493
-0.000755873
-0.000797372
-0.000715804
-0.000826979
-0.000466686
-0.000785533
0.00853014
-0.000475351
0.00523295
-0.000391604
-0.000292038
-0.00661867
4.51648e-05
4.72962e-05
-0.000229024
-0.000128363
-0.00596833
2.69595e-05
2.85126e-05
2.7213e-05
2.81669e-05
-0.000635612
-9.47656e-05
-0.000134268
-0.000648426
-0.000632285
-0.00062181
-0.000618062
-0.000610816
-0.000762911
-0.000129478
-0.0007728
-0.000767394
-0.000756915
-0.000749077
-0.00074408
-0.00073935
-0.000754202
-0.000758898
-0.000153317
-0.000943786
-0.000935284
-0.000923641
-0.000913702
-0.00090729
-0.000898988
-0.000918282
-0.000924878
-0.000925354
-0.00107412
-0.00107084
-0.00106086
-0.00103121
-0.00103806
-0.00102817
-0.00101843
-0.00104041
-0.00104777
-0.000167639
-0.00101141
-0.00124958
-0.00126604
-0.00125374
-0.00123518
-0.00121067
-0.00121473
-0.00120979
-0.00119783
-0.00122371
-0.00123211
-0.00118485
-0.00150939
-0.00152394
-0.00150782
-0.00148572
-0.0014597
-0.00147094
-0.00145771
-0.00144257
-0.00147356
-0.0014819
-0.00142215
-0.00146923
-0.00200826
-0.00227402
-0.00225593
-0.00220316
-0.00219642
-0.00226182
-0.00225193
-0.00215453
-0.00253209
-0.00246502
-0.00242042
-0.00240588
-0.00247844
-0.00246574
-0.00236914
-0.00266697
-0.00271548
-0.00267352
-0.00262452
-0.00257539
-0.00265333
-0.0026716
-0.00252923
-0.0025066
-0.00254252
-0.0029726
-0.00290313
-0.00283186
-0.0028259
-0.00291129
-0.00288743
-0.00277312
-0.00274698
-0.00278602
-0.00327763
-0.00319175
-0.00310952
-0.00312507
-0.00319694
-0.00316938
-0.00301887
-0.0030161
-0.00305603
-0.00347662
-0.0034847
-0.00343995
-0.0033509
-0.00336656
-0.00335232
-0.00337092
-0.00185968
-0.0038351
-0.00383973
-0.00379107
-0.00369287
-0.00370803
-0.00370834
-0.00370778
-0.00203873
-0.00356758
-0.00205183
-0.00203869
-0.00202624
-0.00345277
-0.00423632
-0.00419328
-0.00403248
-0.00404484
-0.00404056
-0.00403537
-0.00220584
-0.00385583
-0.00212429
-0.00220684
-0.002078
-0.00373232
-0.00459654
-0.00454674
-0.00438255
-0.00439099
-0.00435933
-0.00437009
-0.0023922
-0.00417487
-0.00236146
-0.0023903
-0.00223797
-0.0040245
-0.00227957
-0.00396946
-0.00473875
-0.0047569
-0.00473435
-0.00455491
-0.00452213
-0.00451497
-0.00459407
-0.00232677
-0.0043281
-0.00232984
-0.00225933
-0.00232693
-0.00416855
-0.00237846
-0.00409901
-0.00227985
-0.00541145
-0.00533123
-0.00479686
-0.00503702
-0.0047242
-0.00477912
-0.00247459
-0.00453
-0.00254446
-0.0024936
-0.00247173
-0.00433468
-0.00253901
-0.0045588
-0.00241636
-0.00539866
-0.00535818
-0.00476356
-0.00505178
-0.00465365
-0.00468787
-0.00253421
-0.00447312
-0.00253186
-0.0025592
-0.00253347
-0.00425992
-0.00261775
-0.0045278
-0.00242298
-0.00580215
-0.00512529
-0.00456592
-0.00551056
-0.00441196
-0.00551586
-0.00256216
-0.0042454
-0.00256211
-0.0023109
-0.00256339
-0.0040207
-0.00266667
-0.00432712
-0.0024719
-0.00414214
-0.004066
-0.00455982
-0.00410133
-0.00395514
-0.00391572
-0.00500841
-0.00253785
-0.00379637
-0.00254178
-0.00229765
-0.00253796
-0.00351574
-0.00266237
-0.00389508
-0.00222006
-0.00343303
-0.00394062
-0.00361123
-0.00350345
-0.00333465
-0.00441169
-0.00256113
-0.00331053
-0.00257062
-0.00201098
-0.00256633
-0.00302979
-0.00271716
-0.00343534
-0.00221792
-0.00381685
-0.00269865
-0.00267655
-0.00251527
-0.0024715
-0.0028267
-0.00273438
-0.00246201
-0.0034123
-0.002468
-0.00256139
-0.00248436
-0.00187178
-0.00247522
-0.00229775
-0.0026488
-0.00215462
-0.00189767
-0.00291363
-0.0019472
-0.00165898
-0.00162721
-0.00212725
-0.00204733
-0.00281553
-0.00248241
-0.00243258
-0.00187829
-0.00245636
-0.00248195
-0.00244019
-0.00162491
-0.00263994
-0.00149591
-0.00182883
-0.00204432
-0.00124481
-0.001209
-0.000897856
-0.000884495
-0.00155828
-0.00131048
-0.0011351
-0.00171643
-0.00255868
-0.00133814
-0.00183828
-0.00262104
-0.00257069
-0.00110287
-0.00280347
-0.000976817
-0.0017479
-0.00135082
-0.000676177
-3.72608e-05
-2.04886e-05
-0.000813032
-0.000538869
-0.000345365
-0.00141365
-0.00239619
-0.000594966
-0.00168211
-0.00249693
-0.00246302
-0.00137157
-0.00271214
-0.000342422
-0.000251894
-0.000252615
-0.000237046
-0.000989476
-0.00143675
-0.000489339
-0.00135491
-0.00230608
-0.000748547
-0.0016289
-0.00163702
-0.00239724
-0.00135683
-0.00264695
-0.000212976
-0.000196934
-0.0014072
-0.00045431
-0.00156054
-0.00226175
-0.000730009
-0.00159419
-0.00169337
-0.00236618
-0.00133772
-0.00122455
-0.000101352
-0.00173673
-0.00141544
-0.000360654
-0.00156681
-0.00229586
-0.000664171
-0.00160724
-0.00171815
-0.0016149
-0.0014686
-0.000616576
-0.00161646
-0.00090264
-0.00166471
-0.00134134
-0.00184289
-0.00168755
-0.000884823
-0.00169525
-0.00180747
-0.00177127
-0.00143747
-0.00193858
-0.00182436
-0.00099144
-0.00176924
-0.00188939
-0.00184951
-0.00150128
-0.00202946
-0.00188702
-0.00109066
-0.00184929
-0.0019749
-0.00193327
-0.00156871
-0.00207112
-0.00194047
-0.00117691
-0.00189291
-0.00201672
-0.00197872
-0.00160496
-0.000256292
-0.00214227
-0.00166711
-0.00123158
-0.00193778
-0.00173456
-0.00202629
-0.00163515
-0.000262831
-0.00178759
-0.00166233
-0.00127049
-0.00193765
-0.00173272
-0.00202767
-0.00163431
-0.000262937
-0.00182056
-0.00169346
-0.00128732
-0.00197067
-0.00176266
-0.0020636
-0.00166091
-0.000267598
-0.00185269
-0.0017741
-0.00127396
-0.00200132
-0.00179182
-0.00209778
-0.00171969
-0.000272131
-0.00184206
-0.00176371
-0.00126201
-0.00199135
-0.00184198
-0.00208937
-0.00171036
-0.000270919
-0.00187352
-0.00177868
-0.00118502
-0.00201251
-0.00188835
-0.00211507
-0.00172658
-0.000274605
-0.00108721
-0.00898674
-0.00102971
-0.00827119
-0.00194459
-0.00199625
-0.000867779
-0.00640784
-0.00276688
-0.00280273
-0.00270227
-0.000797309
-0.00567347
-0.0027472
-0.00273202
-0.00262871
-0.0026154
-0.000760993
-0.00534497
-0.00250906
-0.00247216
-0.00240042
-0.00237652
-0.000758087
-0.00532215
-0.00249575
-0.00246572
-0.0023957
-0.00249288
-0.00535187
-0.0050175
-0.00247103
-0.00480524
-0.00472147
-0.0054285
-0.00503135
-0.00250075
-0.00487628
-0.00475994
-0.00544544
-0.0048016
-0.00476148
-0.00480978
-0.00478596
-0.00550869
-0.00507338
-0.00485677
-0.00495617
-0.00465218
-0.0050254
-0.00491137
-0.0050161
-0.00476215
-0.00570285
-0.00521711
-0.0050924
-0.00483952
-0.00503096
-0.00524473
-0.00506151
-0.00515463
-0.00511866
-0.00596255
-0.00520347
-0.0051892
-0.00543477
-0.00525012
-0.0051055
-0.00599421
-0.00549284
-0.00520014
-0.00530304
-0.00527491
-0.00512576
-0.00609948
-0.00572162
-0.00530308
-0.00548012
-0.00535984
-0.00533436
-0.00615267
-0.00555262
-0.00526771
-0.00552493
-0.00555197
-0.00634473
-0.00596971
-0.00541747
-0.00561051
-0.00571875
-0.00546669
-0.0008333
-0.00648359
-0.00304919
-0.00544568
-0.00290958
-0.00568984
-0.00295873
-0.00296001
-0.000757255
-0.00568864
-0.00269225
-0.00271614
-0.00272668
-0.00508308
-0.00271625
-0.00267377
-0.000738606
-0.00551381
-0.0027037
-0.00267201
-0.002664
-0.00497791
-0.00266251
-0.00262407
-0.00565244
-0.00535969
-0.00489786
-0.00507591
-0.0050521
-0.00270001
-0.00265828
-0.00543939
-0.00496006
-0.00472841
-0.00478568
-0.0050032
-0.0025953
-0.00254987
-0.00042728
-0.00539023
-0.00505402
-0.00468824
-0.00478603
-0.00499673
-0.00486523
-0.00251627
-0.00495991
-0.00541683
-0.00518781
-0.00481272
-0.00483053
-0.0050302
-0.00490067
-0.00251549
-0.00495362
-0.000704219
-0.00537589
-0.0051477
-0.00281305
-0.00280299
-0.00496787
-0.00483677
-0.00247322
-0.00489738
-0.000687185
-0.00523119
-0.0026796
-0.00273852
-0.00273265
-0.00260679
-0.00472442
-0.00259274
-0.00480755
-0.000374142
-0.000688224
-0.00523528
-0.00273726
-0.00269508
-0.0027205
-0.00269549
-0.00476026
-0.00263013
-0.00484589
-0.000376711
-0.00069706
-0.00282398
-0.00257654
-0.000723183
-0.000320402
-0.00282937
-0.00288188
-0.00282709
-0.00282671
-0.000350524
-0.00299554
-0.00293637
-0.000780551
-0.003078
-0.00305313
-0.00302249
-0.000348281
-0.00302238
-0.000819664
-0.00327783
-0.00316433
-0.00319525
-0.000372954
-0.00321079
-0.00330014
-0.00327934
-0.00331012
-0.0004101
-0.00332662
-0.00340434
-0.00338367
-0.00337197
-0.000423079
-0.00338929
-0.0033943
-0.000451586
-0.000871594
-0.00365549
-0.00352073
-0.000406481
-0.00369314
-0.00367589
-0.00352989
-0.00444808
-0.00361355
-0.00388765
-0.00371428
-0.00373271
0.00478397
0.00476725
0.00389117
-0.000940245
-0.000549688
0.00468535
-0.000932005
-0.000521025
0.00480101
-0.000934713
-0.00057353
0.00497679
-0.000622529
-0.00174846
-0.000908045
-0.000572912
0.00523798
-0.00047951
-0.00192894
-0.00127313
-0.00200957
-0.000869694
-0.000551239
0.00560142
-0.00053391
-0.00186809
-0.00229013
-0.00234921
-0.00081826
-0.000569175
0.00601889
-0.000461142
-0.00122739
-0.00216428
-0.002722
-0.000543861
0.00638239
-0.000545889
-0.00117789
-0.00078502
-0.000555111
0.00683231
-0.000780515
-0.000579196
-0.000438554
-0.00116178
-0.000809307
-0.000544767
-0.000439423
-0.00122488
-0.000829375
-0.000562627
-0.000446744
-0.00121037
-0.000855087
-0.00049538
-0.000459461
-0.00122908
-0.000915313
-0.000562084
-0.000632189
-0.00135305
-0.000656298
-0.00064494
-0.0013843
-0.000959594
-0.000592524
-0.000492936
-0.00142314
-0.000997821
-0.000638614
-0.000522679
-0.00148248
-0.000710551
-0.000538022
-0.00150997
-0.00106084
-0.000706486
-0.00055353
-0.00158082
-0.00108542
-0.000779571
-0.000582085
-0.00167225
-0.000798932
-0.00059658
-0.00170812
-0.00113723
-0.000867988
-0.000611389
-0.00172171
-0.00116417
-0.000818288
-0.000624433
-0.00177443
-0.00118704
-0.000894444
-0.000687202
-0.00174653
-0.00121685
-0.0009227
-0.000694169
-0.00181269
-0.0012409
-0.000795316
-0.000723767
-0.00185817
-0.000869809
-0.000739617
-0.00224149
-0.00129413
-0.000834066
-0.000662508
-0.00198685
-0.00133061
-0.000803072
-0.00075608
-0.00205789
-0.00135554
-0.000801784
-0.000799555
-0.00212365
-0.00138839
-0.00106446
-0.000746087
-0.00241079
-0.00141229
-0.00100269
-0.000760336
-0.00225572
-0.00144586
-0.00107365
-0.000744362
-0.00232355
-0.000947801
-0.000758264
-0.00237802
-0.0015041
-0.000983721
-0.000863368
-0.00251208
-0.00154742
-0.000940095
-0.000885601
-0.00261732
-0.00159342
-0.00102901
-0.000920152
-0.00266449
-0.00104857
-0.000953367
-0.00277639
-0.00168007
-0.0010619
-0.00100174
-0.00283563
-0.0011356
-0.000665409
-0.0028948
-0.0017143
-0.00120867
-0.000951044
-0.00304018
-0.00115534
-0.00174174
-0.00114625
-0.000943868
-0.00308115
-0.00117166
-0.0030642
-0.00178385
-0.00144807
-0.00101376
-0.00316653
-0.00119643
-0.00314873
-0.00195186
-0.00117611
-0.00101244
-0.00328655
-0.0012181
-0.00322664
-0.00194809
-0.00119955
-0.0012401
-0.00333394
-0.00124226
-0.00331174
-0.0020453
-0.00188353
-0.00121021
-0.00104373
-0.00326771
-0.00125372
-0.00336188
-0.00206982
-0.00130141
-0.00192642
-0.00128092
-0.00110412
-0.00357848
-0.00127771
-0.00345184
-0.00211669
-0.00132639
-0.000680891
-0.0019549
-0.00124955
-0.00113536
-0.00359633
-0.00129254
-0.00351853
-0.00209108
-0.00143057
-0.000686236
-0.00198883
-0.00126661
-0.00111905
-0.00366517
-0.00131028
-0.00359713
-0.00207671
-0.00152669
-0.000692781
-0.00363493
-0.00200368
-0.0013402
-0.00102793
-0.0037466
-0.00131546
-0.00364159
-0.00209205
-0.0015344
-0.000701698
-0.00362656
-0.00202593
-0.00137367
-0.00116523
-0.00373768
-0.00132524
-0.00370027
-0.00214022
-0.00151138
-0.000704076
-0.00206981
-0.00139891
-0.00113909
-0.00397299
-0.00134861
-0.00379809
-0.0021837
-0.00153738
-0.000713508
-0.002105
-0.00141786
-0.00139876
-0.00421503
-0.00136602
-0.00387974
-0.00232378
-0.00180635
-0.000718699
-0.00308729
-0.0021387
-0.00143523
-0.00124861
-0.00432281
-0.00138213
-0.00396446
-0.00228436
-0.00183217
-0.000723835
-0.00417343
-0.00144725
-0.00112167
-0.00390339
-0.00139425
-0.00403672
-0.00225622
-0.00185312
-0.000727021
-0.00220476
-0.0014919
-0.00122076
-0.00440346
-0.00141369
-0.00412983
-0.00229593
-0.00168095
-0.000734088
-0.000817015
-0.00224448
-0.00151314
-0.00128004
-0.00464334
-0.00143223
-0.00422676
-0.00238546
-0.00165947
-0.000740045
-0.0022551
-0.00151609
-0.00129477
-0.00472955
-0.00143422
-0.00460718
-0.00250593
-0.00166192
-0.000737845
-0.00461395
-0.00224278
-0.00146641
-0.00128266
-0.00472989
-0.00142185
-0.00460658
-0.00260578
-0.00166042
-0.000728835
-0.00450991
-0.00224911
-0.00146562
-0.00130517
-0.00468255
-0.00142072
-0.00481038
-0.00247163
-0.0015045
-0.000725319
-0.00465485
-0.00225304
-0.00146314
-0.00127764
-0.00480655
-0.00141763
-0.00484831
-0.00262157
-0.00173572
-0.000720536
-0.0047124
-0.00226902
-0.00146791
-0.00120551
-0.00497754
-0.00142135
-0.0049149
-0.0026965
-0.00179658
-0.000719015
-0.00477476
-0.00228208
-0.00151947
-0.0015481
-0.00495783
-0.00142359
-0.00512106
-0.00244449
-0.00166006
-0.000717087
-0.00231627
-0.00153696
-0.00149675
-0.00516299
-0.00143866
-0.00523135
-0.00169318
-0.00168024
-0.00267276
-0.00511086
-0.00235334
-0.00158278
-0.00154436
-0.00549252
-0.0014534
-0.00535563
-0.00186789
-0.00169936
-0.0026568
-0.00537125
-0.00235348
-0.00157735
-0.0013287
-0.00512063
-0.00144863
-0.00173184
-0.00187583
-0.00276524
-0.00239205
-0.00159854
-0.00120808
-0.00523178
-0.00196363
-0.00175506
-0.0028105
-0.0024379
-0.00162646
-0.00165839
-0.00534697
-0.00168761
-0.00178572
-0.00299079
-0.000914521
-0.00244413
-0.00156435
-0.00155534
-0.00537252
-0.00186478
-0.00178854
-0.00300303
-0.000914665
-0.00156515
-0.00164534
-0.00539466
-0.00186737
-0.00178985
-0.00281822
-0.000772411
-0.00245555
-0.00153879
-0.00155494
-0.0054222
-0.00189974
-0.00179335
-0.00308143
-0.000772307
-0.00247701
-0.00154972
-0.00149783
-0.00548417
-0.00189422
-0.00180673
-0.000838681
-0.00294115
-0.00249083
-0.00173221
-0.00156554
-0.00552555
-0.00180779
-0.00181489
-0.00301367
-0.00251537
-0.00189922
-0.00165544
-0.00559284
-0.00212797
-0.0018296
-0.00318691
-0.00252508
-0.00190497
-0.00138122
-0.00562802
-0.00192455
-0.00183556
-0.00309793
-0.00253974
-0.00191426
-0.00152546
-0.00180757
-0.00211077
-0.001856
-0.00321802
-0.00257837
-0.00194025
-0.00150294
-0.00183146
-0.00205876
-0.00188095
-0.00315694
-0.000956683
-0.00262919
-0.00208077
-0.00162688
-0.00182711
-0.00207664
-0.00191324
-0.00327543
-0.000969342
-0.00268086
-0.00211819
-0.00165354
-0.00185807
-0.00213437
-0.00194611
-0.00328808
-0.000918376
-0.00274248
-0.00216316
-0.0017512
-0.00202746
-0.00195126
-0.00198584
-0.00303743
-0.00087202
-0.002827
-0.00222567
-0.00172759
-0.00199005
-0.00209057
-0.00204139
-0.00336034
-0.000976746
-0.00287939
-0.00205349
-0.00182833
-0.00209599
-0.00231995
-0.00207338
-0.00341608
-0.00100671
-0.00295287
-0.00210014
-0.00176287
-0.00215312
-0.00222593
-0.00212049
-0.00353182
-0.000995279
-0.00348272
-0.0029729
-0.00218695
-0.00200819
-0.00216229
-0.00230001
-0.0021292
-0.00358801
-0.00101926
-0.00350713
-0.00302774
-0.00222192
-0.00185489
-0.00218654
-0.00235624
-0.00216254
-0.00373987
-0.00101685
-0.00309126
-0.00226267
-0.00183512
-0.00226934
-0.00234438
-0.00220127
-0.00381577
-0.00103003
-0.00315161
-0.00230162
-0.0021006
-0.00228755
-0.0023928
-0.00223769
-0.00376565
-0.00104278
-0.00322322
-0.00234764
-0.00196451
-0.002321
-0.00239557
-0.00228169
-0.00424801
-0.00107577
-0.00331951
-0.00237566
-0.00249884
-0.00238188
-0.00245873
-0.002341
-0.00428985
-0.00112315
-0.00331394
-0.00236779
-0.00240969
-0.00237406
-0.00259328
-0.00233288
-0.00428653
-0.0011162
-0.00190568
-0.00416053
-0.00335099
-0.0023874
-0.00242948
-0.00239331
-0.00256206
-0.00235157
-0.00411101
-0.00112009
-0.00198336
-0.00421289
-0.00338479
-0.00248121
-0.00244702
-0.00241035
-0.00269774
-0.0023677
-0.00453165
-0.00112197
-0.00214279
-0.00445004
-0.00343411
-0.00251041
-0.00232956
-0.00243791
-0.00273093
-0.00239435
-0.00447613
-0.00110644
-0.00216571
-0.00452279
-0.00075815
-0.00344292
-0.00251114
-0.00224851
-0.00244701
-0.00270493
-0.00239411
-0.00447187
-0.00114637
-0.0021643
-0.00454062
-0.000749521
-0.00346066
-0.0025181
-0.00230414
-0.00253915
-0.00261661
-0.00239948
-0.00456992
-0.00127428
-0.00216748
-0.000747066
-0.00456493
-0.00346782
-0.0025177
-0.00254135
-0.002408
-0.00283363
-0.00239727
-0.00473627
-0.00119315
-0.00216388
-0.00458637
-0.00350277
-0.00253677
-0.00248736
-0.00242506
-0.00263864
-0.00241485
-0.00490309
-0.00119667
-0.00217793
-0.0045484
-0.00350534
-0.00253331
-0.00264472
-0.0022506
-0.00287215
-0.0024099
-0.00476086
-0.00120145
-0.002173
-0.00466946
-0.000729485
-0.00351649
-0.00253529
-0.00245462
-0.00225082
-0.00276282
-0.00241135
-0.00481142
-0.00114333
-0.00217282
-0.00467545
-0.000725629
-0.00353468
-0.00254206
-0.00236421
-0.002255
-0.00277154
-0.00241676
-0.0047742
-0.00114095
-0.00217651
-0.00464205
-0.00356953
-0.00256029
-0.00242835
-0.00226881
-0.00280788
-0.00243249
-0.00487608
-0.00114283
-0.00218883
-0.00488275
-0.00477674
-0.00358154
-0.00256235
-0.00220466
-0.0022689
-0.0028118
-0.00243358
-0.00484347
-0.00113843
-0.00218875
-0.00479462
-0.00480196
-0.000702147
-0.00360443
-0.00257205
-0.00236029
-0.00227502
-0.00282322
-0.00244111
-0.00500563
-0.0011688
-0.0021935
-0.004951
-0.00483562
-0.000722363
-0.00357834
-0.0025481
-0.00238289
-0.00225216
-0.00296513
-0.0024171
-0.00497574
-0.00115334
-0.00217108
-0.00491106
-0.00506182
-0.000688295
-0.00356239
-0.00253074
-0.0025135
-0.00252911
-0.00294639
-0.00239875
-0.00518465
-0.00116568
-0.00215256
-0.00502926
-0.00504297
-0.000700063
-0.00352268
-0.00249762
-0.00247451
-0.00249603
-0.00291012
-0.00236672
-0.00509829
-0.00113214
-0.00212334
-0.00508756
-0.00491601
-0.000680683
-0.00352481
-0.00249334
-0.00246132
-0.00249162
-0.00290747
-0.0023616
-0.00513982
-0.00112418
-0.00211736
-0.00485441
-0.00504743
-0.000654006
-0.00348682
-0.00246173
-0.00222263
-0.0024603
-0.00287309
-0.00233127
-0.0049852
-0.000999007
-0.00209001
-0.00506573
-0.00498354
-0.000680523
-0.00347044
-0.00244519
-0.00209693
-0.00244392
-0.00285614
-0.00231499
-0.00503666
-0.00106119
-0.00207408
-0.00512266
-0.00508193
-0.000672628
-0.00345201
-0.00242736
-0.00237961
-0.00242552
-0.00283676
-0.00229683
-0.00489689
-0.00114403
-0.00205739
-0.00493398
-0.00497633
-0.000660974
-0.00344188
-0.00241531
-0.00254917
-0.00241293
-0.00282417
-0.00228413
-0.00491815
-0.00110799
-0.00204496
-0.00523157
-0.00500888
-0.0006948
-0.00357516
-0.00249904
-0.00246009
-0.00249627
-0.00292542
-0.00236099
-0.00551085
-0.00113698
-0.00210927
-0.0052596
-0.00540438
-0.000644428
-0.00349218
-0.00243812
-0.00237777
-0.00243554
-0.00285575
-0.00230334
-0.00107643
-0.00111409
-0.00070079
-0.00349879
-0.00243945
-0.00236089
-0.00243688
-0.00285859
-0.00230396
-0.0012134
-0.00111225
-0.000640478
-0.00355495
-0.00247383
-0.00230653
-0.002471
-0.00291205
-0.00233505
-0.00120701
-0.00112415
-0.000620704
-0.00362397
-0.00287647
-0.00268833
-0.00251083
-0.00298685
-0.00237127
-0.001147
-0.00113773
-0.000700344
-0.00373758
-0.00282202
-0.00267097
-0.00258205
-0.00280765
-0.00243754
-0.0011137
-0.00116461
-0.000658206
-0.00378763
-0.00285666
-0.00230461
-0.00261157
-0.0031161
-0.00246329
-0.001174
-0.00117309
-0.000641506
-0.00269294
-0.00386551
-0.0029093
-0.00275642
-0.00294075
-0.00324634
-0.00250294
-0.0012404
-0.00118714
-0.00071144
-0.00273732
-0.0012672
-0.00397271
-0.00298247
-0.0028242
-0.0030723
-0.00331392
-0.00256082
-0.00123927
-0.00120881
-0.000711603
-0.00287653
-0.0012916
-0.000657297
-0.00402871
-0.00322357
-0.00280635
-0.00315965
-0.00347003
-0.00258604
-0.00124755
-0.0012157
-0.000713728
-0.00293438
-0.00130023
-0.000659535
-0.00405138
-0.00323737
-0.0027863
-0.00303247
-0.00318965
-0.00259439
-0.00127975
-0.00121552
-0.000703285
-0.00290946
-0.00130123
-0.000670072
-0.00412635
-0.0032923
-0.00283024
-0.00317744
-0.00329171
-0.00263328
-0.00117601
-0.00122901
-0.00075764
-0.00296303
-0.00131678
-0.000675928
-0.00418681
-0.0034572
-0.00294268
-0.00308353
-0.00339107
-0.00266086
-0.00121606
-0.00123658
-0.000721946
-0.0029496
-0.00132637
-0.000678605
-0.00423966
-0.0033607
-0.0029802
-0.00324
-0.00350796
-0.00268559
-0.00130518
-0.00124327
-0.000640303
-0.00305359
-0.00133465
-0.000680742
-0.00429924
-0.00340205
-0.00296901
-0.00319723
-0.00340807
-0.00271437
-0.00129085
-0.00125133
-0.000740042
-0.00316928
-0.0013444
-0.00068346
-0.00433429
-0.00339993
-0.00317948
-0.00321583
-0.00342801
-0.00272698
-0.00129748
-0.00125247
-0.000764413
-0.00312113
-0.0013469
-0.000644563
-0.00321836
-0.00437863
-0.00381343
-0.0030956
-0.00331395
-0.00362132
-0.00274159
-0.00125863
-0.00125355
-0.000756701
-0.0032069
-0.00134908
-0.000679666
-0.00323866
-0.0043585
-0.00379339
-0.00312568
-0.00324266
-0.00352964
-0.00272206
-0.00132764
-0.0012405
-0.000747061
-0.00318675
-0.00133601
-0.000671396
-0.0032185
-0.00211373
-0.00434205
-0.00377685
-0.00301575
-0.00326493
-0.00341513
-0.00270603
-0.0013421
-0.00122955
-0.000635501
-0.00311789
-0.00132547
-0.000664759
-0.00320195
-0.00432905
-0.00355778
-0.00306773
-0.00336015
-0.00342404
-0.00269352
-0.00126271
-0.00122086
-0.000706309
-0.00313213
-0.00131676
-0.000659063
-0.00318822
-0.00431589
-0.00354394
-0.00286285
-0.00322682
-0.00332567
-0.00268063
-0.00127184
-0.00121162
-0.000636433
-0.00308887
-0.0013078
-0.000645499
-0.00317539
-0.00325928
-0.00430452
-0.00353148
-0.00301645
-0.00321236
-0.0034412
-0.00266636
-0.00128693
-0.00120164
-0.000710732
-0.00303504
-0.00129798
-0.000638543
-0.00316078
-0.00324567
-0.00434971
-0.00350166
-0.00303292
-0.00328131
-0.00361292
-0.00268483
-0.00129117
-0.000646515
-0.00311652
-0.00305214
-0.00130039
-0.000637717
-0.00338651
-0.00429621
-0.00345839
-0.0032344
-0.00323725
-0.00356874
-0.00265158
-0.00127477
-0.000638504
-0.00319799
-0.00301447
-0.000647664
-0.00063058
-0.00330411
-0.000719995
-0.00430696
-0.00346363
-0.00340417
-0.00329745
-0.00357266
-0.00265138
-0.00127159
-0.000635843
-0.00328682
-0.00301535
-0.000644879
-0.000627857
-0.000629192
-0.000992252
-0.000714648
-0.000575547
-0.000705206
-0.00429913
-0.00345533
-0.00321936
-0.0032334
-0.00356467
-0.00264382
-0.00126637
-0.000632723
-0.00330812
-0.0030075
-0.000641703
-0.00317805
-0.000638771
-0.000605328
-0.00064449
-0.000572058
-0.000561443
-0.000621665
-0.00428628
-0.00344194
-0.00317981
-0.00322821
-0.00354983
-0.00263014
-0.00125727
-0.000627351
-0.00318043
-0.00299384
-0.000636375
-0.00316499
-0.000574989
-0.000807979
-0.000546671
-0.000595423
-0.000647107
-0.000616675
-0.00420469
-0.00337515
-0.00329283
-0.00324538
-0.00348001
-0.00257714
-0.00123077
-0.000613752
-0.00321177
-0.0029344
-0.003184
-0.00309881
-0.000560002
-0.000671869
-0.000534091
-0.000598178
-0.000592936
-0.000501462
-0.00413819
-0.00331981
-0.00317311
-0.0031044
-0.00342427
-0.00253393
-0.00120814
-0.000601778
-0.00320904
-0.00288634
-0.00311301
-0.00304929
-0.000544173
-0.000745196
-0.000584769
-0.000633641
-0.00061187
-0.000491726
-0.00413404
-0.00331278
-0.00316532
-0.00318329
-0.003416
-0.00252451
-0.00120024
-0.000596678
-0.00313688
-0.00287741
-0.00310527
-0.00304136
-0.000597831
-0.000780696
-0.000569147
-0.000628434
-0.000613136
-0.000487386
-0.00408438
-0.0032706
-0.00327015
-0.003307
-0.00337141
-0.00248937
-0.00118112
-0.000725036
-0.00303818
-0.002839
-0.00327566
-0.00300146
-0.000557552
-0.00060574
-0.000559199
-0.000617551
-0.000537853
-0.000626649
-0.00407065
-0.00325675
-0.00296866
-0.0032631
-0.00335867
-0.00247741
-0.00117264
-0.000718987
-0.00296258
-0.00282682
-0.00320188
-0.00299046
-0.000565768
-0.000722957
-0.000554351
-0.000612301
-0.000562392
-0.00055908
-0.00401105
-0.0032073
-0.0030755
-0.00310827
-0.0033081
-0.00243841
-0.00115241
-0.000706072
-0.00291737
-0.00278351
-0.00315443
-0.00294566
-0.000505946
-0.000657045
-0.000559619
-0.0007119
-0.000552284
-0.000523801
-0.00400169
-0.00319686
-0.00302639
-0.00318958
-0.00329636
-0.00242714
-0.00114434
-0.000700323
-0.00310692
-0.00277103
-0.0031427
-0.00293388
-0.000592695
-0.000710226
-0.000554577
-0.000527863
-0.00049248
-0.000519009
-0.00394766
-0.0031515
-0.0030438
-0.00320579
-0.0032491
-0.00239032
-0.00112484
-0.000666524
-0.00295616
-0.00273084
-0.00309906
-0.00289251
-0.000582132
-0.000525868
-0.000544603
-0.000518339
-0.000483574
-0.00050964
-0.00395912
-0.00315683
-0.00298356
-0.00313973
-0.00325397
-0.00239059
-0.00112157
-0.000715623
-0.00302424
-0.00273214
-0.0031295
-0.00289532
-0.000579184
-0.000523011
-0.000512528
-0.000515547
-0.000480935
-0.000506867
-0.00392233
-0.00312507
-0.0029811
-0.00306083
-0.00322118
-0.00236434
-0.00110698
-0.000578372
-0.00298559
-0.00270351
-0.00309892
-0.00286626
-0.000571013
-0.000515507
-0.000508788
-0.000474586
-0.000526993
-0.000414787
-0.00318859
-0.000582767
-0.00312671
-0.0032905
-0.00241479
-0.00112995
-0.000590312
-0.00304888
-0.00276056
-0.00316568
-0.00292778
-0.000252798
-0.00052579
-0.00051894
-0.000484213
-0.000537458
-0.000227096
-0.00306643
-0.00056372
-0.00300965
-0.00316661
-0.00232889
-0.00109149
-0.000571255
-0.00293667
-0.0026595
-0.00058379
-0.00259777
-0.0036414
-0.00291124
-0.000542488
-0.00286232
-0.00301133
-0.000472553
-0.00104829
-0.000550751
-0.0027984
-0.00253725
-0.000715482
-0.00287051
-0.00056579
-0.00347933
-0.00313465
-0.000524141
-0.00274184
-0.00288389
-0.000611983
-0.00101048
-0.000532381
-0.00268247
-0.0024341
-0.000690922
-0.00269808
-0.000529765
-0.00282814
-0.000422365
-0.00330473
-0.00297984
-0.000503759
-0.00261228
-0.00274687
-0.000532599
-0.000968826
-0.000511906
-0.0025574
-0.00232247
-0.000663671
-0.00262021
-0.000610335
-0.0027203
-0.00040678
-0.00261769
-0.00313711
-0.00283063
-0.000482596
-0.00248587
-0.00261348
-0.000469389
-0.000926401
-0.000490564
-0.00243488
-0.00221265
-0.000660862
-0.00247383
-0.000584841
-0.00256633
-0.000390445
-0.00247262
-0.00247593
-0.00297668
-0.0026877
-0.000462032
-0.00236434
-0.00248529
-0.000450481
-0.000885356
-0.000469838
-0.00231708
-0.00210696
-0.000590446
-0.00233098
-0.000560062
-0.00244052
-0.000374502
-0.00235319
-0.00233428
-0.00283497
-0.00256129
-0.000443554
-0.00225649
-0.00237156
-0.000432726
-0.00084861
-0.000451205
-0.00221247
-0.00201299
-0.000514832
-0.00220467
-0.000537791
-0.00226365
-0.000360124
-0.00207204
-0.00223091
-0.00271125
-0.00245077
-0.00042705
-0.00216182
-0.00227177
-0.00044348
-0.000816011
-0.000434578
-0.00212069
-0.00193041
-0.000403628
-0.00219166
-0.000517864
-0.00218887
-0.000347173
-0.00214792
-0.00213878
-0.00259747
-0.00234905
-0.000411738
-0.00207452
-0.00217976
-0.000427742
-0.000785759
-0.000419113
-0.00203585
-0.000324659
-0.000400894
-0.00208444
-0.000499821
-0.00211747
-0.000335473
-0.00198389
-0.00205643
-0.00250545
-0.00226649
-0.000398677
-0.00200315
-0.00210462
-0.000414297
-0.000760319
-0.000405924
-0.00196645
-0.000384512
-0.000421332
-0.00201431
-0.000484076
-0.00203096
-0.000325135
-0.00197572
-0.00198692
-0.00207166
-0.0024162
-0.00218634
-0.000385758
-0.00193359
-0.00203144
-0.00036166
-0.000735255
-0.000392862
-0.00189872
-0.000372229
-0.000496944
-0.00192697
-0.000468502
-0.00198116
-0.00031487
-0.0019072
-0.00191921
-0.00201909
-0.00233432
-0.00211276
-0.000373768
-0.00186959
-0.00196414
-0.000350543
-0.000712056
-0.000380737
-0.00183639
-0.000352708
-0.000495017
-0.00189494
-0.000454025
-0.00191627
-0.000305312
-0.00184481
-0.00185679
-0.00195041
-0.00225862
-0.00204468
-0.000362581
-0.0018103
-0.00190179
-0.000340162
-0.000690452
-0.000369419
-0.000367692
-0.000342677
-0.000445133
-0.00181153
-0.000441052
-0.00184452
-0.000296745
-0.00177776
-0.00180117
-0.00189159
-0.00219955
-0.00199127
-0.000353141
-0.00176326
-0.00185245
-0.000398714
-0.000672568
-0.000359862
-0.000358206
-0.000333844
-0.000436808
-0.00177368
-0.000429709
-0.0018076
-0.000289142
-0.00177413
-0.00175507
-0.00184317
-0.00214341
-0.00194052
-0.000344165
-0.00171855
-0.00180555
-0.000458333
-0.000655554
-0.000350769
-0.000349176
-0.000325435
-0.00045733
-0.00169642
-0.000418929
-0.00174521
-0.000281923
-0.00168016
-0.0017115
-0.00179742
-0.00209023
-0.00189245
-0.000335669
-0.00167618
-0.0017611
-0.000447073
-0.000639455
-0.000342166
-0.000340632
-0.000317144
-0.000338463
-0.00169031
-0.000408706
-0.00173802
-0.000275058
-0.00167671
-0.00166986
-0.00175708
-0.00204011
-0.00184711
-0.0003276
-0.00163619
-0.00171916
-0.000358927
-0.000624174
-0.000333981
-0.000332504
-0.00026073
-0.000404607
-0.00163505
-0.00039899
-0.00166625
-0.000268549
-0.00163729
-0.00163071
-0.00170079
-0.00199215
-0.00180374
-0.000319904
-0.00159793
-0.00167903
-0.000350538
-0.000609603
-0.000326184
-0.000336114
-0.000254659
-0.000377773
-0.00162421
-0.000389709
-0.00163949
-0.000262318
-0.00159943
-0.00159311
-0.00167428
-0.0019459
-0.00176192
-0.000312516
-0.00156108
-0.00164036
-0.000342484
-0.000595597
-0.000318697
-0.000328417
-0.000248834
-0.000386366
-0.00156029
-0.000380819
-0.00159067
-0.000256362
-0.00150177
-0.00155712
-0.00163644
-0.00190162
-0.00172189
-0.000305477
-0.00152581
-0.00160335
-0.000354417
-0.000582254
-0.000311574
-0.000321093
-0.000243293
-0.000370099
-0.00155136
-0.00037233
-0.00155093
-0.000250676
-0.00157109
-0.0015223
-0.00159983
-0.0018599
-0.00168415
-0.000298775
-0.00149251
-0.00156841
-0.000346682
-0.000569557
-0.000304777
-0.000314103
-0.000238001
-0.000378668
-0.00150627
-0.00036425
-0.00151746
-0.000245252
-0.00153722
-0.00148958
-0.00155345
-0.00181961
-0.00164772
-0.000292341
-0.00146038
-0.0015347
-0.000314139
-0.00055735
-0.000298251
-0.000307392
-0.000232921
-0.000295625
-0.00144673
-0.000356507
-0.00147947
-0.000240072
-0.00145027
-0.00145826
-0.00152077
-0.0017818
-0.00161351
-0.000286264
-0.00143019
-0.00150302
-0.000323452
-0.000545831
-0.000292084
-0.00030105
-0.000228118
-0.000346034
-0.00143069
-0.000349154
-0.00146352
-0.000235131
-0.00143459
-0.00142842
-0.00148964
-0.0017456
-0.00158076
-0.00028043
-0.00140126
-0.00147267
-0.000310156
-0.000534781
-0.000286163
-0.000239687
-0.000223503
-0.000348587
-0.00142549
-0.000342093
-0.00146474
-0.000230388
-0.00140075
-0.00142037
-0.00145985
-0.00171012
-0.00154867
-0.00027477
-0.00137297
-0.00144297
-0.000303927
-0.00052403
-0.000280417
-0.000234888
-0.000245882
-0.000331274
-0.00136491
-0.000335263
-0.00142814
-0.000225808
-0.00138034
-0.00137272
-0.00143084
-0.00167668
-0.00151841
-0.000269389
-0.00134625
-0.00141493
-0.000298005
-0.00051383
-0.000274954
-0.000230322
-0.000208798
-0.000333906
-0.00133472
-0.00032876
-0.00140057
-0.00022144
-0.00131219
-0.00136918
-0.00140339
-0.00164463
-0.00148941
-0.000264228
-0.00132063
-0.00138805
-0.000292325
-0.000504046
-0.000269712
-0.000225941
-0.000330178
-0.000358505
-0.00131283
-0.0003225
-0.00137426
-0.000217233
-0.0012902
-0.00134335
-0.00137692
-0.00161346
-0.0014612
-0.000259231
-0.00129573
-0.00136191
-0.000271293
-0.00049456
-0.000264637
-0.000221699
-0.000323974
-0.000336012
-0.00130026
-0.000316451
-0.00133591
-0.000213164
-0.00129049
-0.00131825
-0.00135118
