1.00094e-10
1.00094e-10
1.00094e-10
1.00094e-10
1.00094e-10
1.00094e-10
1.00094e-10
1.00094e-10
1.00094e-10
1.00094e-10
1.00094e-10
1.00094e-10
1.00094e-10
1.00094e-10
1.00094e-10
1.00094e-10
1.00094e-10
1.00094e-10
1.00094e-10
1.00094e-10
1.00094e-10
1.00094e-10
1.00094e-10
1.00094e-10
1.00094e-10
1.00094e-10
1.00094e-10
1.00094e-10
1.00094e-10
1.00094e-10
1.00094e-10
1.00094e-10
1.00094e-10
1.00094e-10
1.00094e-10
1.00094e-10
1.00094e-10
1.00094e-10
1.00094e-10
1.00094e-10
1.00094e-10
1.00094e-10
1.00094e-10
1.00094e-10
1.00094e-10
1.00094e-10
1.00094e-10
1.00094e-10
1.00094e-10
1.00094e-10
1.00094e-10
1.00094e-10
1.00094e-10
1.00094e-10
1.00094e-10
1.00094e-10
1.00094e-10
1.00094e-10
1.00094e-10
1.00103e-10
1.00103e-10
1.00103e-10
1.00103e-10
1.00103e-10
1.00103e-10
1.00103e-10
1.1975e-10
1.19456e-10
1.19171e-10
1.18895e-10
1.18626e-10
1.18361e-10
1.18107e-10
2.70705e-10
2.67468e-10
2.64375e-10
2.61416e-10
2.58582e-10
2.55871e-10
2.53265e-10
2.77591e-09
2.64011e-09
2.52076e-09
2.41514e-09
2.32107e-09
2.23919e-09
2.16288e-09
5.52882e-09
1.45459e-08
1.36814e-08
1.94575e-08
1.82443e-08
1.72082e-08
2.28461e-08
2.14345e-08
2.03432e-08
1.94928e-08
1.88112e-08
2.27567e-08
2.18347e-08
2.10675e-08
2.04348e-08
1.99041e-08
1.94523e-08
1.90703e-08
3.03784e-08
2.91462e-08
2.80978e-08
2.72126e-08
2.64549e-08
2.57994e-08
3.46775e-08
3.34305e-08
3.23772e-08
3.1485e-08
3.07233e-08
3.00636e-08
3.56198e-08
3.46262e-08
3.37971e-08
3.30958e-08
3.24987e-08
3.19818e-08
3.15333e-08
4.19276e-08
4.05764e-08
3.9502e-08
3.86305e-08
3.79122e-08
3.73064e-08
3.67934e-08
4.71515e-08
4.5774e-08
4.46631e-08
4.37463e-08
4.29811e-08
4.23307e-08
5.52254e-08
5.31978e-08
5.16958e-08
5.05394e-08
4.96266e-08
4.88857e-08
4.82717e-08
7.10207e-08
6.8401e-08
6.62526e-08
6.44576e-08
6.29438e-08
6.16448e-08
6.0517e-08
6.7137e-08
6.56883e-08
6.44323e-08
6.33193e-08
6.23335e-08
6.14484e-08
6.06498e-08
5.99141e-08
7.09284e-08
6.95916e-08
6.84607e-08
6.74621e-08
6.65875e-08
6.58077e-08
6.51108e-08
6.44672e-08
8.05129e-08
7.868e-08
7.72182e-08
7.59889e-08
7.4955e-08
7.40666e-08
7.32943e-08
7.25897e-08
8.81007e-08
8.64275e-08
8.5032e-08
8.37931e-08
8.27065e-08
8.17364e-08
8.08638e-08
8.00338e-08
1.07972e-07
1.04865e-07
1.02483e-07
1.00504e-07
9.88653e-08
9.74705e-08
9.62704e-08
9.51499e-08
1.25853e-07
1.22053e-07
1.19215e-07
1.16837e-07
1.14842e-07
1.13176e-07
1.11743e-07
1.10376e-07
1.09271e-07
1.2704e-07
1.24582e-07
1.22715e-07
1.21094e-07
1.19686e-07
1.18481e-07
1.17419e-07
1.16344e-07
1.15476e-07
1.25953e-07
1.24328e-07
1.23146e-07
1.22083e-07
1.21146e-07
1.2034e-07
1.19621e-07
1.18851e-07
1.30189e-07
1.28767e-07
1.27721e-07
1.26766e-07
1.25902e-07
1.25147e-07
1.24459e-07
1.23692e-07
1.37821e-07
1.36321e-07
1.35254e-07
1.34241e-07
1.33315e-07
1.32486e-07
1.31734e-07
1.30862e-07
1.30168e-07
1.46443e-07
1.449e-07
1.43816e-07
1.42768e-07
1.41794e-07
1.40927e-07
1.40119e-07
1.39148e-07
1.59678e-07
1.57808e-07
1.56517e-07
1.55271e-07
1.54115e-07
1.53091e-07
1.52138e-07
1.50972e-07
1.61084e-07
1.5949e-07
1.58402e-07
1.5736e-07
1.56384e-07
1.55516e-07
1.54702e-07
1.53658e-07
1.68895e-07
1.67179e-07
1.66015e-07
1.64937e-07
1.63937e-07
1.63062e-07
1.62247e-07
1.6118e-07
1.79002e-07
1.77057e-07
1.75774e-07
1.74588e-07
1.73497e-07
1.72551e-07
1.71675e-07
1.70519e-07
1.69639e-07
1.84707e-07
1.82725e-07
1.81476e-07
1.80356e-07
1.79347e-07
1.78496e-07
1.77721e-07
1.76676e-07
2.0267e-07
1.99426e-07
1.97478e-07
1.9583e-07
1.9437e-07
1.93182e-07
1.92137e-07
1.9078e-07
1.8982e-07
2.06817e-07
2.04458e-07
2.03084e-07
2.01758e-07
2.00541e-07
1.99511e-07
1.98563e-07
1.9724e-07
1.96286e-07
2.15876e-07
2.13291e-07
2.11846e-07
2.10468e-07
2.09244e-07
2.08201e-07
2.07287e-07
2.06013e-07
2.05117e-07
2.21502e-07
2.19213e-07
2.17922e-07
2.16696e-07
2.15586e-07
2.14628e-07
2.13779e-07
2.12542e-07
2.11676e-07
2.1874e-07
2.17094e-07
2.16248e-07
2.15427e-07
2.14678e-07
2.14039e-07
2.13472e-07
2.12612e-07
2.12038e-07
2.21997e-07
2.205e-07
2.19735e-07
2.18978e-07
2.18276e-07
2.17666e-07
2.17128e-07
2.1627e-07
2.32223e-07
2.30304e-07
2.29281e-07
2.28299e-07
2.27399e-07
2.26615e-07
2.25925e-07
2.24854e-07
2.24137e-07
2.4802e-07
2.45355e-07
2.43833e-07
2.42465e-07
2.41232e-07
2.40167e-07
2.39236e-07
2.37856e-07
2.369e-07
2.36194e-07
2.45213e-07
2.43319e-07
2.42317e-07
2.41407e-07
2.4059e-07
2.39893e-07
2.39275e-07
2.38265e-07
2.37641e-07
2.37167e-07
2.51681e-07
2.49756e-07
2.48777e-07
2.47835e-07
2.46982e-07
2.4625e-07
2.4559e-07
2.44523e-07
2.43846e-07
2.43333e-07
2.58724e-07
2.56627e-07
2.55528e-07
2.54527e-07
2.5362e-07
2.5289e-07
2.52214e-07
2.51083e-07
2.50383e-07
2.49857e-07
2.6477e-07
2.62663e-07
2.6157e-07
2.60571e-07
2.59708e-07
2.58966e-07
2.58283e-07
2.57131e-07
2.56418e-07
2.55881e-07
2.89617e-07
2.8536e-07
2.83123e-07
2.812e-07
2.79614e-07
2.78269e-07
2.77102e-07
2.75248e-07
2.74068e-07
2.73249e-07
2.95278e-07
2.92034e-07
2.90338e-07
2.88786e-07
2.87379e-07
2.86215e-07
2.85158e-07
2.83396e-07
2.8223e-07
2.81399e-07
2.99507e-07
2.96677e-07
2.95248e-07
2.93918e-07
2.9269e-07
2.91656e-07
2.90728e-07
2.89064e-07
2.88e-07
2.87249e-07
3.13826e-07
3.10384e-07
3.08685e-07
3.07129e-07
3.0572e-07
3.04546e-07
3.03501e-07
3.01637e-07
3.00452e-07
2.99637e-07
3.24782e-07
3.2107e-07
3.19301e-07
3.17693e-07
3.16251e-07
3.15056e-07
3.13932e-07
3.11985e-07
3.10795e-07
3.09989e-07
3.3542e-07
3.31896e-07
3.30215e-07
3.28643e-07
3.27195e-07
3.2599e-07
3.24804e-07
3.22692e-07
3.21387e-07
3.20495e-07
3.49186e-07
3.4508e-07
3.43194e-07
3.41465e-07
3.399e-07
3.38608e-07
3.37364e-07
3.3514e-07
3.33797e-07
3.32902e-07
3.32065e-07
3.55839e-07
3.52279e-07
3.50676e-07
3.49274e-07
3.47943e-07
3.46746e-07
3.45566e-07
3.43346e-07
3.42008e-07
3.41107e-07
3.40255e-07
3.99733e-07
3.92512e-07
3.89235e-07
3.86517e-07
3.84102e-07
3.8201e-07
3.80037e-07
3.76474e-07
3.74265e-07
4.0016e-07
3.94895e-07
3.92576e-07
3.90504e-07
3.88645e-07
3.86974e-07
3.8534e-07
3.82204e-07
3.80293e-07
3.788e-07
4.10164e-07
4.05223e-07
4.03091e-07
4.01178e-07
3.99444e-07
3.97867e-07
3.96445e-07
3.9436e-07
3.92798e-07
4.25909e-07
4.20009e-07
4.17539e-07
4.15406e-07
4.12857e-07
4.11274e-07
4.08915e-07
4.06768e-07
4.34228e-07
4.28871e-07
4.25825e-07
4.23489e-07
4.20979e-07
4.19164e-07
4.1772e-07
4.15628e-07
4.48333e-07
4.43022e-07
4.399e-07
4.38234e-07
4.35511e-07
4.33241e-07
4.31759e-07
4.296e-07
4.57962e-07
4.52676e-07
4.52399e-07
4.50648e-07
4.48515e-07
4.46141e-07
4.43583e-07
4.75233e-07
4.69636e-07
4.69351e-07
4.68351e-07
4.67736e-07
5.03213e-07
4.96111e-07
4.95643e-07
4.94362e-07
4.93383e-07
5.3011e-07
5.21585e-07
5.20955e-07
5.1895e-07
5.17606e-07
5.16683e-07
5.3964e-07
5.3156e-07
5.31135e-07
5.29143e-07
5.27837e-07
5.27261e-07
5.48531e-07
5.40511e-07
5.40211e-07
5.38341e-07
5.37237e-07
5.36787e-07
5.49454e-07
5.42364e-07
5.42242e-07
5.40756e-07
5.39617e-07
5.39401e-07
5.48514e-07
5.4197e-07
5.41925e-07
5.40732e-07
5.39929e-07
5.3969e-07
5.41596e-07
5.36188e-07
5.3616e-07
5.35109e-07
5.34472e-07
5.33955e-07
5.34032e-07
5.29778e-07
5.2967e-07
5.28951e-07
5.28414e-07
5.28045e-07
5.28543e-07
5.24855e-07
5.24635e-07
5.24045e-07
5.23546e-07
5.23078e-07
5.24195e-07
5.20663e-07
5.20394e-07
5.20024e-07
5.19523e-07
5.17802e-07
5.18233e-07
5.15175e-07
5.14848e-07
5.14464e-07
5.14214e-07
5.11762e-07
5.11649e-07
5.1211e-07
5.09256e-07
5.08963e-07
5.086e-07
5.08323e-07
5.05948e-07
5.05793e-07
5.05946e-07
5.03478e-07
5.03144e-07
5.02814e-07
5.02553e-07
5.02441e-07
4.98074e-07
4.98701e-07
4.96558e-07
4.96325e-07
4.96015e-07
4.95715e-07
4.95615e-07
4.91503e-07
4.92713e-07
4.90784e-07
4.9064e-07
4.90353e-07
4.90054e-07
4.89917e-07
4.8474e-07
4.8464e-07
4.8712e-07
4.85197e-07
4.85094e-07
4.84705e-07
4.84278e-07
4.84058e-07
4.81713e-07
4.81608e-07
4.83961e-07
4.8279e-07
4.82572e-07
4.81993e-07
4.8137e-07
4.81002e-07
4.79796e-07
4.79632e-07
4.80622e-07
4.79969e-07
4.79752e-07
4.79358e-07
4.78897e-07
4.78565e-07
4.77583e-07
4.77409e-07
4.78139e-07
4.77197e-07
4.7697e-07
4.76583e-07
4.76171e-07
4.7587e-07
4.74938e-07
4.74672e-07
