-0.0063953
-0.00635256
-0.00631199
-0.00627288
-0.00623322
-0.00619425
-0.00615645
-0.00856333
-0.00848545
-0.0084127
-0.00834143
-0.00827126
-0.00820497
-0.00813637
-0.00806933
-0.0189236
-0.0185548
-0.0182148
-0.017888
-0.0175748
-0.0172618
-0.0169695
-0.0895844
-0.0821756
-0.145115
-0.126541
-0.112258
-0.100877
-0.0916154
-0.0915462
-0.083616
-0.0772108
-0.0716215
-0.0665972
-0.131682
-0.116135
-0.103939
-0.0939941
-0.0859848
-0.0789672
-0.0841154
-0.0774706
-0.0717837
-0.0671325
-0.0627112
-0.0589683
-0.0557853
-0.052809
-0.0715014
-0.0666094
-0.0625283
-0.0588201
-0.0553154
-0.052524
-0.0892681
-0.0816978
-0.075539
-0.0699729
-0.0655192
-0.0612819
-0.0578559
-0.0587947
-0.0555267
-0.0525595
-0.049698
-0.0472823
-0.0450174
-0.0432727
-0.0485445
-0.0462805
-0.0442395
-0.0421441
-0.0403243
-0.038928
-0.0372747
-0.0490001
-0.0465909
-0.0443565
-0.0424164
-0.0407015
-0.039244
-0.0377623
-0.0362851
-0.0446758
-0.0426608
-0.0409682
-0.0394045
-0.0378171
-0.036239
-0.03489
-0.0505751
-0.0480332
-0.0459494
-0.0436887
-0.0420379
-0.0402485
-0.0384131
-0.0370064
-0.0382758
-0.0366914
-0.0354329
-0.0341731
-0.0332352
-0.0321852
-0.030771
-0.0751638
-0.0696645
-0.0651242
-0.0609489
-0.0577941
-0.0545631
-0.0514145
-0.0561166
-0.0529068
-0.0502764
-0.0476718
-0.0459303
-0.0438842
-0.0416321
-0.0402337
-0.0514568
-0.0487348
-0.0468817
-0.0447272
-0.0423111
-0.0406567
-0.0433984
-0.0413901
-0.0401945
-0.0386131
-0.0367567
-0.0352901
-0.0613823
-0.0575896
-0.0544994
-0.0514534
-0.0488431
-0.0471337
-0.0450134
-0.0471403
-0.0454087
-0.0434329
-0.0411106
-0.0392607
-0.0378693
-0.0619175
-0.0587778
-0.0547465
-0.0519675
-0.0506473
-0.0487238
-0.0456363
-0.0435437
-0.0423645
-0.0400791
-0.0474257
-0.0452072
-0.0431644
-0.0411147
-0.0394106
-0.0386587
-0.0456113
-0.0435779
-0.0414621
-0.0405334
-0.0383161
-0.0366218
-0.0396825
-0.0381586
-0.0364489
-0.0350806
-0.0347247
-0.032858
-0.0324378
-0.0429597
-0.04183
-0.039454
-0.0378819
-0.0362157
-0.0357495
-0.0336164
-0.0486059
-0.0461037
-0.0442122
-0.0430158
-0.0404623
-0.0458114
-0.043514
-0.0418591
-0.0408655
-0.0392024
-0.0487217
-0.0461253
-0.043977
-0.0422963
-0.0402001
-0.0396379
-0.0372956
-0.0412653
-0.0404655
-0.0380496
-0.0362906
-0.0349328
-0.0339489
-0.033637
-0.0405688
-0.0398543
-0.0374669
-0.0368467
-0.0344266
-0.0334878
-0.061191
-0.0584681
-0.0543702
-0.0511327
-0.048529
-0.0464589
-0.0560641
-0.0540189
-0.0502965
-0.0474404
-0.0453777
-0.0431127
-0.0425971
-0.0577751
-0.0555966
-0.0526207
-0.0486995
-0.0466451
-0.0441435
-0.0563323
-0.0543265
-0.0514364
-0.047645
-0.0453541
-0.0435704
-0.0641959
-0.0613213
-0.0565623
-0.0545655
-0.0503845
-0.0481981
-0.0765903
-0.0721365
-0.066225
-0.0616043
-0.0582367
-0.0545621
-0.0531058
-0.0538337
-0.0522465
-0.0495887
-0.0457932
-0.0436448
-0.0421034
-0.0562064
-0.0543807
-0.0514994
-0.0474763
-0.045529
-0.0431057
-0.043686
-0.0431153
-0.0397261
-0.0398328
-0.0365725
-0.0355782
-0.0342847
-0.0386621
-0.0385459
-0.0354819
-0.0356054
-0.032913
-0.0319993
-0.057814
-0.0559427
-0.0513057
-0.0488966
-0.0467013
-0.0440353
-0.0420664
-0.0419229
-0.0444658
-0.0440467
-0.0403786
-0.0402846
-0.037101
-0.0356552
-0.0364148
-0.033546
-0.033918
-0.0339142
-0.0342347
-0.0318285
-0.0303142
-0.0293409
-0.0303686
-0.0294619
-0.0271463
-0.0294677
-0.0300383
-0.0279183
-0.0284809
-0.02763
-0.0251408
-0.0244528
-0.0242216
-0.0378614
-0.0378411
-0.0352327
-0.0339305
-0.0324964
-0.0311867
-0.0317197
-0.0310869
-0.0555925
-0.0540003
-0.0499856
-0.0470084
-0.0447625
-0.0431894
-0.0427566
-0.0542855
-0.052952
-0.0489317
-0.0478942
-0.0438505
-0.0423458
-0.0400483
-0.0385925
-0.0371362
-0.0491968
-0.048567
-0.0448184
-0.0422535
-0.0425618
-0.0386956
-0.0376844
-0.0362324
-0.0404554
-0.0406631
-0.0375143
-0.0355168
-0.0347118
-0.0334897
-0.0317775
-0.0309345
-0.029698
-0.0313694
-0.0448662
-0.0447879
-0.0407869
-0.0389676
-0.03798
-0.0364797
-0.0345628
-0.0477191
-0.0474846
-0.0431182
-0.0410877
-0.0393123
-0.0377985
-0.038938
-0.0351252
-0.0339042
-0.0329535
-0.0396463
-0.0402162
-0.0363311
-0.0348267
-0.0339064
-0.0324162
-0.0340584
-0.0301176
-0.0291523
-0.031954
-0.0331495
-0.0296774
-0.02925
-0.0283195
-0.0268094
-0.0263719
-0.0282506
-0.024871
-0.0405496
-0.0410934
-0.0371119
-0.0358265
-0.0348143
-0.0335467
-0.0320857
-0.0306764
-0.0296561
-0.0294609
-0.0308507
-0.029827
-0.0309818
-0.0322004
-0.0288897
-0.0281511
-0.0276188
-0.026201
-0.026112
-0.0249019
-0.0245051
-0.0291087
-0.0305121
-0.0272267
-0.0265942
-0.0261496
-0.0247957
-0.0245555
-0.0236402
-0.0228878
-0.00677402
-0.0232072
-0.0244827
-0.0236513
-0.0232584
-0.0226874
-0.0221503
-0.0216418
-0.0211499
-0.0206721
-0.0202362
-0.0304411
-0.0293459
-0.0285807
-0.027735
-0.0269519
-0.0261798
-0.0254836
-0.0247897
-0.0241609
-0.0235665
-0.0300968
-0.0291395
-0.0282627
-0.0274391
-0.0266752
-0.0259059
-0.0251876
-0.024583
-0.0239555
-0.0519001
-0.0493312
-0.0467808
-0.0446036
-0.0426151
-0.0407797
-0.0390469
-0.0374839
-0.0361594
-0.0348687
-0.0558631
-0.0531499
-0.0499594
-0.0480425
-0.0452732
-0.0432544
-0.0414125
-0.0399985
-0.0380274
-0.0364452
-0.0534995
-0.0512539
-0.0480393
-0.0458932
-0.0435405
-0.0416086
-0.0408003
-0.0384388
-0.0374535
-0.0355083
-0.0341341
-0.0413578
-0.0404797
-0.0379549
-0.0365392
-0.0350187
-0.0349013
-0.0325502
-0.031695
-0.031314
-0.0297456
-0.0286741
-0.0521554
-0.0504908
-0.0469083
-0.0446014
-0.0429186
-0.0409308
-0.0404431
-0.038476
-0.0359653
-0.0348077
-0.0337437
-0.0468877
-0.0459645
-0.0425447
-0.0407572
-0.0401055
-0.0389033
-0.0358247
-0.0344763
-0.0336556
-0.0323129
-0.0443523
-0.043877
-0.0404238
-0.0387567
-0.0372667
-0.0375263
-0.0346372
-0.034449
-0.0318707
-0.0312797
-0.0382913
-0.0384714
-0.0352462
-0.0339531
-0.0341263
-0.0334743
-0.0306177
-0.029738
-0.0306313
-0.0275134
-0.0268036
-0.0264128
-0.0366422
-0.0371232
-0.0338426
-0.0330143
-0.033569
-0.0306667
-0.0295547
-0.030024
-0.0273854
-0.0265869
-0.0261593
-0.0339279
-0.0348143
-0.0314767
-0.0308347
-0.0317085
-0.028538
-0.0292413
-0.0265431
-0.025952
-0.025016
-0.0269151
-0.0241238
-0.0230367
-0.0413665
-0.0418696
-0.0378525
-0.0367926
-0.0374269
-0.0337007
-0.0342403
-0.0317142
-0.030532
-0.0293507
-0.0280774
-0.0272139
-0.0266256
-0.0527414
-0.0525085
-0.0472627
-0.0454662
-0.0428533
-0.0406548
-0.0392071
-0.0398907
-0.0357971
-0.0346692
-0.0338829
-0.0411247
-0.0424372
-0.0376275
-0.036702
-0.0351416
-0.03586
-0.0328082
-0.0308453
-0.0333787
-0.0292827
-0.0283117
-0.0302238
-0.0324045
-0.0281918
-0.0278956
-0.026886
-0.0258259
-0.0274794
-0.0275927
-0.0271063
-0.0230978
-0.0228805
-0.0303042
-0.0323818
-0.031408
-0.027726
-0.02689
-0.0258333
-0.02731
-0.0239279
-0.0235615
-0.0226008
-0.0225584
-0.0254236
-0.045537
-0.0465709
-0.0414107
-0.0398537
-0.0381957
-0.0388691
-0.0351833
-0.0340389
-0.031856
-0.0307415
-0.0301826
-0.0292981
-0.03285
-0.0354904
-0.0306299
-0.0299162
-0.0289332
-0.0305387
-0.0271016
-0.0259973
-0.0281039
-0.0283843
-0.0238061
-0.0236696
-0.0220642
-0.0356484
-0.0381246
-0.0330494
-0.0321731
-0.0310459
-0.032567
-0.0315018
-0.0315609
-0.0268303
-0.0264953
-0.0257522
-0.0245758
-0.0242084
-0.0399379
-0.0421497
-0.0367052
-0.0345977
-0.0342197
-0.0320012
-0.031468
-0.0307471
-0.0325741
-0.0283153
-0.0318784
-0.0267213
-0.0458308
-0.0478699
-0.0416541
-0.0391209
-0.0384259
-0.0358857
-0.0351297
-0.0372613
-0.0324375
-0.0313428
-0.0309069
-0.0340631
-0.0286718
-0.0504808
-0.0524105
-0.0454674
-0.0427453
-0.0415843
-0.0387677
-0.0376434
-0.0366916
-0.0348171
-0.0328989
-0.0376727
-0.0448512
-0.0478205
-0.0408141
-0.0381665
-0.0377047
-0.0356422
-0.0384462
-0.0383726
-0.0320007
-0.0311501
-0.0296184
-0.029049
-0.209102
-0.177307
-0.150731
-0.126011
-0.116446
-0.101063
-0.0960403
-0.0836038
-0.0758467
-0.0714179
-0.10532
-0.100494
-0.0866075
-0.083074
-0.0724303
-0.0678926
-0.0630168
-0.0591764
-0.0548271
-0.052408
-0.117719
-0.11152
-0.094058
-0.0907155
-0.0791353
-0.0726482
-0.0668858
-0.0626677
-0.0599466
-0.0557823
-0.0530167
-0.176817
-0.156712
-0.129075
-0.114337
-0.100946
-0.0915045
-0.0849079
-0.077059
-0.0717833
-0.0995799
-0.0989637
-0.0819743
-0.0756731
-0.0705677
-0.0656008
-0.0617002
-0.0565889
-0.0532708
-0.0583144
-0.131997
-0.12449
-0.108949
-0.092782
-0.0847974
-0.0773185
-0.0723754
-0.0673644
-0.0617073
-0.0587703
-0.258187
-0.198864
-0.164615
-0.147496
-0.121135
-0.108672
-0.0961458
-0.087689
-0.273865
-0.208292
-0.170174
-0.144324
-0.124151
-0.110202
-0.0999879
-0.350986
-0.25019
-0.197946
-0.166477
-0.141211
-0.122786
-0.107717
-0.0979843
-0.430887
-0.291078
-0.221816
-0.18199
-0.169254
-0.246436
-0.18933
-0.158091
-0.13567
-0.129843
-0.115196
-0.327041
-0.237746
-0.176996
-0.172949
-0.136474
-0.118826
-0.106383
-0.0963017
-0.349988
-0.248524
-0.196363
-0.177796
-0.151687
-0.386043
-0.267252
-0.207348
-0.185484
-0.142302
-0.124761
-0.124776
-0.112554
-0.101255
-0.328156
-0.234872
-0.1876
-0.171607
-0.146533
-0.11161
-0.100216
-0.0879424
-0.29825
-0.217302
-0.177144
-0.16395
-0.125286
-0.110576
-0.101269
-0.0871056
-0.340978
-0.241635
-0.190248
-0.158799
-0.135444
-0.122179
-0.10788
-0.0970218
-0.0878498
-0.356518
-0.248737
-0.21339
-0.15909
-0.133679
-0.116218
-0.102908
-0.113054
-0.10223
-0.31875
-0.239355
-0.209919
-0.15508
-0.131223
-0.137232
-0.101068
-0.11364
-0.0833994
-0.282109
-0.218133
-0.177134
-0.146904
-0.127992
-0.112325
-0.101274
-0.0907188
-0.0827963
-0.319186
-0.240042
-0.193158
-0.160347
-0.139538
-0.117585
-0.105518
-0.100687
-0.0911333
-0.0839486
-0.300822
-0.229003
-0.18625
-0.155058
-0.134935
-0.11405
-0.102703
-0.0985618
-0.0903605
-0.082627
-0.329295
-0.244967
-0.196707
-0.157916
-0.136135
-0.118801
-0.108828
-0.0977048
-0.292877
-0.219275
-0.178851
-0.150219
-0.130457
-0.114891
-0.105932
-0.0962804
-0.315101
-0.23192
-0.186004
-0.156378
-0.13438
-0.118677
-0.10403
-0.0970377
-0.0900136
-0.356205
-0.259438
-0.204
-0.169137
-0.142168
-0.317394
-0.39665
-0.25927
-0.406415
-0.261396
-0.19437
-0.169782
-0.171516
-0.112507
-0.111972
-0.106769
-0.333457
-0.22317
-0.181954
-0.177725
-0.118488
-0.113748
-0.107489
-0.148558
-0.10975
-0.322482
-0.218313
-0.177747
-0.1707
-0.125068
-0.117796
-0.0896321
-0.148223
-0.332455
-0.222965
-0.180864
-0.172332
-0.126504
-0.118606
-0.15637
-0.132416
-0.0813443
-0.0847057
-0.101851
-0.298911
-0.204767
-0.166604
-0.160314
-0.119678
-0.11201
-0.14726
-0.125679
-0.0782339
-0.0793972
-0.0978891
-0.0559135
-0.310933
-0.220458
-0.162845
-0.148111
-0.115104
-0.104993
-0.128849
-0.11197
-0.111924
-0.104665
-0.0857715
-0.0783166
-0.0707247
-0.300936
-0.229502
-0.18347
-0.155704
-0.13207
-0.116708
-0.110781
-0.0991553
-0.0903659
-0.0857434
-0.0787979
-0.322776
-0.241618
-0.19301
-0.158587
-0.136498
-0.126518
-0.111722
-0.100698
-0.0944157
-0.0859205
-0.0789395
-0.0731298
-0.293199
-0.224511
-0.181699
-0.150571
-0.130393
-0.121556
-0.107792
-0.097511
-0.0919885
-0.0839345
-0.077144
-0.295194
-0.226318
-0.183391
-0.151814
-0.130852
-0.120933
-0.107335
-0.0969874
-0.0911449
-0.0832964
-0.0768047
-0.309596
-0.234973
-0.189058
-0.155703
-0.133701
-0.123236
-0.109151
-0.10146
-0.0918203
-0.0839278
-0.0776158
-0.288959
-0.221062
-0.177347
-0.149662
-0.136159
-0.120092
-0.10953
-0.0984539
-0.0894072
-0.311012
-0.233738
-0.185627
-0.155633
-0.140945
-0.123869
-0.112502
-0.101107
-0.0916091
-0.083923
-0.077412
-0.2954
-0.224726
-0.179769
-0.157635
-0.136179
-0.121846
-0.108486
-0.0979452
-0.0894197
-0.309726
-0.233184
-0.18524
-0.161534
-0.139095
-0.124157
-0.110333
-0.0993213
-0.0904553
-0.0827433
-0.263029
-0.205105
-0.166689
-0.147688
-0.128635
-0.115994
-0.10385
-0.0940902
-0.0858871
-0.0790178
-0.0734259
-0.328437
-0.243936
-0.192212
-0.166314
-0.142619
-0.126955
-0.112575
-0.101211
-0.092693
-0.083953
-0.0774223
-0.279385
-0.214984
-0.173306
-0.152618
-0.132388
-0.119071
-0.106341
-0.0961624
-0.0876795
-0.0814514
-0.0744093
-0.0692122
-0.304446
-0.229869
-0.18311
-0.159797
-0.137771
-0.123344
-0.109752
-0.0989574
-0.0900099
-0.083458
-0.0761719
-0.0706586
-0.0660215
-0.309923
-0.232932
-0.185037
-0.161242
-0.138826
-0.124262
-0.110493
-0.0995774
-0.0904354
-0.0829887
-0.305077
-0.22959
-0.182822
-0.160059
-0.137967
-0.123796
-0.11014
-0.0993147
-0.0902236
-0.082864
-0.305268
-0.229429
-0.182671
-0.160143
-0.138014
-0.123976
-0.110297
-0.0994628
-0.0903493
-0.0828593
-0.307888
-0.230707
-0.18345
-0.16088
-0.138542
-0.124524
-0.110744
-0.0998453
-0.0906686
-0.0831358
-0.292347
-0.221318
-0.177257
-0.156495
-0.135234
-0.12206
-0.108804
-0.0982856
-0.0893811
-0.082059
-0.286222
-0.218297
-0.186163
-0.157041
-0.139012
-0.12209
-0.108999
-0.0981741
-0.0894204
-0.298672
-0.224562
-0.179329
-0.158384
-0.136599
-0.123398
-0.109891
-0.0992055
-0.0901484
-0.0827195
-0.294042
-0.221738
-0.177433
-0.157013
-0.135514
-0.122638
-0.109301
-0.0987395
-0.089768
-0.0824057
-0.0781333
-0.294856
-0.222189
-0.177632
-0.157135
-0.135526
-0.122731
-0.109384
-0.0988181
-0.0898365
-0.0824678
-0.0781903
-0.293964
-0.221469
-0.177092
-0.156878
-0.135269
-0.122666
-0.109344
-0.0988018
-0.0898262
-0.0824654
-0.0783168
-0.294641
-0.221639
-0.177117
-0.157089
-0.135356
-0.122899
-0.109541
-0.0989794
-0.0899761
-0.0825981
-0.0785936
-0.277321
-0.210982
-0.169957
-0.151971
-0.131436
-0.119951
-0.107204
-0.0970873
-0.0884087
-0.0812808
-0.077591
-0.295524
-0.221773
-0.177086
-0.157375
-0.135427
-0.123239
-0.109833
-0.099247
-0.0902041
-0.0828015
-0.0790434
-0.310534
-0.230328
-0.182588
-0.16163
-0.138506
-0.125855
-0.111921
-0.100963
-0.0916266
-0.0840058
-0.0802627
-0.288641
-0.217089
-0.173751
-0.155439
-0.133781
-0.122358
-0.10916
-0.0987369
-0.0897869
-0.0824634
-0.0791168
-0.300253
-0.223782
-0.185879
-0.160413
-0.138381
-0.121838
-0.108554
-0.0979855
-0.091922
-0.311335
-0.230213
-0.189872
-0.163329
-0.140544
-0.123509
-0.109879
-0.099062
-0.0929725
-0.288155
-0.226765
-0.189011
-0.15917
-0.137654
-0.120961
-0.10799
-0.100552
-0.271963
-0.210393
-0.176988
-0.150455
-0.130993
-0.115748
-0.103765
-0.0968435
-0.193537
-0.199662
-0.166424
-0.142634
-0.124116
-0.1104
-0.371531
-0.276583
-0.230889
-0.206315
-0.172849
-0.147048
-0.143819
-0.126085
-0.111738
-0.104903
-0.109401
-0.12016
-0.115448
-0.103229
-0.115347
-0.104262
-0.0941463
-0.101424
-0.0918076
-0.0867827
-0.0795925
-0.0735468
-0.0709631
-0.0661159
-0.0727158
-0.0675351
-0.0689406
-0.0642479
-0.0657449
-0.0694924
-0.0773883
-0.0715428
-0.0815168
-0.0835337
-0.0769293
-0.0946707
-0.0863381
-0.109777
-0.0985552
-0.0897447
-0.0997962
-0.0907722
-0.0949657
-0.0863896
-0.0796077
-0.0813027
-0.0784328
-0.0725841
-0.0712585
-0.0799097
-0.0738271
-0.0714802
-0.0682553
-0.0686908
-0.0696294
-0.0648656
-0.0785988
-0.0741334
-0.0687719
-0.0775985
-0.0717781
-0.0813816
-0.0750304
-0.0734981
-0.0682556
-0.0756174
-0.070086
-0.0995239
-0.0902266
-0.0859822
-0.0789517
-0.0870296
-0.0798455
-0.0748499
-0.0694388
-0.0798467
-0.0737466
-0.0818616
-0.0754584
-0.072222
-0.067172
-0.0629661
-0.0591483
-0.0779806
-0.0721971
-0.0672849
-0.0715883
-0.0666956
-0.0624538
-0.0746231
-0.0693166
-0.0647869
-0.079643
-0.0736321
-0.0685744
-0.0886659
-0.081289
-0.0751891
-0.0845942
-0.0778224
-0.0722302
-0.105157
-0.0951651
-0.0965886
-0.0878754
-0.0808362
-0.103815
-0.0941148
-0.0927106
-0.084605
-0.078086
-0.0786143
-0.0726607
-0.0678283
-0.0633082
-0.0666913
-0.0622986
-0.0585759
-0.055492
-0.0720045
-0.0669291
-0.0626578
-0.0591562
-0.0586473
-0.0551591
-0.0522129
-0.0498543
-0.0526663
-0.0497867
-0.0476452
-0.0451734
-0.0704692
-0.0655705
-0.0614748
-0.0581528
-0.068982
-0.0642644
-0.0602998
-0.0571511
-0.0632747
-0.0592351
-0.0558408
-0.053199
-0.0709614
-0.0659737
-0.0618182
-0.0585321
-0.0829718
-0.0763263
-0.071194
-0.0660815
-0.0752713
-0.0697045
-0.0654364
-0.0610444
-0.0695807
-0.0647509
-0.061128
-0.0571952
-0.0653589
-0.0616849
-0.0738242
-0.0684146
-0.0639515
-0.0604637
-0.0837561
-0.07694
-0.0717455
-0.0664873
-0.0780174
-0.072023
-0.0675206
-0.0628106
-0.0881356
-0.0806367
-0.0745177
-0.0697359
-0.0791264
-0.0729557
-0.068339
-0.0634635
-0.0599742
-0.0799217
-0.0736322
-0.0689494
-0.0640281
-0.0605639
-0.0634001
-0.0592475
-0.0562958
-0.0532751
-0.0501258
-0.0537957
-0.0507182
-0.0486486
-0.046388
-0.04384
-0.0605199
-0.0567382
-0.0539655
-0.0513079
-0.048778
-0.0572504
-0.0538492
-0.0510168
-0.0489442
-0.0561537
-0.0528415
-0.0505679
-0.0480147
-0.0516938
-0.0495438
-0.0474823
-0.0447057
-0.048299
-0.0458485
-0.04372
-0.0422623
-0.0404772
-0.0426246
-0.0406165
-0.0391581
-0.0378602
-0.0360286
-0.052392
-0.0499153
-0.0473322
-0.0456192
-0.0696145
-0.0647051
-0.0608992
-0.0576706
-0.0539484
-0.0568485
-0.0533833
-0.0508319
-0.0486454
-0.0457744
-0.0769802
-0.0710392
-0.0666315
-0.0619535
-0.0589432
-0.0720441
-0.0667434
-0.0630468
-0.0586138
-0.0615644
-0.0574913
-0.0541749
-0.0520389
-0.0543211
-0.0510336
-0.0491245
-0.0460362
-0.0581371
-0.0544385
-0.0521723
-0.0488527
-0.0589432
-0.0551439
-0.0528408
-0.0493995
-0.0577067
-0.0540265
-0.0510263
-0.0493013
-0.0497801
-0.0468715
-0.0453542
-0.0425611
-0.0549429
-0.0515198
-0.0496106
-0.0464207
-0.0698262
-0.0646948
-0.0613486
-0.0569242
-0.0556043
-0.0520903
-0.0501353
-0.0468595
-0.0534383
-0.0514034
-0.0481278
-0.0610481
-0.0568867
-0.0544814
-0.0533526
-0.0500246
-0.0482786
-0.0501018
-0.0471103
-0.0456493
-0.042695
-0.0457316
-0.0431018
-0.041986
-0.039775
-0.0435111
-0.0410754
-0.0401245
-0.0375989
-0.0371757
-0.0541558
-0.0507632
-0.0489652
-0.0466691
-0.0446912
-0.0487348
-0.0459371
-0.0445082
-0.0426029
-0.040861
-0.0462052
-0.0436948
-0.0424036
-0.0406622
-0.039221
-0.0480626
-0.0454038
-0.0439279
-0.0420586
-0.0403245
-0.0417878
-0.0397242
-0.0386792
-0.0372231
-0.035864
-0.042617
-0.0405141
-0.0393873
-0.0378785
-0.0364635
-0.0532151
-0.0501692
-0.0482039
-0.04613
-0.0439206
-0.0651647
-0.0608136
-0.0577417
-0.0545482
-0.0519045
-0.0506475
-0.0478679
-0.0460938
-0.0440283
-0.0446181
-0.0423655
-0.0410715
-0.0394151
-0.0633049
-0.0591486
-0.0562791
-0.0532371
-0.0545934
-0.051372
-0.0493139
-0.0469457
-0.0450009
-0.0491547
-0.0464734
-0.0448586
-0.0428844
-0.0411634
-0.0566212
-0.0532069
-0.0509651
-0.0484419
-0.046181
-0.0572548
-0.0537801
-0.0514827
-0.0491149
-0.0466535
-0.067687
-0.0630002
-0.0597086
-0.0563346
-0.0576008
-0.0540533
-0.0517525
-0.0491852
-0.0545422
-0.0522241
-0.0495734
-0.0675131
-0.0627515
-0.0595633
-0.056225
-0.0560458
-0.0525787
-0.0504913
-0.0480701
-0.0460105
-0.0525364
-0.0494491
-0.047646
-0.0454847
-0.0436295
-0.0528172
-0.0497124
-0.047882
-0.0456372
-0.0438575
-0.0622578
-0.0581346
-0.055463
-0.0525208
-0.0500784
-0.0571914
-0.0536396
-0.0514316
-0.0489127
-0.0509123
-0.047976
-0.0463271
-0.0442437
-0.0425714
-0.0707296
-0.0655614
-0.0620714
-0.0585994
-0.0550994
-0.0626807
-0.058502
-0.0558238
-0.0528174
-0.0503549
-0.0609211
-0.0569449
-0.0544377
-0.0515728
-0.0489671
-0.0616022
-0.0575497
-0.0549886
-0.0523419
-0.0494284
-0.0551763
-0.0518196
-0.0498477
-0.0477062
-0.0452077
-0.0553153
-0.051924
-0.0499512
-0.0477915
-0.0453042
-0.0511837
-0.0481825
-0.0465684
-0.0447023
-0.0425208
-0.0435966
-0.0412967
-0.0402663
-0.0389342
-0.0372028
-0.0403098
-0.0382767
-0.0374781
-0.036357
-0.0347518
-0.0618681
-0.0577394
-0.0552112
-0.052517
-0.0495857
-0.0521179
-0.0489924
-0.047345
-0.0453972
-0.0431227
-0.041341
-0.0648882
-0.0603894
-0.0575848
-0.0546548
-0.0514975
-0.0489264
-0.0558002
-0.0523576
-0.0503931
-0.0482129
-0.0456446
-0.0436806
-0.0662047
-0.0615889
-0.0586571
-0.055619
-0.0523474
-0.0497753
-0.0651902
-0.0607046
-0.0578722
-0.0549243
-0.051693
-0.0611203
-0.0570709
-0.0546654
-0.052046
-0.0491634
-0.0500746
-0.0471636
-0.0457333
-0.0439512
-0.0417243
-0.0489989
-0.0461681
-0.0448469
-0.0431409
-0.0409783
-0.0394488
-0.060731
-0.0566921
-0.0543652
-0.0517807
-0.0488467
-0.0466495
-0.0649128
-0.0603363
-0.0576205
-0.0546694
-0.0515056
-0.0490199
-0.0546713
-0.0513112
-0.0495251
-0.047428
-0.044888
-0.0429988
-0.0588587
-0.0550501
-0.0529046
-0.0505181
-0.0477052
-0.0513791
-0.0483132
-0.0468394
-0.0446179
-0.0526798
-0.0494314
-0.0479061
-0.0455517
-0.0435987
-0.0433119
-0.0409088
-0.0401249
-0.0384494
-0.0388892
-0.0368003
-0.036355
-0.0349775
-0.0516089
-0.048375
-0.0470343
-0.0447941
-0.0452091
-0.0425289
-0.0417239
-0.0399357
-0.0405384
-0.038215
-0.0377693
-0.0362308
-0.0350066
-0.0419381
-0.0395048
-0.038967
-0.0373993
-0.0407334
-0.0383666
-0.0379412
-0.0364374
-0.0606707
-0.0563515
-0.0543612
-0.0513671
-0.0592047
-0.055014
-0.0532082
-0.0503413
-0.0565768
-0.0526418
-0.0511111
-0.0484459
-0.0462617
-0.0630315
-0.0583998
-0.0562678
-0.053125
-0.050485
-0.0654153
-0.0605155
-0.0581499
-0.0547533
-0.0786477
-0.0719502
-0.0682547
-0.0637448
-0.0898853
-0.0814225
-0.0762889
-0.0709313
-0.0714227
-0.0656121
-0.0626152
-0.0588574
-0.0614604
-0.0568453
-0.0549661
-0.0519501
-0.05472
-0.0508261
-0.0495178
-0.0470784
-0.0481292
-0.0448693
-0.0440002
-0.042154
-0.0563338
-0.052247
-0.0508318
-0.0930987
-0.0839019
-0.0786275
-0.0727097
-0.068247
-0.0656011
-0.0604202
-0.0581699
-0.0679101
-0.0623439
-0.0599066
-0.0565027
-0.0574102
-0.0530648
-0.0515787
-0.0494959
-0.0692252
-0.0634628
-0.0608691
-0.0573935
-0.0754634
-0.0687526
-0.0656138
-0.0614269
-0.073335
-0.0669303
-0.06395
-0.0827859
-0.0749564
-0.07102
-0.0663436
-0.0672245
-0.0615512
-0.0593853
-0.0634272
-0.0581632
-0.0563061
-0.0536789
-0.056017
-0.0515753
-0.0508067
-0.0480201
-0.0457453
-0.0785939
-0.0714234
-0.0679898
-0.0634916
-0.0890894
-0.0803571
-0.075771
-0.0702126
-0.0737784
-0.0672692
-0.0644614
-0.0609302
-0.056857
-0.0851756
-0.0770693
-0.0729142
-0.0678869
-0.0640066
-0.0637929
-0.0586377
-0.0567677
-0.0540847
-0.0506886
-0.0511855
-0.0474162
-0.046442
-0.0445329
-0.0430131
-0.0707625
-0.0647874
-0.0621165
-0.0589331
-0.0800891
-0.0727777
-0.0690271
-0.0651055
-0.0601097
-0.0833162
-0.0753707
-0.0707881
-0.0668938
-0.0630491
-0.0588104
-0.0671132
-0.0614093
-0.0593319
-0.0553324
-0.0530567
-0.0508389
-0.0478069
-0.0584448
-0.0538306
-0.0523872
-0.0492783
-0.0480441
-0.0745198
-0.067998
-0.0649776
-0.0605787
-0.0576948
-0.0551576
-0.0510964
-0.0491621
-0.0585702
-0.0540969
-0.052609
-0.0501594
-0.0485117
-0.0452817
-0.0430555
-0.100202
-0.0899806
-0.0839541
-0.0770194
-0.0719267
-0.0678698
-0.0627102
-0.107034
-0.0968287
-0.0893637
-0.0934812
-0.085634
-0.0799598
-0.0730158
-0.0680233
-0.0735735
-0.0686778
-0.0642969
-0.0605913
-0.0570637
-0.0536013
-0.0510888
-0.048571
-0.0463776
-0.0440448
-0.0423963
-0.0405326
-0.0393159
-0.0387711
-0.0363055
-0.0346676
-0.0337603
-0.0327527
-0.0316163
-0.0307672
-0.0296744
-0.0285683
-0.02809
-0.0272305
-0.0265704
-0.0260157
-0.024911
-0.0246407
-0.0239515
-0.0234309
-0.0230441
-0.0235399
-0.0215597
-0.0214583
-0.020895
-0.020532
-0.0202216
-0.0197839
-0.0204547
-0.0186111
-0.0186614
-0.0193928
-0.0178911
-0.0177111
-0.017189
-0.0166495
-0.0167233
-0.0163269
-0.0162027
-0.0160215
-0.0167634
-0.0150524
-0.0151888
-0.0149792
-0.0158008
-0.0143876
-0.0139369
-0.014103
-0.0138182
-0.0137421
-0.0146431
-0.0129696
-0.0131607
-0.0128781
-0.012789
-0.0127241
-0.0124903
-0.0134519
-0.0118072
-0.0120525
-0.011745
-0.0117758
-0.0126773
-0.0110978
-0.011384
-0.0110803
-0.0111137
-0.0110079
-0.0108261
-0.0117855
-0.0102241
-0.0105519
-0.0104448
-0.011317
-0.0100341
-0.00967999
-0.0100188
-0.0097084
-0.00980485
-0.00975532
-0.0106094
-0.00909276
-0.00945308
-0.00933747
-0.00924125
-0.00909597
-0.0100584
-0.00879502
-0.00848568
-0.00887612
-0.00857295
-0.0086325
-0.00865532
-0.00953582
-0.00802437
-0.00843154
-0.00831575
-0.00830137
-0.00810641
-0.00793267
-0.00906036
-0.00753979
-0.00797134
-0.00886095
-0.00780682
-0.00770477
-0.00746716
-0.00716754
-0.00761244
-0.00849617
-0.00743404
-0.00727817
-0.00725419
-0.00682722
-0.00728592
-0.00813769
-0.00708022
-0.00715311
-0.00682184
-0.00651582
-0.00698605
-0.0066363
-0.00678978
-0.00683266
-0.00773347
-0.00675936
-0.00618305
-0.00666861
-0.00631261
-0.00650183
-0.00653422
-0.00621015
-0.00734183
-0.00588274
-0.00635283
-0.00602033
-0.00629476
-0.00618691
-0.00592659
-0.00565051
-0.0061342
-0.0057946
-0.00606369
-0.00592564
-0.00688476
-0.00576381
-0.00539451
-0.00591039
-0.00554474
-0.00582733
-0.00580861
-0.0056753
-0.005423
-0.00660518
-0.00513092
-0.0055911
-0.00528681
-0.00557652
-0.00540668
-0.00552597
-0.00519345
-0.00632741
-0.00489041
-0.00535745
-0.00505098
-0.00534766
-0.00519211
-0.00527072
-0.00496124
-0.0051979
-0.00467841
-0.00508853
-0.00484058
-0.00602476
-0.00510691
-0.00493044
-0.00509341
-0.00471849
-0.00446953
-0.0048826
-0.00464531
-0.00483079
-0.00494444
-0.00493417
-0.00576514
-0.00429956
-0.00471426
-0.00569358
-0.0046553
-0.00482092
-0.00441694
-0.00467244
-0.00414042
-0.00457859
-0.00466462
-0.00465967
-0.00448462
-0.00427106
-0.00401463
-0.00445513
-0.00440665
-0.00454437
-0.0041453
-0.00445276
-0.00533558
-0.00387355
-0.00431527
-0.00523336
-0.00442444
-0.00417796
-0.004002
-0.00409275
-0.00373884
-0.00418296
-0.00406254
-0.00409112
-0.00430419
-0.0039034
-0.00503642
-0.00421458
-0.00359561
-0.00402058
-0.00392078
-0.00416641
-0.00393313
-0.00374012
-0.00493852
-0.00347696
-0.00390387
-0.0038031
-0.00385828
-0.0040494
-0.00362672
-0.0039679
-0.00481099
-0.0114014
-0.0117058
-0.0114808
-0.0114178
-0.0115113
-0.011158
-0.0108505
-0.0111562
-0.0225257
-0.0225263
-0.0217496
-0.0224885
-0.0212305
-0.0205228
-0.0204069
-0.0193203
-0.0192181
-0.0188041
-0.0189004
-0.0192858
-0.0175309
-0.0177193
-0.0171392
-0.017283
-0.0166851
-0.0175269
-0.0160693
-0.0155046
-0.0157609
-0.0152449
-0.0152501
-0.0152846
-0.0157011
-0.014443
-0.0138861
-0.0141906
-0.0141804
-0.0136219
-0.0134954
-0.01362
-0.0129692
-0.0139684
-0.0137758
-0.0122229
-0.0125467
-0.0126024
-0.0121606
-0.0123074
-0.011692
-0.0120338
-0.0125818
-0.011044
-0.011392
-0.0121538
-0.0110478
-0.0112247
-0.0107311
-0.0105106
-0.0115614
