0.29831
0.333149
0.332543
0.298211
-0.380426
0.294403
0.329412
0.328734
0.295712
-0.382925
0.292034
0.327539
0.326453
0.293431
-0.382228
0.292885
0.32553
0.325033
0.291329
-0.381822
0.290932
0.323577
0.322629
0.289376
-0.383776
0.288376
0.289217
0.321471
0.321427
0.287271
-0.385883
0.287067
0.287284
0.319756
0.319493
0.285337
-0.379452
0.285133
0.285076
0.318418
0.318011
0.283011
-0.392467
0.283303
0.284912
0.318132
0.318089
0.283311
-0.394088
0.281683
0.284058
0.317284
0.314957
0.280122
-0.394286
0.280835
0.283162
0.314429
0.31262
0.277771
-0.398346
0.277716
0.281487
0.313289
0.313257
0.278196
-0.40186
0.276036
0.28274
0.313493
0.313192
0.278305
-0.406695
0.277268
-0.189924
-0.200462
0.311336
-0.20914
0.303866
0.303742
0.267972
-0.211066
0.303398
0.302838
0.266882
0.268435
-0.31056
-0.217091
0.335986
0.300417
0.302121
0.265298
-0.238399
0.285467
0.215894
0.251465
0.214477
-0.272028
0.252916
0.186261
0.218818
0.181718
0.225191
-0.281282
0.205863
0.17914
0.211911
0.174576
0.218303
-0.292803
0.172243
0.17087
0.202687
0.210314
-0.252798
0.214417
0.211712
0.245671
0.249714
0.251713
-0.223407
0.243878
0.242963
0.279795
0.283846
0.284209
-0.218185
0.250568
0.248814
0.286586
0.288345
0.290998
-0.184413
-0.214809
0.277792
0.25622
0.292738
0.29434
0.297147
-0.181293
-0.217069
0.276948
0.257084
0.294399
0.297457
0.298802
-0.183148
-0.212961
0.286718
0.263988
0.302348
0.305698
0.306744
-0.178651
-0.21801
0.28882
0.266753
0.303145
0.30466
0.307531
-0.18202
-0.218537
0.311154
0.270282
0.271517
0.309879
0.31273
-0.183289
0.0834248
-0.215893
0.296423
0.276539
0.277711
0.315801
0.319157
-0.183607
0.0841125
-0.21588
0.319622
0.279114
0.279814
0.319728
0.321903
-0.186173
-0.216463
0.301079
0.281552
0.282247
0.323241
0.324545
-0.188267
-0.216879
0.329819
0.284963
0.285651
0.313212
0.328215
-0.189531
0.0835204
-0.218742
0.332423
0.287692
0.288425
0.329123
0.331014
-0.193514
-0.221454
0.334111
0.290067
0.290872
0.33347
0.333737
-0.197416
-0.222767
0.31348
0.291238
0.29208
0.333822
0.33508
-0.199058
-0.223528
0.296083
0.294036
0.295385
0.339678
0.341708
-0.198344
-0.224851
0.302498
0.297186
0.298614
0.343258
0.345306
-0.200182
0.0798348
-0.224616
0.304486
0.301296
0.302793
0.348846
0.349802
-0.201729
-0.223412
0.332433
0.332739
0.310165
0.356774
0.357662
-0.198291
0.0830462
-0.228157
0.35751
0.31435
0.309566
0.357194
0.357395
-0.198973
0.0841975
-0.227698
0.364038
0.313659
0.315848
0.345731
0.363286
-0.196182
0.0884879
-0.22883
0.348442
0.317082
0.319329
0.349436
0.367053
-0.196873
0.0876788
-0.227714
0.358912
0.32291
0.322318
0.35286
0.370582
-0.196903
0.0895283
-0.227929
0.359229
0.324714
0.325304
0.35199
0.374379
-0.201079
-0.227713
0.355851
0.330264
0.331158
0.357812
0.38038
-0.198251
0.09057
-0.22714
0.338488
0.33804
0.340293
0.365951
0.388757
-0.198424
0.0956288
0.39103
-0.225289
0.344488
0.342484
0.34702
0.377369
0.393415
-0.197552
0.0996449
0.395723
-0.22717
0.369141
0.345687
0.350219
0.380834
0.394261
-0.202369
0.0993586
0.399413
-0.229404
0.350385
0.348689
0.350748
0.403566
0.403609
-0.199218
0.0987514
0.402914
-0.230548
0.356117
0.35285
0.378862
0.406954
0.410447
-0.201054
0.0975486
0.407576
-0.234823
0.362517
0.358636
0.385232
0.403131
0.415747
-0.204181
0.0965481
0.414306
-0.231603
0.372623
0.368332
0.373431
0.419687
0.428757
-0.200943
0.099156
0.424598
-0.233398
0.376533
0.372129
0.375818
0.416405
0.433162
-0.206129
0.0999493
0.428912
-0.236507
0.38212
0.377203
0.382138
0.422192
0.438294
-0.208197
0.099242
0.434737
-0.238656
0.389309
0.382596
0.389648
0.427335
0.421592
-0.212273
0.0992654
0.440813
-0.238973
0.39551
0.389989
0.397309
0.440639
0.426055
-0.21137
0.0969171
0.448899
-0.242807
0.400564
0.394785
0.402006
0.44355
0.431534
-0.213027
0.0954544
0.454467
0.462641
-0.244234
0.406872
0.433329
0.433079
0.450393
0.438208
-0.216788
0.0968853
0.461211
0.469589
-0.243659
0.426475
0.45157
0.453473
0.469607
0.457046
-0.212929
0.102977
-0.249427
0.427074
0.437829
0.455734
0.470665
0.457963
-0.218666
0.0962413
0.40869
-0.250555
0.434895
0.446787
0.466278
0.480515
0.50731
0.0988595
0.437067
-0.273675
0.406369
0.418231
0.074553
0.454471
0.795893
0.0749902
-0.246525
0.0850001
0.383905
0.0848385
0.418879
0.661989
0.0851048
-0.20759
0.113283
0.624334
0.112329
0.228352
0.618381
0.0768859
-0.233735
2.27697
0.60506
0.495776
0.203756
0.144738
-0.377724
2.10831
1.17186
0.975619
-0.57135
1.90013
1.19818
0.756415
-0.764626
1.69283
0.879475
0.536041
2.27821
-1.06642
1.3749
0.796456
0.617165
1.72264
-1.29718
1.12542
0.717107
0.596701
1.48699
-1.49713
0.902205
0.65334
0.365285
1.25452
-1.6269
0.754188
0.64454
0.355793
1.10962
-1.72304
0.612794
0.458466
0.255274
0.817485
-1.76108
0.511673
0.395996
0.126915
0.34248
-1.75408
0.478485
0.38061
0.0938533
0.293937
-1.73881
0.449363
0.530551
0.0847634
0.631985
-1.74819
0.37535
0.463653
0.157605
0.588757
0.200974
-1.76261
0.285921
0.444401
0.109937
0.423041
0.148817
-1.75283
0.233444
0.412991
0.08644
0.104354
0.361734
-1.72831
0.173865
0.39695
0.0568913
0.0929915
0.277276
-1.69656
0.122089
0.404675
0.0514355
0.080406
0.271501
0.129004
-1.67323
0.059005
0.365899
0.0147134
0.0573172
0.0755447
0.0628192
-0.0126819
0.0253312
0.375919
0.0215181
0.0524562
-0.0583364
0.0237664
-0.285933
-0.101458
0.340813
-0.0328385
-0.0498107
-0.254027
-0.103832
-0.345398
-0.152774
0.29112
-0.0662824
-0.0870614
-0.346128
-0.217242
