3.46699
3.50677
3.54307
3.48969
2.58641
3.49801
3.5187
3.55486
3.48969
2.58641
3.4841
3.50492
3.55486
3.48969
2.57652
3.4821
3.5376
3.53701
3.48968
2.63022
3.48209
3.5376
3.56799
3.48968
2.63022
3.51192
3.46864
3.53759
3.50403
3.48967
2.63021
3.4487
3.46863
3.56387
3.50403
3.48967
2.59588
3.4487
3.45044
3.50433
3.50387
3.50251
2.64531
3.44869
3.48331
3.50159
3.53839
3.50043
2.6453
3.44869
3.48828
3.50158
3.52165
3.502
2.59385
3.44868
3.47749
3.54796
3.54588
3.52617
2.59007
3.44473
3.46984
3.52656
3.5076
3.47042
2.58274
3.43707
3.4448
3.48087
3.49944
3.46288
2.55884
3.41199
5.51448
5.32146
3.47939
5.31246
3.39593
3.41259
3.37615
5.30454
3.40038
3.40482
3.38093
3.36577
3.37738
5.28071
3.4052
3.382
3.3335
3.3422
5.35442
3.39052
3.30742
3.31876
3.32742
5.34525
3.38056
3.34093
3.30877
3.3174
3.36853
5.32531
3.29987
3.32022
3.28817
3.29668
3.34797
5.30607
3.24598
3.22996
3.26837
3.2704
5.28324
3.22048
3.21866
3.24616
3.27854
3.28017
5.24756
3.13439
3.179
3.21149
3.24391
3.26229
5.23596
3.12306
3.17934
3.20029
3.21414
3.25111
6.96841
5.21534
3.19439
3.14474
3.18017
3.13258
3.23101
6.72117
5.18662
3.06558
3.13669
3.15215
3.1892
3.20304
6.69227
5.15902
3.07548
3.0983
3.12532
3.16565
3.17625
6.66449
5.11765
3.02287
3.05962
3.08501
3.0945
3.13599
6.66084
5.07809
3.03994
3.00251
2.97549
3.05609
3.09762
6.70449
9.92415
5.05255
2.96174
2.94432
2.95054
2.99373
3.07299
6.70027
9.60643
5.03431
2.97723
2.92647
2.9406
2.97734
3.05539
6.61285
5.01292
2.88855
2.90547
2.9196
2.9494
3.03467
6.84637
4.9862
2.9228
2.87922
2.89336
2.90671
3.00878
6.47443
9.28673
4.95616
2.88696
2.85834
2.80785
2.85726
2.97967
6.41197
4.92177
2.86269
2.82454
2.77406
2.82289
2.94634
6.45741
4.90517
2.7923
2.80818
2.7577
2.8114
2.9302
6.34093
4.87883
2.75329
2.78814
2.73182
2.8184
2.82043
6.34269
4.8498
2.75035
2.75961
2.7033
2.79029
2.79233
6.45751
9.39647
4.82512
2.62591
2.73537
2.67907
2.72389
2.76847
6.4534
4.78736
2.62356
2.63546
2.6421
2.6875
2.7321
6.30602
9.83404
4.76235
2.65445
2.65785
2.6175
2.65413
2.70789
6.15815
9.88262
4.73266
2.62887
2.57246
2.5438
2.60062
2.67934
6.28564
9.72988
4.70639
2.56048
2.54678
2.51814
2.57522
2.65411
6.14748
9.2743
4.69403
2.54218
2.54065
2.52962
2.5633
2.57384
6.34049
9.26166
4.67348
2.52002
2.48932
2.46027
2.51327
2.5542
6.00378
4.64437
2.4942
2.46103
2.46284
2.48526
2.52642
6.07748
9.55612
4.60606
2.47343
2.42391
2.41563
2.4485
2.49
6.29437
9.23619
2.46277
4.59253
2.46191
2.41083
2.44396
2.47206
2.47717
5.67244
9.40473
2.44995
4.56642
2.39859
2.38561
2.41878
2.44717
2.43166
5.86317
9.37808
2.42526
4.54004
2.40408
2.36017
2.36817
2.45554
2.44688
5.62753
9.35113
2.40035
4.51386
2.3063
2.33498
2.31807
2.36277
2.36636
5.72187
9.86073
2.3757
4.46554
2.25915
2.28856
2.27212
2.29688
2.30089
5.62056
9.12523
2.33032
4.4355
2.22625
2.25988
2.23447
2.28688
2.27977
6.00316
9.85883
2.30232
4.40998
2.20185
2.23544
2.19145
2.22906
2.25596
5.60743
8.83969
2.27846
4.37352
2.18142
2.20059
2.18144
2.19486
2.22022
5.66026
8.80241
2.24445
4.34086
2.11196
2.16949
2.11226
2.16263
2.14931
5.44051
8.76903
2.21413
4.30833
2.08649
2.13855
2.08142
2.14981
2.10678
5.41208
9.6829
2.18399
4.27281
2.0528
2.10479
2.0413
2.07231
2.07354
5.41437
9.53325
2.15111
2.11975
4.24273
2.02432
2.0321
2.00542
2.04439
2.04546
5.31911
9.52497
2.12334
2.09209
4.17765
1.97616
1.98049
1.96343
1.98433
1.98503
5.2217
8.22266
4.15446
1.95413
2.04304
1.94292
1.96272
1.9633
5.19881
9.47519
2.00985
4.11852
1.89287
2.00968
1.91068
1.92991
1.82491
9.10418
1.85505
4.13595
1.9125
2.0235
9.12549
1.9462
1.06188
9.12079
4.37909
9.38072
2.25364
9.37558
2.17695
1.24791
9.37074
4.54076
9.54217
1.38533
9.58347
13.9158
1.38436
13.3305
4.52467
3.56097
1.36951
6.0663
13.8983
4.98864
4.64142
3.47389
5.44053
3.54654
4.73813
3.39318
5.55479
3.56266
4.84043
3.30179
6.11298
3.57579
2.35387
4.95673
3.20178
7.35653
5.32929
3.11938
5.0834
3.08688
7.44363
5.44148
2.9861
5.22252
2.97482
7.21853
6.26849
2.3854
5.378
2.82274
6.57452
5.60326
2.23484
5.54402
2.71068
7.63888
6.01325
2.06175
5.71041
2.65259
7.56626
6.57213
2.37094
5.85776
2.52794
7.58967
6.95626
2.30342
6.00381
2.41172
5.96442
6.92164
1.67247
6.17973
2.31993
6.52164
5.46516
1.47711
4.18668
6.36641
2.22854
6.2325
5.40948
1.41583
4.23791
6.53883
2.10258
6.31154
5.37255
4.26074
1.10082
6.72061
2.04935
6.24012
5.54641
3.8762
1.00065
6.88754
2.01155
5.8867
5.21246
3.84901
0.809238
1.97801
7.06402
1.98206
6.04065
5.53116
3.82298
0.843934
1.94724
0.870746
1.97385
5.98729
5.67014
3.8124
0.839771
1.93837
0.973068
1.95767
5.28568
4.89526
3.79234
0.835291
1.92237
0.818486
1.96309
5.79265
4.86498
3.76321
0.818702
1.41351
