0.267241
0.264736
0.285214
-0.460754
0.249413
0.248933
0.267241
0.251864
0.283985
-0.4598
0.249907
0.247911
0.285167
0.267241
0.249379
0.28396
-0.460617
0.249506
0.247554
0.284001
-0.459832
0.253009
0.274784
0.254199
-0.219356
0.257801
-0.218599
0.259636
-0.172978
0.254005
-0.222753
0.257117
-0.175772
0.276289
0.257547
-0.223637
0.257029
-0.176058
0.273278
0.256097
-0.225686
0.256249
-0.176786
0.294145
0.293944
0.251142
-0.230273
0.254778
-0.181892
0.285848
0.2915
0.270262
0.266777
-0.231473
0.254414
-0.183752
0.285252
0.290861
0.247518
-0.23647
0.249734
-0.187718
0.282745
0.288289
0.270262
0.26843
-0.236783
0.252771
-0.189947
0.285339
0.292367
0.274784
0.25404
-0.235827
0.255816
-0.18587
0.29402
0.294562
0.2559
-0.238673
0.257691
-0.189193
0.295528
0.295785
0.277792
0.257574
-0.23885
0.258791
-0.189843
0.297978
0.297996
0.282295
0.260831
-0.239828
0.283606
-0.189768
0.302402
0.301114
0.282295
0.260323
-0.243814
0.264012
-0.19444
0.302874
0.300931
0.283794
0.261369
-0.245599
0.263783
-0.196475
0.301866
0.300208
0.283794
0.262973
-0.24788
0.264393
-0.197842
0.304376
0.304525
0.285291
0.263799
-0.253599
0.26471
-0.200695
0.305684
0.303543
0.285291
0.264678
-0.257766
0.265143
-0.205215
0.307029
0.304731
0.286786
0.264695
-0.258269
0.266907
-0.206157
0.308343
0.306612
0.286786
0.283255
-0.264127
0.265033
-0.211577
0.306213
0.307382
0.286786
0.267084
-0.266404
0.288066
-0.214154
0.307657
0.307914
0.289774
0.268668
-0.269392
0.289316
-0.217976
0.309967
0.310362
0.294245
0.272252
-0.270962
0.272593
-0.217958
0.31552
0.315099
0.0595689
0.297219
0.276467
-0.271146
0.29961
-0.216847
0.320654
0.320224
0.0623954
0.303152
0.281312
-0.271903
0.303561
-0.219337
0.326498
0.325986
0.0628395
0.307586
0.300218
-0.273653
0.285135
-0.217953
0.331167
0.330257
0.310536
0.319107
-0.276733
0.289563
-0.220326
0.334605
0.333693
0.287108
0.317885
0.326491
-0.278946
0.295984
-0.219986
0.341386
0.340921
0.294884
0.0641387
0.323739
0.33006
-0.278174
0.297734
-0.220665
0.34606
0.344295
0.297611
0.0666616
0.329571
0.328138
-0.277929
0.303997
-0.219766
0.355285
0.349803
0.304417
0.067563
0.332477
0.330338
-0.278025
0.307126
-0.216883
0.357887
0.355336
0.307563
0.0701866
0.373257
0.336827
0.349358
-0.278115
0.313914
-0.217302
0.362992
0.360464
0.313375
0.0717088
0.378223
0.344047
0.34647
-0.278428
0.320057
-0.219029
0.369708
0.365809
0.318035
0.0729268
0.384748
0.348361
0.350562
-0.280699
0.324099
-0.219163
0.374394
0.371956
0.322892
0.390572
0.0740279
0.352661
0.346341
-0.283124
0.329514
-0.221242
0.37912
0.376687
0.346326
0.395115
0.0739716
0.355521
0.329502
-0.284239
0.33095
-0.222809
0.381488
0.369385
0.329094
0.397356
0.0739143
0.358374
0.332534
-0.287921
0.333458
-0.223929
0.384433
0.370009
0.332048
0.400137
0.0725695
0.364063
0.339083
-0.289056
0.33959
-0.223792
0.369225
0.375767
0.338834
0.405625
0.0746953
0.368313
0.343291
-0.290493
0.343776
-0.223207
0.395942
0.382094
0.342033
0.410131
0.074382
0.371139
0.344923
-0.292525
0.345283
-0.225641
0.396743
0.366982
0.343577
0.412103
0.0746069
0.375366
0.347678
-0.297186
0.348262
-0.228141
0.401712
0.347223
0.346645
0.415573
0.0732479
0.377443
0.379579
0.350269
-0.299864
0.350713
-0.232149
0.406261
0.3752
0.349121
0.419758
0.0731828
0.382215
0.40558
0.38098
0.35323
-0.303326
0.353667
-0.235104
0.411354
0.395706
0.353653
0.422919
0.0691265
0.38461
0.40756
0.383778
0.357332
-0.307253
0.35776
-0.238004
0.41516
0.408228
0.356168
0.427278
0.0686035
0.382646
0.41211
0.390745
0.363187
-0.310661
0.363585
-0.240573
0.422251
0.41285
0.372388
0.434116
0.0663944
0.39415
0.41933
0.396289
0.39375
-0.312233
0.369552
-0.241691
0.427077
0.400503
0.368219
0.438765
0.0663548
0.399539
0.424264
0.403184
0.4113
-0.31454
0.376478
-0.242175
0.434162
0.416143
0.374459
0.445629
0.0682197
0.407126
0.431372
0.404558
0.40934
-0.315538
0.375212
-0.243815
0.435908
0.407069
0.374907
0.448633
0.0673148
0.409307
0.433147
0.410039
0.437684
-0.318421
0.381036
-0.244767
0.442281
0.402003
0.379603
0.453647
0.0678788
0.414847
0.43957
0.416853
0.444625
-0.319622
0.386975
-0.246182
0.447786
0.38549
0.386161
0.460399
0.0676176
0.420859
0.445138
0.423626
0.426946
-0.323756
0.392797
-0.249099
0.45511
0.390791
0.39083
0.467287
0.0677738
0.427582
0.452129
0.430358
0.435297
-0.323595
0.400517
-0.2482
0.464123
0.399917
0.399907
0.0711362
0.43455
0.45984
-0.297541
-0.162914
0.442371
0.44111
-0.324621
0.412043
-0.248804
0.411299
0.411337
0.0728523
0.444713
0.449751
-0.30195
-0.163496
0.44777
-0.326599
0.41888
-0.250056
0.417066
0.418119
0.0718857
0.450639
0.458131
-0.304245
-0.162938
0.463756
-0.32901
0.421264
-0.251814
0.423101
0.422776
0.072644
0.457021
0.464326
-0.304607
-0.164543
0.447776
-0.33406
0.430957
-0.254669
0.432648
0.432377
0.0709184
0.463966
0.472455
-0.327811
-0.16558
0.444047
-0.337271
0.438109
-0.257735
0.437126
0.439492
0.0723067
0.477068
-0.167294
-0.331806
0.457736
-0.340384
0.444591
-0.260194
0.442409
0.446028
0.0715662
-0.168348
-0.317655
0.472061
0.470992
-0.344414
0.456635
-0.260882
0.45463
0.471431
0.0717872
-0.169293
-0.321532
0.472455
-0.347782
0.46493
-0.263564
0.464262
0.0707332
-0.169719
-0.342093
-0.347796
0.471166
-0.264238
0.469874
0.0743584
-0.169541
-0.324905
-0.351956
-0.2658
0.0752876
-0.169566
-0.322706
-0.198225
-0.353097
-0.265811
0.0762613
-0.168788
-0.329213
-0.198498
-0.354724
-0.265177
0.0758018
-0.170945
-0.325836
-0.198953
-0.359669
-0.268043
0.0760493
-0.172465
-0.353741
-0.20074
-0.362191
-0.269988
0.0754527
-0.171771
-0.357165
-0.201647
-0.36276
-0.272111
0.0769935
-0.171585
-0.35958
-0.203777
-0.370172
-0.276664
0.0749386
-0.175064
-0.366639
-0.207092
-0.376085
-0.281857
0.0729129
-0.178601
-0.371578
-0.211216
-0.377729
-0.285366
0.0730342
-0.180872
-0.374716
-0.213485
-0.376908
-0.289435
0.0709341
-0.183944
-0.383832
-0.217706
-0.384772
-0.290391
0.0707582
-0.182805
-0.386478
-0.219398
-0.383186
-0.289738
0.070677
-0.184234
-0.386748
-0.218817
-0.38748
-0.293401
0.075341
-0.182948
-0.393545
-0.220523
-0.389767
-0.293752
0.07234
-0.186064
-0.395589
-0.222796
-0.298371
-0.394879
-0.297143
0.0742362
-0.187071
-0.399218
-0.223613
-0.301085
-0.396033
-0.296706
0.0741731
-0.184805
-0.401697
-0.224097
-0.302197
0.0745493
-0.399401
-0.299452
0.0769419
-0.186159
-0.404995
-0.223412
-0.303909
0.0767589
-0.402159
-0.299788
0.079366
-0.185309
-0.406298
-0.222349
-0.304184
0.0800439
-0.403579
-0.299676
0.0773368
-0.185239
-0.407642
-0.221983
-0.30551
0.0790876
0.0741051
-0.197322
0.0733645
-0.199611
-0.237963
-0.328488
0.0736639
-0.19775
0.0746667
-0.19775
0.0750322
-0.235809
0.072559
-0.198241
0.0751853
-0.23937
0.0733095
-0.197943
0.0722893
-0.235924
-0.241012
-0.202482
-0.244111
-0.207259
-0.247103
-0.234809
-0.268925
0.0459043
-0.27251
-0.306715
0.00957367
-0.295179
-0.326805
-0.00745803
-0.347182
-0.377136
-0.0575404
-0.352916
-0.397464
-0.427037
-0.110344
-0.403305
-0.42311
-0.45272
-0.133097
-0.427288
-0.158721
-0.460809
-0.203147
-0.206257
-0.2291
-0.24626
-0.243922
-0.247958
-0.295781
-0.297306
-0.362068
-0.319329
-0.316827
-0.394013
0.394242
-0.334917
-0.409096
0.378177
0.395304
0.41932
-0.361017
-0.438397
0.347991
0.36529
0.389267
0.43095
0.417526
0.348361
-0.401237
0.300451
0.301387
0.343201
0.371452
0.373304
0.389291
0.319351
-0.425692
0.272273
0.290787
0.317112
0.342625
0.351557
0.362565
0.30043
0.272208
-0.450963
0.24345
0.260098
0.287029
0.312936
0.321861
0.332172
0.273173
0.24257
0.244475
0.224482
0.2434
0.270264
0.314368
0.300219
0.313813
0.256443
0.225911
0.22835
-0.460767
0.312826
0.225984
0.180048
0.198546
0.2233
0.266484
0.245731
0.268468
0.209091
0.178339
0.180794
0.26487
0.179214
0.133414
0.150955
0.18828
0.221212
0.185983
0.221658
0.163635
0.132805
0.135054
0.22101
0.133655
0.0806869
0.0177016
0.0282524
0.0752379
0.0614797
-0.0111761
-0.0126123
0.0692928
-0.0303969
0.011759
0.0588568
0.0457452
-0.0333179
-0.0302747
0.0527316
-0.00410667
-0.0470487
-0.030775
0.0403225
0.0288002
-0.0493784
-0.0472036
0.0366728
0.0397607
0.00518705
-0.0653346
-0.0206146
0.0257535
0.0123903
-0.0668332
-0.0634444
0.0215601
0.0241869
-0.01201
-0.0934046
-0.0513634
-0.00479528
-0.0299632
-0.097535
-0.0943988
-0.00853427
-0.00877236
-0.0427409
-0.101267
-0.139483
-0.143033
-0.0546753
-0.0885331
-0.0985463
-0.124314
0.428684
-0.131724
-0.177244
-0.174487
-0.0861534
-0.120005
-0.133538
-0.16053
0.393348
-0.100898
0.424443
0.410148
0.389
-0.0871473
-0.209137
-0.211202
-0.11883
-0.151009
-0.165806
-0.192804
0.361794
-0.130923
0.390888
0.378706
0.357183
-0.119856
-0.224552
-0.226629
-0.133807
-0.167699
-0.182398
-0.208125
0.347124
-0.146389
0.363323
0.365296
0.343995
-0.136433
0.394158
-0.139089
-0.212133
-0.256164
-0.256928
-0.164284
-0.190736
-0.211136
-0.255507
0.315734
-0.176821
0.344622
0.309394
0.314466
-0.164596
0.364997
-0.169548
0.365911
-0.271732
-0.272257
-0.17988
-0.193553
-0.226917
-0.255808
0.301124
-0.192464
0.330654
0.29966
0.299864
-0.180194
0.348618
-0.184169
0.35096
-0.289196
-0.292186
-0.197912
-0.211594
-0.243452
-0.273276
0.284527
-0.210504
0.314373
0.281567
0.283269
-0.196663
0.331932
-0.202204
0.331134
-0.323705
-0.324866
-0.229683
-0.257677
-0.279517
-0.324524
0.253248
-0.242211
0.282959
0.244849
0.25167
-0.228441
0.300629
-0.233954
0.302704
-0.292837
-0.337911
-0.340822
-0.245453
-0.261569
-0.315316
-0.339035
0.239107
-0.258003
0.268748
0.230697
0.237532
-0.246547
0.286374
-0.249731
0.285847
-0.369781
-0.36985
-0.277867
-0.287099
-0.348846
-0.370898
0.20947
-0.288858
0.237666
0.20626
0.207892
-0.278955
0.255357
-0.282122
0.257928
-0.341609
-0.316211
-0.341241
-0.385518
-0.384354
-0.293668
-0.304396
-0.366206
-0.386889
0.193826
-0.306157
0.221985
0.184796
0.192249
-0.294757
0.241183
-0.296412
0.241856
-0.357536
-0.332085
-0.416174
-0.415015
-0.324794
-0.334023
-0.373937
-0.41694
0.163851
-0.335778
0.192075
0.160656
0.16227
-0.325878
0.211325
-0.327525
0.212237
-0.388344
-0.363026
-0.401883
-0.445409
-0.44794
-0.354499
-0.374779
-0.403146
-0.446183
0.135456
-0.365578
0.132817
0.133867
0.13388
-0.355593
0.182744
-0.357254
0.182515
-0.417268
-0.417769
-0.385714
-0.405789
-0.432232
0.106329
-0.396682
0.108562
0.105755
0.105768
-0.385401
0.154762
-0.388442
0.138559
-0.447827
-0.424295
-0.460817
-0.41656
-0.435204
-0.460104
0.0934634
-0.427476
0.0799832
0.0755588
0.0755718
-0.416249
0.126156
-0.419275
0.125942
-0.454954
-0.431
-0.449077
0.094258
-0.441971
0.0561035
0.0622445
0.0622575
-0.430687
0.11359
-0.433728
0.110967
0.063542
-0.460799
0.0816423
0.0239029
0.0305604
0.0305734
-0.460189
0.0819674
0.0809547
0.0335158
0.067278
0.0118924
0.0162738
0.0162867
0.0669996
0.0666542
0.0199009
0.0404101
-0.00640478
-0.0116433
-0.0116303
0.0403415
0.0387491
-0.00842814
0.0261929
-0.00578274
-0.026324
-0.0263111
0.0265981
0.0240704
-0.0214826
-0.002055
-0.0323011
-0.0545071
-0.0544941
-0.00160205
-0.00412864
-0.0480472
-0.0173303
-0.049105
-0.0702701
-0.0702571
-0.0171432
-0.0198836
-0.0638084
0.144412
-0.0454355
-0.100579
-0.0966402
-0.0966273
-0.0431277
-0.0478868
-0.0928867
0.118073
-0.0587726
-0.11471
-0.111835
-0.111822
-0.0589884
-0.0614344
-0.106825
0.104495
-0.0874139
-0.142479
-0.140438
-0.140425
-0.0876297
-0.0900743
-0.135432
0.0758489
-0.130606
-0.186132
-0.185341
-0.185328
-0.13097
-0.13365
-0.180209
0.033668
-0.161715
-0.216527
-0.214188
-0.214175
-0.161247
-0.164235
-0.207516
0.00437783
-0.188362
-0.244696
-0.241625
-0.241612
-0.189901
-0.191605
-0.23648
-0.0213644
-0.123731
-0.310615
-0.125331
-0.310615
-0.285099
-0.337748
-0.125331
-0.310615
-0.285263
-0.33765
-0.292837
-0.125331
-0.310615
-0.285285
-0.341287
-0.282122
-0.31359
-0.125331
-0.310615
-0.283985
-0.341159
-0.280921
-0.314795
-0.125331
-0.310615
-0.284885
-0.340671
-0.282197
-0.317494
-0.310615
-0.284903
-0.340504
-0.281892
-0.317702
-0.310615
-0.285725
-0.341297
-0.282586
-0.32606
-0.325278
-0.322977
-0.353049
-0.323514
-0.340269
-0.331103
-0.307406
-0.358583
-0.302922
-0.35926
-0.324804
-0.366596
-0.308379
-0.347304
-0.342683
-0.333577
-0.363725
-0.314939
-0.335218
-0.341004
-0.374186
-0.330854
-0.337923
-0.348438
-0.344339
-0.377782
-0.32894
-0.340151
-0.37902
-0.354169
-0.326088
-0.379656
-0.325261
-0.345539
-0.382737
-0.358451
-0.331733
-0.385564
-0.352247
-0.350824
-0.374861
-0.357025
-0.34465
-0.389301
-0.349904
-0.327002
-0.359875
-0.334254
-0.391533
-0.354556
-0.331068
-0.388759
-0.14766
-0.365557
-0.356118
-0.397084
-0.334942
-0.334322
-0.375462
-0.397075
-0.14607
-0.366974
-0.357196
-0.39964
-0.346778
-0.335635
-0.377858
-0.398017
-0.14766
-0.375442
-0.364095
-0.407313
-0.371882
-0.343855
-0.385481
-0.405549
-0.378252
-0.350362
-0.412499
-0.385759
-0.346014
-0.388837
-0.407507
-0.381056
-0.377959
-0.416021
-0.412877
-0.352658
-0.392431
-0.412364
-0.146523
-0.39082
-0.378126
-0.425467
-0.423636
-0.359684
-0.388561
-0.421796
-0.363021
-0.400505
-0.384396
-0.414175
-0.431566
-0.368813
-0.398745
-0.431549
-0.389856
-0.160355
-0.411478
-0.393864
-0.442942
-0.440786
-0.378472
-0.408322
-0.440769
-0.399288
-0.161938
-0.415567
-0.401931
-0.44961
-0.447428
-0.410058
-0.412599
-0.451282
-0.403469
-0.171262
-0.163521
-0.425048
-0.41123
-0.459414
-0.432889
-0.393486
-0.420707
-0.459961
-0.412595
-0.17143
-0.168263
-0.176455
-0.424592
-0.168263
-0.163321
-0.432869
-0.411292
-0.408021
-0.435534
-0.163972
-0.414435
-0.442737
-0.166683
-0.419783
-0.448022
-0.446222
-0.159438
-0.417825
-0.165103
-0.42231
-0.450979
-0.448569
-0.161039
-0.419104
-0.448484
-0.453151
-0.451325
-0.160826
-0.42341
-0.460202
-0.451418
-0.455023
-0.162376
-0.427235
-0.427867
-0.153656
-0.165103
-0.458245
-0.457563
-0.157996
-0.429882
-0.431061
-0.152394
-0.154633
-0.150418
-0.1531
-0.147728
-0.149256
-0.456856
-0.454381
0.0698561
-0.166683
-0.15295
0.0988654
-0.166683
-0.154252
0.125661
-0.168263
-0.156118
0.127633
-0.179294
-0.0166457
-0.169842
-0.157709
0.1269
-0.162893
-0.016463
-0.26858
-0.154034
-0.171421
-0.185303
0.133489
-0.173587
-0.271096
0.0919775
-0.0140772
-0.172998
-0.186076
0.135202
-0.163187
-0.273316
0.0944792
-0.164159
-0.162104
0.144168
-0.185104
0.112194
-0.174575
-0.189651
-0.185416
-0.174575
-0.188861
-0.168001
-0.282365
-0.174575
-0.190187
-0.167309
-0.283713
-0.174575
-0.189647
-0.165371
-0.28112
-0.174575
-0.161545
-0.166152
-0.28372
-0.174575
-0.162217
-0.186362
-0.285867
-0.189734
-0.186492
-0.28818
-0.177725
-0.166008
-0.170255
-0.293348
-0.180872
-0.167526
-0.172697
-0.298138
-0.199445
-0.175427
-0.302473
-0.184015
-0.199062
-0.175743
-0.303446
-0.184015
-0.198896
-0.175267
-0.305188
-0.202567
-0.177261
-0.308227
-0.187155
-0.201567
-0.178124
-0.309913
-0.187155
-0.202795
-0.178304
-0.312974
-0.188723
-0.203141
-0.179528
-0.314627
-0.188723
-0.205075
-0.180381
-0.31598
-0.188723
-0.174843
-0.179906
-0.318126
-0.176757
-0.181948
-0.321509
-0.193423
-0.180417
-0.181444
-0.326234
-0.193423
-0.178931
-0.184376
-0.325615
-0.193423
-0.178303
-0.182609
-0.329329
-0.194987
-0.209621
-0.184903
-0.331603
-0.194987
-0.209377
-0.184575
-0.331681
-0.193423
-0.209349
-0.184871
-0.334894
-0.209569
-0.185409
-0.33596
-0.194987
-0.179405
-0.184363
-0.336808
-0.194987
-0.179526
-0.18464
-0.342334
-0.194987
-0.17937
-0.18354
-0.345301
-0.175226
-0.180461
-0.341882
-0.187155
-0.17192
-0.17811
-0.34118
-0.199334
-0.162385
-0.341042
-0.187155
-0.203409
-0.17711
-0.341899
-0.197817
-0.188723
-0.204366
-0.179735
-0.342864
-0.199039
-0.344333
-0.191857
-0.207475
-0.182546
-0.349547
-0.201434
-0.351012
-0.256519
-0.180481
-0.185539
-0.354306
-0.205399
-0.355351
-0.25705
-0.184612
-0.18988
-0.360285
-0.209387
-0.362114
-0.263466
-0.201236
-0.1872
-0.189666
-0.364205
-0.21344
-0.366658
-0.266117
-0.219674
-0.207469
-0.190903
-0.195461
-0.373776
-0.219045
-0.374693
-0.273075
-0.225273
-0.181299
-0.213685
-0.198703
-0.203814
-0.384975
-0.225315
-0.386081
-0.280607
-0.230046
-0.187499
-0.215237
-0.200032
-0.204993
-0.388981
-0.226311
-0.390094
-0.285015
-0.233552
-0.189954
-0.389218
-0.216787
-0.201496
-0.206101
-0.392326
-0.228963
-0.392865
-0.286291
-0.234316
-0.190415
-0.391653
-0.218337
-0.202768
-0.206579
-0.394276
-0.22854
-0.395183
-0.287777
-0.234174
-0.191277
-0.218337
-0.203131
-0.207498
-0.400266
-0.230464
-0.401445
-0.289512
-0.236161
-0.191634
-0.222978
-0.206637
-0.227502
-0.407268
-0.233578
-0.408462
-0.293517
-0.239044
-0.19545
-0.346339
-0.222978
-0.206712
-0.211453
-0.408863
-0.233713
-0.410675
-0.293117
-0.239671
-0.349772
-0.409273
-0.209677
-0.214633
-0.414765
-0.236278
-0.416046
-0.296366
-0.241675
-0.327361
-0.226068
-0.209964
-0.214579
-0.419418
-0.236807
-0.420082
-0.299284
-0.243284
-0.325104
-0.195046
-0.226068
-0.211957
-0.215774
-0.421367
-0.237239
-0.423436
-0.300751
-0.243921
-0.294085
-0.227611
-0.212937
-0.217132
-0.425175
-0.239802
-0.426182
-0.302491
-0.244751
-0.311861
-0.425213
-0.229152
-0.211214
-0.218157
-0.428778
-0.23923
-0.428499
-0.304315
-0.245343
-0.310406
-0.427162
-0.229152
-0.212958
-0.21834
-0.430082
-0.240729
-0.432445
-0.30556
-0.247183
-0.326559
-0.429156
-0.230693
-0.212539
-0.218382
-0.433846
-0.240046
-0.435414
-0.306642
-0.248612
-0.337094
-0.434204
-0.230693
-0.213648
-0.219008
-0.438253
-0.24104
-0.438735
-0.308788
-0.248943
-0.336321
-0.437695
-0.232233
-0.21627
-0.237304
-0.443439
-0.241855
-0.444772
-0.311896
-0.250306
-0.347413
-0.235309
-0.219814
-0.241745
-0.450477
-0.245262
-0.451912
-0.252889
-0.351867
-0.315601
-0.45059
-0.236845
-0.219202
-0.227286
-0.45619
-0.246434
-0.457385
-0.255369
-0.35711
-0.318194
-0.456216
-0.236845
-0.219538
-0.225937
-0.460474
-0.248207
-0.254474
-0.360086
-0.31934
-0.23838
-0.219985
-0.226371
-0.250066
-0.257018
-0.337106
-0.322577
-0.23838
-0.220137
-0.246504
-0.24979
-0.25525
-0.315033
-0.324836
-0.204617
-0.239914
-0.222253
-0.228632
-0.251038
-0.259734
-0.319263
-0.325514
-0.205421
-0.223392
-0.232261
-0.254915
-0.261097
-0.318616
-0.329183
-0.208587
-0.242978
-0.224918
-0.233688
-0.255369
-0.261591
-0.328018
-0.332546
-0.21057
-0.246038
-0.227489
-0.235251
-0.257536
-0.264732
-0.330077
-0.2115
-0.335158
-0.249093
-0.232064
-0.255952
-0.261234
-0.268679
-0.325867
-0.338886
-0.252143
-0.234471
-0.239962
-0.26389
-0.270626
-0.324208
-0.343628
-0.250619
-0.232933
-0.241041
-0.26394
-0.269161
-0.327307
-0.342699
-0.253667
-0.236178
-0.241761
-0.262689
-0.274828
-0.328687
-0.348164
-0.253667
-0.236258
-0.242976
-0.261268
-0.274525
-0.342083
-0.348212
-0.216946
-0.255189
-0.237531
-0.243219
-0.264639
-0.274266
-0.338797
-0.350373
-0.217165
-0.25823
-0.238479
-0.244898
-0.265874
-0.275427
-0.351081
-0.355014
-0.218374
-0.259748
-0.240022
-0.247455
-0.268043
-0.279302
-0.337522
-0.357863
-0.219083
-0.25823
-0.240277
-0.247515
-0.26812
-0.278282
-0.344373
-0.359525
-0.219554
-0.25671
-0.237747
-0.244922
-0.265929
-0.277438
-0.349426
-0.358769
-0.216034
-0.25823
-0.236935
-0.246171
-0.268587
-0.278188
-0.34924
-0.361134
-0.215545
-0.360193
-0.25823
-0.238814
-0.269412
-0.26815
-0.278315
-0.333124
-0.362967
-0.215537
-0.363969
-0.259748
-0.240524
-0.246566
-0.270251
-0.279979
-0.347808
-0.366767
-0.216984
-0.264296
-0.245331
-0.253637
-0.274714
-0.284406
-0.347378
-0.371537
-0.221049
-0.267322
-0.248829
-0.255558
-0.276551
-0.287861
-0.361918
-0.3771
-0.221758
-0.273359
-0.252811
-0.259089
-0.281522
-0.293291
-0.368846
-0.383465
-0.225733
-0.274865
-0.254792
-0.262974
-0.284935
-0.29654
-0.361403
-0.386392
-0.229078
-0.27637
-0.256589
-0.28668
-0.286613
-0.296132
-0.369324
-0.388231
-0.230211
-0.26413
-0.389979
-0.279376
-0.259146
-0.289238
-0.289172
-0.300181
-0.372225
-0.392506
-0.232048
-0.266727
-0.393888
-0.280877
-0.260059
-0.289967
-0.289901
-0.302924
-0.376511
-0.398394
-0.233174
-0.267787
-0.398322
-0.282376
-0.262695
-0.293459
-0.292362
-0.303513
-0.380933
-0.401388
-0.233281
-0.269317
-0.401629
-0.122758
-0.282376
-0.261454
-0.269319
-0.292504
-0.30457
-0.39479
-0.403301
-0.234447
-0.269885
-0.402268
-0.122507
-0.283875
-0.262584
-0.270266
-0.293247
-0.304448
-0.396349
-0.405237
-0.233865
-0.269826
-0.121717
-0.404985
-0.283875
-0.261339
-0.271995
-0.296426
-0.303728
-0.3987
-0.404953
-0.233425
-0.270238
-0.405603
-0.283875
-0.261363
-0.293793
-0.2965
-0.303375
-0.393392
-0.406217
-0.230814
-0.268971
-0.406514
-0.283875
-0.262347
-0.294104
-0.270049
-0.304575
-0.392496
-0.407157
-0.233138
-0.270167
-0.407962
-0.118354
-0.283875
-0.262511
-0.296377
-0.269046
-0.303984
-0.404297
-0.410721
-0.232217
-0.269163
-0.411078
-0.11676
-0.286867
-0.265557
-0.298542
-0.27241
-0.307868
-0.390227
-0.41592
-0.23263
-0.272338
-0.415708
-0.289855
-0.267987
-0.301846
-0.275135
-0.311384
-0.394183
-0.423428
-0.234117
-0.274961
-0.421892
-0.419758
-0.291346
-0.269894
-0.279291
-0.277301
-0.312758
-0.398952
-0.424432
-0.234909
-0.27681
-0.424622
-0.423858
-0.12002
-0.291346
-0.270279
-0.276807
-0.276594
-0.312645
-0.398225
-0.426852
-0.234119
-0.277324
-0.427393
-0.427672
-0.115957
-0.291346
-0.26922
-0.305522
-0.277252
-0.313471
-0.399564
-0.428869
-0.234659
-0.276405
-0.429885
-0.430394
-0.117744
-0.291346
-0.269422
-0.305474
-0.2809
-0.313196
-0.382178
-0.430104
-0.233818
-0.276733
-0.430952
-0.431722
-0.117292
-0.294326
-0.269216
-0.305856
-0.283655
-0.313964
-0.387374
-0.433389
-0.234363
-0.276633
-0.433715
-0.434314
-0.117299
-0.295813
-0.273269
-0.310306
-0.286152
-0.317459
-0.397718
-0.437719
-0.236017
-0.279388
-0.438105
-0.438676
-0.118187
-0.298785
-0.273363
-0.283691
-0.287599
-0.320096
-0.402917
-0.440358
-0.237925
-0.280982
-0.440755
-0.441282
-0.12035
-0.301751
-0.277319
-0.288102
-0.291532
-0.325252
-0.418434
-0.447125
-0.240636
-0.286571
-0.447126
-0.447939
-0.11915
-0.303232
-0.278107
-0.317853
-0.293962
-0.325758
-0.417179
-0.449156
-0.241779
-0.287624
-0.449382
-0.451606
-0.121486
-0.307666
-0.283502
-0.321757
-0.297835
-0.330663
-0.431133
-0.456178
-0.244782
-0.291698
-0.456635
-0.457087
-0.123715
-0.309141
-0.28395
-0.322945
-0.299626
-0.331762
-0.439901
-0.459362
-0.245842
-0.293482
-0.458952
-0.459894
-0.123604
-0.312088
-0.286088
-0.325043
-0.301728
-0.333681
-0.445816
-0.247363
-0.295677
-0.125101
-0.317964
-0.29168
-0.331531
-0.307215
-0.340328
-0.44508
-0.250798
-0.301333
-0.128298
-0.31943
-0.294209
-0.306303
-0.308111
-0.342228
-0.4478
-0.254978
-0.302446
-0.127385
-0.322357
-0.300207
-0.334592
-0.312085
-0.345477
-0.456402
-0.255532
-0.305202
-0.130741
-0.325278
-0.301912
-0.312311
-0.315408
-0.348809
-0.456202
-0.25644
-0.308691
-0.129858
-0.328194
-0.304003
-0.312151
-0.316983
-0.350422
-0.459424
-0.25763
-0.310445
-0.131623
-0.341865
-0.329649
-0.305301
-0.313681
-0.315948
-0.35373
-0.43275
-0.25966
-0.310689
-0.130178
-0.343109
0.0915496
-0.331103
-0.306676
-0.31505
-0.345428
-0.354307
-0.436556
-0.260235
-0.3127
-0.132512
-0.344604
0.0924673
-0.0774172
-0.334007
-0.309333
-0.320038
-0.32214
-0.359488
-0.445529
-0.259799
-0.31512
-0.132788
-0.350662
0.0932216
-0.0779975
-0.336905
-0.311203
-0.319727
-0.349759
-0.35889
-0.453118
-0.260417
-0.31721
-0.131821
-0.351025
0.0950515
-0.0775519
-0.336905
-0.310968
-0.31991
-0.349026
-0.359127
-0.449691
-0.262529
-0.3173
-0.107943
-0.352084
0.0975305
-0.0763111
-0.342683
-0.31656
-0.329368
-0.354886
-0.366922
-0.454122
-0.264839
-0.323818
-0.132108
-0.358289
0.0955814
-0.0783818
-0.344124
-0.318983
-0.328393
-0.355803
-0.368948
-0.458099
-0.264972
-0.324411
-0.132771
-0.360582
0.0973555
-0.0763679
-0.348438
-0.323165
-0.333943
-0.335712
-0.373048
-0.459315
-0.267616
-0.328913
-0.134172
-0.363001
0.0958701
-0.0780276
-0.351306
-0.326429
-0.335816
-0.339046
-0.377353
-0.435223
-0.270724
-0.332429
-0.135664
-0.36854
0.0956244
-0.0830995
-0.367708
-0.357025
-0.331739
-0.342676
-0.369422
-0.383449
-0.430904
-0.271866
-0.335723
-0.138277
-0.373226
0.0934298
-0.08482
-0.371955
-0.359875
-0.334103
-0.342667
-0.373615
-0.382776
-0.417061
-0.273755
-0.337216
-0.140739
-0.37561
0.0940973
-0.0853139
-0.374516
0.1374
-0.359875
-0.335693
-0.345386
-0.374233
-0.384886
-0.411162
-0.275088
-0.339043
-0.138869
-0.378237
0.0944804
-0.0838731
-0.376115
-0.361298
-0.334897
-0.34768
-0.374789
-0.385822
-0.414749
-0.27579
-0.340501
-0.139751
-0.378667
0.0941494
-0.0835545
-0.377298
-0.364139
-0.337597
-0.350951
-0.378647
-0.39063
-0.417951
-0.278194
-0.343581
-0.139947
-0.381549
0.091867
-0.0836644
-0.379983
-0.349907
-0.368389
-0.341025
-0.352569
-0.381965
-0.393352
-0.411117
-0.2814
-0.345996
-0.143022
-0.384856
0.0915093
-0.0877177
-0.383299
-0.353275
-0.372625
-0.346279
-0.354686
-0.39068
-0.398228
-0.417452
-0.350973
-0.142316
-0.390762
0.0905414
-0.0872158
-0.389082
-0.356634
-0.378252
-0.350077
-0.361407
-0.39635
-0.402858
-0.42566
-0.355235
-0.143587
-0.395497
0.113644
-0.0884134
-0.394107
-0.362927
-0.209975
-0.379655
-0.352609
-0.365815
-0.387226
-0.405024
-0.424786
-0.358175
-0.144255
-0.397897
0.115324
-0.396647
-0.366955
-0.127679
-0.252288
-0.207732
-0.217827
-0.126463
-0.383853
-0.356918
-0.370347
-0.401647
-0.408752
-0.428278
-0.362676
-0.14463
-0.40207
0.115014
-0.400848
-0.370127
-0.128254
-0.254261
-0.210445
-0.219766
-0.125454
-0.251302
-0.38525
-0.357373
-0.370609
-0.403103
-0.410144
-0.433555
-0.363656
-0.143863
-0.40415
0.116176
-0.402704
-0.372143
-0.126566
-0.256202
-0.209441
-0.217628
-0.124025
-0.252091
-0.388038
-0.359833
-0.371813
-0.407181
-0.413684
-0.431446
-0.365104
-0.143969
-0.405084
0.115842
-0.379518
-0.373257
-0.126362
-0.254279
-0.209671
-0.216191
-0.125328
-0.241219
-0.39082
-0.360223
-0.375661
-0.408103
-0.416038
-0.43487
-0.366767
-0.143116
-0.408875
0.116547
-0.372425
-0.374664
-0.12579
-0.255555
-0.209303
-0.217024
-0.124521
-0.242172
-0.39498
-0.364555
-0.380032
-0.411175
-0.420785
-0.440637
-0.370089
-0.143692
-0.412292
0.117677
-0.376808
-0.378991
-0.128173
-0.256287
-0.20963
-0.219121
-0.125332
-0.24276
-0.396364
-0.366769
-0.380264
-0.41312
-0.421245
-0.43823
-0.372556
-0.147141
-0.414244
0.117375
-0.379384
-0.380014
-0.12633
-0.230583
-0.209672
-0.218919
-0.12552
-0.251782
-0.397746
-0.369785
-0.383608
-0.416192
-0.42489
-0.441687
-0.374535
-0.147154
-0.417933
0.117297
-0.381488
-0.382984
-0.125376
-0.257847
-0.211593
-0.21915
-0.126277
-0.231943
-0.399127
-0.37046
-0.382739
-0.408046
-0.425409
-0.455339
-0.375618
-0.146726
-0.418723
0.120436
-0.382194
-0.385086
-0.127332
-0.257051
-0.211362
-0.218896
-0.126058
-0.253272
-0.401883
-0.37395
-0.386657
-0.421615
-0.429473
-0.460125
-0.380729
-0.147276
-0.423454
0.121141
-0.384126
-0.387012
-0.125943
-0.259251
-0.212098
-0.218358
-0.12628
-0.252496
-0.406005
-0.376075
-0.38872
-0.422797
-0.432339
-0.456082
-0.382995
-0.148682
-0.424002
0.119666
-0.387572
-0.39045
-0.127115
-0.233754
-0.213112
-0.221117
-0.127657
-0.254987
-0.408745
-0.380222
-0.392439
-0.427338
-0.437395
-0.452668
-0.387554
-0.149499
-0.428949
0.11921
-0.390934
-0.394806
-0.129764
-0.234603
-0.216621
-0.221877
-0.130056
-0.255631
-0.411479
-0.382317
-0.394839
-0.430264
-0.438866
-0.454049
-0.38847
-0.149169
-0.431262
0.118844
-0.392909
-0.395358
-0.129835
-0.234796
-0.222074
-0.130127
-0.257611
-0.21522
-0.402945
-0.417424
-0.453071
-0.46009
-0.442464
-0.410591
-0.454268
0.117439
-0.414803
-0.41721
-0.135162
-0.269022
-0.229188
-0.13555
-0.266215
-0.222419
-0.154618
-0.40262
-0.459906
-0.435576
0.118206
-0.269551
-0.230104
-0.136413
-0.267102
-0.221782
-0.1569
-0.453326
-0.435786
-0.402469
-0.459684
-0.439385
0.118136
-0.24308
-0.231647
-0.138065
-0.268589
-0.223337
-0.152478
-0.454648
-0.15565
-0.433111
-0.406972
-0.458473
-0.426061
0.11834
-0.26965
-0.229967
-0.136275
-0.266966
-0.221645
-0.15229
-0.454167
-0.153826
-0.413219
-0.13568
-0.434449
-0.407845
-0.460651
-0.441645
0.117467
-0.269475
-0.23084
-0.135553
-0.267839
-0.224064
-0.151575
-0.456634
-0.154887
-0.414432
-0.134957
-0.418266
-0.433111
-0.406475
-0.459346
-0.426934
0.117467
-0.243322
-0.229299
-0.135553
-0.266327
-0.224064
-0.157839
-0.45423
-0.154887
-0.412818
-0.133361
-0.415187
-0.453137
-0.433111
-0.406475
-0.459346
-0.440316
0.117467
-0.242201
-0.229299
-0.135553
-0.266327
-0.224064
-0.157072
-0.454765
-0.154887
-0.413284
-0.133361
-0.415395
-0.453109
-0.433111
-0.406475
-0.459346
-0.448266
0.117467
-0.242201
-0.229299
-0.135553
-0.266327
-0.224064
-0.156747
-0.454667
-0.154887
-0.438266
-0.133361
-0.415873
-0.453109
-0.433111
-0.406475
-0.459346
-0.448266
0.117467
-0.270175
-0.229299
-0.135553
-0.266327
-0.224064
-0.154014
-0.454786
-0.154887
-0.452915
-0.133361
-0.415899
-0.453109
-0.433111
-0.406475
-0.459346
-0.448266
0.117467
-0.270175
-0.229299
-0.135553
-0.266327
-0.223165
-0.154014
-0.455063
-0.154887
-0.439233
-0.133361
-0.415954
-0.453109
-0.433111
-0.406475
-0.459346
-0.437653
0.117467
-0.270175
-0.229299
-0.135553
-0.266327
-0.223291
-0.154014
-0.454735
-0.154887
-0.453405
-0.133361
-0.415361
-0.453109
-0.413367
-0.433111
-0.406475
-0.459346
-0.440316
0.117467
-0.270193
-0.229299
-0.135553
-0.266327
-0.223291
-0.157034
-0.454813
-0.154887
-0.452786
-0.133361
-0.415881
-0.453109
-0.413494
-0.433111
-0.406475
-0.459346
-0.433646
0.117467
-0.270193
-0.229299
-0.135553
-0.266327
-0.223472
-0.156942
-0.454963
-0.154887
-0.452786
-0.133361
-0.415881
-0.453109
-0.413431
-0.433111
-0.406475
-0.459346
-0.434983
0.117467
-0.270193
-0.229299
-0.135553
-0.266718
-0.223472
-0.156894
-0.454722
-0.154887
-0.453086
-0.133361
-0.415604
-0.453109
-0.413431
-0.433111
-0.406475
-0.459346
-0.434983
0.117467
-0.270746
-0.229299
-0.135553
-0.266718
-0.223472
-0.157026
-0.455026
-0.154887
-0.45276
-0.133361
-0.416206
-0.453109
-0.413431
-0.433111
-0.406475
-0.459346
-0.438985
0.117467
-0.270473
-0.229299
-0.135553
-0.266718
-0.223472
-0.156796
-0.454726
-0.154887
-0.452713
-0.133361
-0.415985
-0.453109
-0.413431
-0.433111
-0.406475
-0.459346
-0.438985
0.117467
-0.270473
-0.229299
-0.135553
-0.266718
-0.223264
-0.154014
-0.4548
-0.154887
-0.452991
-0.133361
-0.415542
-0.453109
-0.413394
-0.433111
-0.406475
-0.459346
-0.434983
0.117467
-0.241959
-0.229299
-0.135553
-0.266718
-0.22336
-0.156932
-0.454884
-0.154887
-0.45277
-0.133361
-0.415542
-0.453109
-0.413204
-0.433111
-0.406475
-0.459346
-0.434983
0.117467
-0.241959
-0.229299
-0.135553
-0.266304
-0.22336
-0.15694
-0.454778
-0.154887
-0.453018
-0.133361
-0.415542
-0.453109
-0.41325
-0.433111
-0.406475
-0.459346
-0.434983
0.117467
-0.241959
-0.229299
-0.135553
-0.266304
-0.22336
-0.156927
-0.455065
-0.154887
-0.452739
-0.133361
-0.416426
-0.453109
-0.41325
-0.433111
-0.406475
-0.459346
-0.434983
0.117467
-0.270565
-0.229299
-0.135553
-0.266304
-0.22336
-0.156911
-0.454887
-0.154887
-0.453076
-0.133361
-0.415274
-0.453109
-0.41325
-0.433111
-0.406475
-0.459346
-0.436319
0.117467
-0.270565
-0.229299
-0.135553
-0.266304
-0.22336
-0.156962
-0.454986
-0.154887
-0.453076
-0.133361
-0.415274
-0.453109
-0.413471
-0.433111
-0.406475
-0.459346
-0.434983
0.117467
-0.27029
-0.229299
-0.135553
-0.266304
-0.22336
-0.154014
-0.454925
-0.154887
-0.434215
-0.133361
-0.415089
-0.453109
-0.413471
-0.433111
-0.406475
-0.459346
-0.434983
0.117467
-0.270134
-0.229299
-0.135553
-0.266304
-0.22336
-0.156896
-0.454995
-0.154887
-0.434021
-0.133361
-0.415268
-0.453109
-0.413471
-0.433111
-0.406475
-0.459346
-0.432307
0.117467
-0.270595
-0.229299
-0.135553
-0.256113
-0.22336
-0.156928
-0.454991
-0.154887
-0.413415
-0.133361
-0.416226
-0.453063
-0.413471
-0.433111
-0.406475
-0.459346
-0.440316
0.117467
-0.270595
-0.229299
-0.135553
-0.256113
-0.222865
-0.156909
-0.45462
-0.154887
-0.413481
-0.133361
-0.415909
-0.452671
-0.413471
-0.433111
-0.406475
-0.459346
-0.446945
0.117467
-0.270595
-0.229299
-0.135553
-0.256113
-0.223094
-0.156919
-0.454755
-0.154887
-0.413481
-0.133361
-0.415396
-0.452711
-0.413471
-0.433111
-0.406475
-0.459346
-0.440316
0.117467
-0.270595
-0.229299
-0.135553
-0.256113
-0.223599
-0.157181
-0.454829
-0.154887
-0.413391
-0.133361
-0.416147
-0.452711
-0.413471
-0.433111
-0.406475
-0.459346
-0.434983
0.117467
-0.269823
-0.229299
-0.135553
-0.256113
-0.223599
-0.156694
-0.454712
-0.154887
-0.438449
-0.133361
-0.416389
-0.452711
-0.413471
