3.01779
3.33623
3.33784
2.64816
3.32282
3.33995
3.01779
3.3249
3.35435
2.55763
3.32324
3.37519
3.39199
3.01779
3.32279
3.33662
2.5676
3.3229
3.35735
3.39083
2.59561
3.32588
2.9578
3.32691
5.22418
3.26179
5.35647
3.23027
6.82587
3.30918
5.31635
3.26121
6.90438
2.97205
3.40221
5.18615
3.24459
6.90473
2.94355
3.27687
5.14548
3.21084
6.83046
3.27882
3.29534
3.22311
5.28141
3.20961
6.83678
3.25404
3.25951
2.92807
3.23649
5.32708
3.22584
6.9144
3.2368
3.22548
3.20364
5.24496
3.22195
6.69664
3.21777
3.28976
2.92807
3.27115
5.24536
3.1439
6.69949
3.2202
3.24365
2.91872
3.16043
5.15776
3.13089
6.99549
3.19616
3.2134
3.17851
5.11911
3.18
6.55802
3.19762
3.2146
2.88356
3.29572
5.16153
3.16437
6.77268
3.16864
3.18434
2.7798
3.04499
5.12056
3.06442
6.55874
3.03785
3.08061
2.76814
3.04458
5.12559
2.97612
6.63401
3.0823
3.06577
2.76935
3.03094
5.04643
2.97594
6.70806
3.03734
3.05043
2.72421
2.96079
5.04933
2.96192
6.49979
2.9695
3.02519
2.70357
2.96145
4.97719
2.92177
6.50354
3.02629
3.01064
2.68169
2.90828
4.98262
2.89517
6.4432
2.91743
2.92894
2.68287
2.88135
4.98328
2.91004
6.44446
2.93229
2.90446
2.64061
2.83185
4.91339
2.86918
6.45187
2.91668
2.89153
2.62959
2.84487
4.95479
2.86193
6.52198
2.87919
2.87943
2.62173
2.85855
4.88312
2.8369
6.39431
2.86766
2.83022
2.58516
2.79806
4.81052
2.7869
6.32976
2.86019
2.84718
9.42973
2.5678
2.77747
4.77444
2.77251
6.39271
2.85239
2.79087
9.57864
2.52428
2.722
4.77544
2.75182
6.46284
2.77247
2.76037
9.73121
2.49922
2.70289
4.77778
2.67918
6.14436
2.74199
2.72951
2.4292
2.61923
4.54284
2.60547
6.33309
2.66585
2.68723
2.60357
2.40865
2.58348
4.579
2.55824
5.91454
2.59686
2.60704
2.56784
9.5797
2.39657
2.56653
4.57798
2.52928
5.86009
2.57038
2.59
2.5501
9.43395
2.40131
2.53422
4.51215
2.51429
6.14684
2.57907
2.58452
2.53453
9.58186
2.39485
2.54669
4.44988
2.49789
5.96678
2.55168
2.53965
2.50767
9.89336
2.62795
2.38158
2.53408
4.41879
2.51279
6.02468
2.53734
2.53491
2.49343
9.29389
2.6019
2.35462
2.50165
4.41919
2.47888
5.80366
2.53316
2.51972
2.46775
9.8953
2.5483
2.31877
2.46811
4.45329
2.45375
5.91345
2.52812
2.50639
2.46224
2.57491
9.29546
2.29081
2.42712
4.39497
2.35997
5.70096
2.46719
2.44653
2.43667
2.52992
8.64163
2.22601
2.34305
4.36619
2.34421
5.50303
2.44152
2.38593
2.32581
2.5323
9.89602
2.21377
2.2873
4.31148
2.28803
5.9198
2.35704
2.36077
2.38847
2.47012
9.02175
2.1901
2.30844
4.28372
2.30143
5.75655
2.31823
2.31556
2.3252
2.41278
9.58673
2.1725
2.28747
4.28555
2.28787
5.86346
2.34329
2.30524
2.29493
2.35751
9.02295
2.16841
2.25693
4.31741
2.24978
5.60508
2.31155
2.28409
2.2877
2.4021
9.89653
2.15812
2.25173
4.18234
2.25221
5.41532
2.30771
2.25136
2.25089
2.35439
9.73811
2.26977
2.13479
2.23895
4.213
2.23931
5.46665
2.27301
2.23659
2.2295
2.31825
9.73807
2.25793
2.27235
2.12947
2.19555
4.21754
2.19591
5.56818
2.25512
2.24769
2.21082
2.29741
9.58289
2.23746
2.24379
2.10572
2.1989
4.16821
2.19178
5.42801
2.23594
2.22918
2.19794
2.27119
9.58254
2.22059
2.24823
2.02511
2.10426
4.25571
2.10458
5.20695
2.1564
2.14742
2.10529
2.19015
9.01787
2.13793
2.17548
2.01841
2.07044
4.28624
2.07616
5.25164
2.14133
2.10237
2.06866
2.16619
9.01785
2.07546
2.12434
1.99477
2.09251
4.23266
2.06889
5.34085
2.11414
2.08385
2.04791
2.17989
9.89201
2.08873
2.10482
1.98448
2.07111
4.17934
2.06141
5.2544
2.096
2.08868
2.04827
2.18303
9.73405
2.0907
2.09332
1.96137
2.07897
4.12959
2.02202
5.16907
2.0702
2.0396
1.9961
2.1405
8.88747
2.05752
2.07418
1.93445
2.03484
4.1049
2.00204
5.25751
2.03792
1.98249
2.00138
2.08846
8.63774
2.04988
2.05418
1.91897
2.00608
4.11055
1.9657
5.17472
2.03293
1.95759
1.94031
2.02734
9.29133
1.99567
2.00663
1.87313
1.94983
4.11033
1.90909
5.08998
1.98275
1.92489
1.93682
8.28896
1.93813
1.97852
4.63778
9.11874
1.84423
1.91645
4.11175
1.91312
5.17433
1.89068
1.89071
9.15629
1.91972
1.91437
4.30056
8.85914
1.8593
4.06276
1.86526
5.05213
1.86923
1.8701
9.15565
1.87298
1.88431
4.36235
9.11878
1.84374
4.09145
1.8267
5.17831
1.80847
1.81808
8.40316
1.83313
1.83979
4.36284
8.9884
1.78165
3.97367
1.76322
5.09844
1.76459
1.76437
9.15501
1.81486
1.80807
4.08978
8.61584
1.75965
4.0025
1.75031
5.06221
1.7771
1.77465
8.89023
1.78422
8.74002
4.01923
1.73568
3.98249
1.72909
5.0655
1.745
1.74801
9.29379
8.61986
4.2654
1.77514
1.68328
3.98821
1.67123
4.98674
1.66514
1.68365
8.8899
8.74299
4.1876
1.68453
3.94413
1.64904
5.02969
1.65296
8.76291
8.74363
3.96049
3.96862
1.64639
4.95187
1.63746
8.64188
8.62161
4.11214
3.92671
4.91562
8.52214
8.86819
4.21666
7.01232
3.88146
4.91564
7.57602
8.50182
4.09174
6.85868
3.90726
4.95313
8.40514
8.50496
4.06171
6.78484
3.80016
4.88131
8.64298
8.17224
3.88238
6.78729
3.84869
4.88392
8.76594
7.76223
3.84143
6.78855
3.76075
4.81206
8.4059
8.17099
3.89084
6.718
3.72855
4.81823
8.18096
7.76671
3.78881
6.72264
3.67484
4.75357
7.8649
7.97079
3.60824
6.72853
3.65679
4.65422
7.7657
8.18451
3.67285
6.52104
3.69647
4.62644
7.86378
7.40899
3.62583
6.52707
3.58729
4.59436
8.40202
7.23556
3.55199
6.46293
3.58499
4.59346
7.76438
7.4989
3.55238
6.46209
3.51563
4.50136
7.39297
7.6822
3.48653
6.39794
3.48109
4.53318
8.28968
7.98177
3.47107
6.21153
4.50819
3.43429
4.44374
7.30412
8.08709
3.42318
6.33779
4.48056
3.43595
4.44314
7.21785
7.4997
3.44416
6.21336
4.33022
8.29103
3.42345
4.35584
7.67069
7.78246
3.41419
6.53542
4.36189
7.67059
3.41006
4.29768
7.67215
7.50041
3.38127
6.27241
4.19142
7.67257
3.37733
4.35614
7.76822
7.41078
3.38323
6.33545
4.19317
7.76929
9.15713
7.17218
7.30365
7.01428
5.93937
4.09073
8.07289
7.25642
8.18079
7.61032
6.97262
6.05044
7.39145
7.01234
6.39106
6.17507
7.57434
7.17307
7.21685
6.16991
6.17755
7.26339
6.06274
7.7192
5.89712
7.31575
6.22266
6.88225
7.4738
6.35456
6.87532
7.43663
6.4599
7.0332
7.31122
6.32769
6.73515
7.16563
7.6276
6.1668
7.15854
7.07678
7.29423
6.47977
7.01504
7.38826
7.04151
7.85202
6.86517
7.02388
6.82945
6.8579
7.00537
6.86083
7.26864
6.95617
8.49689
7.08202
0.000761217
8.28265
0.953115
7.04229
9.39311
0.945833
0.965456
0.987556
7.03232
8.89187
0.948876
0.96893
0.99115
1.0423
1.02834
0.996224
7.2248
0.950583
0.947718
0.991842
1.01953
1.02886
1.04845
0.993284
7.07217
0.944805
0.959272
0.992485
1.01818
1.03106
1.04386
0.973608
0.946864
7.08089
0.942801
0.9603
0.987395
1.01951
1.02989
1.0409
0.973082
0.947746
0.937889
0.9406
0.959275
0.988897
1.03786
1.02798
1.04398
0.971779
0.940908
0.943492
6.96988
1.0405
0.982337
0.941215
0.956797
0.985467
1.02933
1.01138
1.03819
0.970129
0.935843
0.943376
1.03406
0.975846
0.939347
0.956882
0.987451
1.03113
0.993127
1.03123
0.965903
0.9312
0.936528
1.03518
0.939378
0.998248
0.976153
0.984393
1.03292
1.02694
0.944059
0.943075
1.03949
0.946437
0.992069
1.0408
1.03108
0.941523
0.949435
1.04245
0.996358
0.941041
0.964457
1.03985
1.03243
0.945152
0.953062
1.0397
1.04883
1.00101
0.948023
0.993211
1.04435
1.03508
0.94511
0.950913
1.04124
1.04931
1.00107
0.947129
0.988303
1.04601
1.02846
0.944489
0.954249
1.05704
1.04804
1.00392
0.986202
0.961337
0.95576
1.05257
1.00494
0.996836
0.969482
2.64867
0.995476
0.945818
0.964647
1.04789
1.01027
0.995866
0.970478
2.63958
1.03728
2.62272
2.60615
2.58298
1.05199
0.958894
0.954203
1.05645
1.01252
0.997683
0.974048
2.66984
1.03889
2.61527
2.6024
2.60224
1.04953
0.967285
0.967746
1.06956
1.03756
1.01687
0.98935
2.63411
1.05933
2.58687
2.52886
2.56847
1.06994
2.64047
1.06731
0.998785
0.955168
0.958461
1.05521
1.02356
1.00123
0.957071
2.60581
1.04327
2.59986
2.61097
2.59422
1.05323
2.59922
1.05411
2.56908
0.955043
0.959336
1.05401
1.0445
1.00681
0.972651
2.69214
1.04428
2.60829
2.59253
2.59269
1.0561
2.5834
1.0528
2.59626
0.96299
0.955497
1.05459
1.04327
1.00669
0.97311
2.6339
1.04302
2.59414
2.57854
2.5694
1.05432
2.55761
1.05653
2.58757
0.957742
0.958116
1.05572
1.01553
1.00292
0.955895
2.62265
1.04552
2.55875
2.57377
2.56789
1.05953
2.53154
1.05576
2.59498
1.00192
0.960306
0.951744
1.05873
1.03832
0.982436
0.959626
2.66893
1.04768
2.56922
2.51359
2.60103
1.05696
2.51127
1.05575
2.57134
0.953447
0.959907
1.05653
1.05102
0.977901
0.957079
2.66219
1.04844
2.59083
2.59398
2.59487
1.05165
2.53934
1.0547
2.60414
0.98385
1.0185
0.999754
0.955101
0.962201
1.0604
1.04609
0.97998
0.963192
2.64248
1.04353
2.57109
2.60434
2.60805
1.06075
2.59305
1.06128
2.59348
0.990646
1.0176
0.971964
0.969282
1.05517
1.04792
1.00011
0.962451
2.6282
1.04538
2.56517
2.60454
2.60522
1.05555
2.54358
1.05931
2.61876
0.986454
1.01195
1.02367
0.979573
0.979651
1.07483
1.05847
1.02954
0.979935
2.65028
1.06326
2.56156
2.56192
2.56193
1.07847
2.61454
1.0706
2.62561
1.00635
1.00766
1.05339
1.02961
1.00217
2.57454
1.04299
2.59729
2.58544
2.58545
1.06513
2.54846
1.05997
2.57367
0.990692
1.01061
0.981367
1.06071
1.03663
1.01115
2.62646
1.04614
2.64546
2.64455
2.64455
1.05728
2.55934
1.04994
2.64696
1.01861
1.06434
1.03902
2.66081
1.04988
2.6081
2.60905
2.60905
1.05758
2.58768
1.06017
2.73583
2.64233
1.05728
2.59063
2.60474
2.61622
2.61622
1.07258
2.56862
2.62359
2.62748
2.59888
2.60418
2.60435
2.60435
2.58781
2.6098
2.68453
2.60613
2.62605
2.62618
2.62618
2.5841
2.60596
2.6841
2.59389
2.60404
2.6049
2.6049
2.57191
2.62676
2.6156
2.60401
2.63838
2.62991
2.6299
2.593
2.62602
2.64005
2.62639
2.64018
2.64352
2.64352
2.60438
2.62652
2.63135
9.51201
2.56264
2.59512
2.60516
2.60515
2.60642
2.57395
2.57108
9.9382
2.58647
2.58801
2.63144
2.63143
2.56446
2.58688
2.58574
9.32084
2.60294
2.57509
2.57434
2.57434
2.5277
2.6146
2.67348
9.29673
2.67175
2.5938
2.58324
2.58324
2.59321
2.70815
2.58079
9.71751
2.62728
2.5567
2.56665
2.56664
2.55109
2.61722
2.58343
9.56009
2.56334
2.55305
2.56141
2.5614
2.53253
2.57513
2.60037
9.71422
6.21305
2.40296
6.25684
2.41174
2.54993
2.58399
6.2143
2.40296
2.54067
2.5839
2.5558
6.25684
2.41174
2.53027
2.57661
2.59978
2.62502
6.17171
2.36954
2.51889
2.56588
2.59887
2.62604
6.2143
2.38627
2.54977
2.57604
2.61129
2.53573
2.40296
2.54041
2.57589
2.5996
2.55591
2.39506
2.54102
2.58723
2.55848
2.54299
2.36417
2.54984
2.51726
2.53026
2.53537
2.35285
2.48866
2.49361
2.51344
2.54338
2.50287
2.5012
2.48943
2.55133
2.34542
2.47122
2.47063
2.5841
2.50122
2.47767
2.49032
2.49745
2.49405
2.33412
2.51992
2.4562
2.45777
2.47692
2.48539
2.29209
2.42795
2.44942
2.4642
2.45405
2.44274
2.29575
2.39667
2.44554
2.42382
2.42256
2.4265
2.24912
2.38952
2.4136
2.38555
2.38435
2.24424
2.33842
2.40716
2.38963
2.38766
2.37848
6.19067
2.19135
2.31527
2.3867
2.33898
2.33847
2.32389
2.33573
6.10298
2.15755
2.29165
2.33825
2.29884
2.31412
2.29381
2.32038
6.14775
2.1517
2.273
2.29038
2.28843
2.272
2.28465
2.30388
2.14017
2.25393
2.28681
2.26117
2.26632
2.27265
2.26661
2.13605
2.27023
2.29036
2.25662
2.26329
2.25221
2.27904
9.81719
2.08644
2.18753
2.20235
2.19394
2.20084
2.19676
2.19213
2.17473
2.04572
2.11537
2.18472
2.15234
2.11631
2.16266
2.17325
2.12008
6.0734
2.00766
2.10302
2.14279
2.13397
2.11681
2.13666
2.15496
2.1078
6.03171
2.01701
2.09713
2.14298
2.12742
2.12518
2.12754
2.13137
2.05936
8.62417
6.11962
1.9851
2.07936
2.10641
2.07985
2.0897
2.07493
2.12037
2.04894
8.99891
5.95125
8.63204
2.08515
5.99467
10.0021
2.02365
1.98122
2.01327
2.0085
9.39603
1.94899
1.9799
5.94966
1.93062
1.9738
1.94882
9.83676
1.94645
5.94808
1.92733
1.95884
1.93437
9.68532
1.92456
1.94539
1.94979
1.92583
9.25139
1.90634
1.91303
1.92036
1.91929
9.25372
1.90965
1.89921
8.72075
5.99148
1.9056
1.91611
9.53172
1.88006
1.88108
8.59764
9.67545
7.93358
9.9858
8.96464
8.36096
1.77504
1.77289
1.0666
5.77871
8.25436
1.05817
5.69464
8.48171
1.0402
5.78026
8.15012
1.01324
7.77259
1.00014
5.73953
7.94257
0.966774
8.85826
0.992134
4.50034
1.10407
5.78339
7.98062
0.966599
8.06724
4.50348
0.931939
0.968096
5.78497
7.50149
0.921409
8.49384
4.29336
0.899009
1.05316
7.7496
0.898319
7.68529
0.875504
5.61941
7.32942
7.50056
5.66061
7.16032
8.61935
4.16389
5.66061
7.59902
8.74004
4.13844
5.66061
7.50659
8.7372
4.27377
5.61941
8.26562
8.99082
4.27699
5.53764
7.84803
7.24037
4.0879
7.4171
7.50208
4.14388
5.58153
7.85296
8.86924
4.09702
5.58472
7.66125
8.74813
4.07685
7.17524
8.51164
4.031
5.58796
7.43074
8.75282
4.05737
5.62903
7.09283
8.63021
3.9841
7.01851
8.17916
3.98794
5.55039
6.71495
8.51574
3.96594
5.55039
7.09847
8.51601
3.94567
5.43177
6.64565
7.97213
3.94779
5.47119
6.64831
8.07705
3.94953
5.39229
7.39677
7.87205
3.85756
7.48868
8.29492
3.77124
5.35812
7.31676
8.52088
3.75506
5.39719
7.67656
7.97924
3.77644
5.39719
7.7712
7.77731
3.73787
5.55881
6.65467
8.41138
3.59484
5.35977
6.7995
8.19011
3.65628
5.35812
6.58477
8.41133
3.63917
6.72616
7.88006
3.60028
5.32116
7.14772
7.77984
3.50387
5.32116
7.49241
7.78025
3.47356
5.28258
7.14768
7.68305
3.47725
7.22565
7.67869
3.473
5.27458
7.05703
7.4905
3.45409
6.85983
9.68744
3.38177
5.31311
6.71749
7.86808
3.36475
6.85774
5.31469
7.02111
7.97243
3.38396
7.01347
3.38574
5.27934
6.07018
7.68163
3.39213
6.86276
3.34176
4.86623
7.0678
7.68591
3.3117
6.86837
3.33005
4.94239
6.99384
6.92242
3.40566
6.87414
3.30428
4.91252
5.21414
6.84356
7.69194
3.3754
6.59055
3.26074
4.84142
6.5996
5.22088
6.84841
7.5151
3.22142
6.66834
3.28706
5.0034
6.3402
10.0334
5.22782
7.01299
7.43795
3.26821
6.60803
3.22218
4.8986
6.34721
9.15852
5.19207
6.93631
7.52965
3.24113
6.67932
3.24261
4.94239
6.10577
9.88989
3.22631
5.15696
6.71485
7.91246
3.18391
6.68342
3.19977
4.68989
6.16754
9.89077
3.22954
5.15872
6.64514
7.35437
3.23306
6.68276
3.21803
4.87132
6.16733
9.58786
5.15872
6.64564
7.5336
3.1489
6.54608
3.06356
4.87383
6.17027
9.73827
5.1641
6.65048
6.68115
3.0712
6.76264
3.04446
4.73448
5.62289
9.9005
3.84852
5.12784
7.10424
7.19321
3.03082
6.5511
2.99285
4.80494
6.36185
3.83096
3.07387
6.51571
7.45506
3.06705
6.42141
2.97258
4.63612
6.05909
4.22328
5.0237
6.44964
7.282
2.97703
6.4891
3.00529
4.70829
5.89149
4.08604
9.17191
5.09481
6.25805
7.19996
2.97963
6.4229
3.03724
4.78058
6.06246
4.95576
5.06123
6.38726
7.12019
2.93315
6.36205
2.97293
4.61137
6.12246
4.59147
2.94637
5.06304
6.58739
7.1218
2.91267
6.23558
3.00245
4.48508
6.00688
4.52526
3.00062
5.06304
6.80472
7.04219
2.97822
6.36349
2.90437
4.64936
6.37373
4.27809
2.95166
5.06487
6.38671
7.12216
2.94482
6.2986
2.89623
4.48837
5.8447
3.81363
2.94531
5.06487
6.26034
7.37414
2.90007
6.36398
2.87643
4.4295
5.73891
4.00117
2.89932
4.99593
6.3919
6.2944
2.87064
6.3014
2.78938
4.65877
5.95766
3.99253
4.96481
6.26884
6.42997
2.80814
6.24489
2.8101
5.90584
3.62085
4.40875
2.78608
5.00144
6.33151
6.4078
2.7703
6.24672
2.84103
5.6461
3.73141
4.50515
2.77033
4.93268
6.20698
6.89935
2.85765
6.12779
5.85351
3.75695
4.35413
4.90082
6.53038
7.30127
6.01406
5.45416
3.92915
4.3293
4.90082
6.26929
6.12515
6.07143
6.02212
4.40793
4.21968
8.55956
4.86866
6.33584
6.34512
5.90303
5.6526
4.35402
4.1932
8.44557
5.97548
6.48205
5.85418
5.50663
4.47419
4.2259
9.19736
4.87234
6.40431
6.35267
5.90965
5.60571
4.4883
4.14932
8.68994
4.8429
6.15765
6.48667
5.91301
5.61045
4.04221
8.94021
4.26215
4.78127
5.93099
6.262
5.81013
5.71712
4.5167
4.15851
4.85043
5.71847
6.17596
5.86814
5.29159
4.54582
4.11242
4.84853
5.93221
6.84901
5.92312
5.61725
4.48722
4.19068
4.78689
5.77327
6.43
5.81239
5.29782
4.52102
4.06808
4.75469
5.47201
6.4989
5.70563
5.38671
4.30122
4.11922
8.35382
4.72473
5.42739
6.24171
5.81545
5.38632
4.32484
4.0458
8.46687
4.66591
5.67254
6.1835
5.56245
5.29871
4.25878
4.02819
8.58488
4.45946
5.5254
5.84298
5.33242
5.4398
4.26568
4.08265
8.7061
4.54506
5.57516
6.06793
5.56587
5.39245
4.36211
3.98584
8.35865
4.51366
5.52234
5.8939
5.4195
5.08963
4.14764
3.96014
8.2426
4.48697
5.52125
6.06587
5.37781
5.25919
4.12076
3.91664
8.35125
3.93875
4.48697
5.38174
5.61764
5.4228
5.17306
4.28771
3.89582
8.2417
3.92085
4.43126
5.33868
5.89633
5.33566
5.09333
4.09308
3.789
8.24432
4.40893
5.39041
5.96277
5.25401
5.1405
4.09245
3.77346
8.25178
4.38464
5.26103
5.54716
5.25674
5.10506
3.84829
3.82581
8.2531
4.41995
5.22302
5.86061
5.30795
5.19588
3.97537
3.6447
8.15283
4.42182
5.35798
5.19355
5.2257
4.84653
4.08808
3.69005
8.05441
4.4237
5.18474
5.27217
5.27206
5.03726
3.85922
3.73496
8.16131
5.97936
3.73763
4.37198
5.31963
5.14783
5.14773
5.04353
3.81849
3.76209
7.66751
5.81876
3.62022
4.3462
5.1895
5.14895
5.14885
4.89382
3.9873
3.55002
7.96043
5.56536
3.56944
4.34809
5.1507
5.37164
5.11192
4.74907
3.8769
3.61209
8.06238
5.51894
3.51685
9.94383
4.32093
5.10758
5.47226
5.19464
4.89635
3.68225
3.59546
7.86311
5.47312
3.633
9.94352
4.29618
5.193
5.3803
5.07254
4.97163
3.70524
3.54186
7.39943
5.37965
9.94256
3.52189
4.32282
5.10742
5.12231
5.24369
4.78502
3.66767
3.50335
7.67001
5.33564
3.58051
4.29618
5.14886
5.15487
5.20094
4.96996
3.68011
3.4334
7.48243
5.42402
3.56231
4.27009
5.06842
4.95579
5.42564
4.71606
3.71987
3.47073
7.57699
5.42581
3.48937
9.93853
4.27009
5.23639
5.15893
5.56728
4.82104
3.50236
3.45755
7.76235
5.37867
3.49409
9.93666
4.24759
5.07282
5.2471
5.33887
4.79128
3.75856
3.46545
7.39726
5.25051
3.50119
4.22565
5.07619
5.16763
5.34296
4.76095
3.64125
3.42442
7.48828
5.04553
3.40452
3.43631
4.20169
5.03839
5.43979
5.43669
4.76306
3.75162
3.42598
7.4897
5.17084
3.42627
3.42509
9.94051
4.20169
4.9995
5.25712
5.25681
4.83435
3.68755
3.37811
7.57875
5.1716
3.37894
3.39585
9.77766
4.20169
4.92023
5.17359
5.21412
4.59386
3.57131
3.36362
7.67227
5.04759
3.38279
3.31646
9.93781
4.20169
5.03774
5.01203
5.01454
4.59345
3.81202
3.29951
7.48775
5.17073
3.33382
3.27004
9.77919
4.15544
4.88288
4.97384
4.86543
4.53046
3.73365
3.27255
7.48872
5.08846
3.25762
3.30593
9.7792
4.15732
5.04313
4.98089
4.90651
4.7009
3.68676
3.2637
7.49169
5.05189
3.3449
3.26516
9.93833
4.13625
4.81374
5.2238
4.83352
4.70499
3.57639
3.28322
7.8697
4.97511
3.2374
3.25369
9.62965
4.14005
4.78273
5.36304
4.95195
4.57908
3.4518
3.26275
7.59071
5.06245
3.21617
3.21743
9.62826
4.11696
4.74845
4.95521
4.77064
4.48487
3.57895
3.28148
7.24369
4.94619
3.25075
3.22313
9.63098
4.12272
4.90271
4.77716
4.84846
4.58752
3.33409
3.27711
7.33361
4.83943
3.1564
3.21617
9.3414
4.1002
4.79188
4.92563
4.77892
4.58925
3.34772
3.13164
7.5098
4.91725
3.18901
3.13246
9.78666
4.0802
4.8689
4.9291
4.81764
4.62511
3.24519
7.42397
5.03656
9.34301
4.11195
4.91458
4.97808
4.79028
4.38553
3.37257
7.01755
5.00554
9.79248
4.06597
4.66651
5.0532
4.65312
4.449
3.12846
7.02513
4.85538
9.94962
4.00006
4.51074
4.62657
4.62543
4.36384
3.24627
7.18635
4.71699
9.3498
3.89175
4.51313
4.62577
4.46948
4.45955
3.18469
7.27076
4.6204
9.64118
3.8956
4.51608
5.02272
4.50336
4.25775
3.36268
7.10964
4.83093
9.79674
4.57367
3.89754
4.3638
4.62782
4.47027
4.2075
3.43902
6.95723
4.72523
9.3491
4.51199
7.06258
3.83475
4.30695
4.56362
4.33507
4.15509
3.40979
6.95829
4.49708
9.35199
4.45278
6.98283
9.74118
3.8386
4.31059
4.60376
4.32867
4.08513
3.34005
6.95748
4.50061
9.35233
4.43169
6.75332
9.58915
3.77921
4.28482
4.57063
4.34188
4.21559
3.28778
6.80857
4.50369
9.35113
4.40246
6.82883
9.58882
3.75899
4.31285
4.5077
4.25559
4.16255
3.39669
7.11892
4.5354
9.05068
4.37434
6.61041
9.89781
3.70629
4.10076
4.42908
4.29248
4.07098
3.33724
6.9669
4.30262
9.21227
4.35559
6.60917
9.74191
3.7082
4.18407
4.4276
4.21073
4.02484
3.28021
6.74438
4.39104
9.79823
4.30163
6.47165
9.89785
3.65522
4.21731
4.40536
4.23544
4.05597
3.28218
6.74925
4.33857
9.0796
4.19539
6.98508
9.89912
3.6782
4.16705
4.29173
4.15875
3.98863
3.55104
6.75503
4.31525
8.94923
4.25897
6.53887
9.74563
4.17616
3.64755
3.92183
4.3308
4.15212
3.95092
3.40088
6.82985
4.32019
8.95245
4.18512
6.68013
9.44696
4.15621
3.65145
4.1251
4.30212
4.18576
3.99728
3.80188
6.61949
4.29383
8.95555
4.18904
6.75388
9.90503
4.18724
5.37062
3.65145
4.05007
4.3637
4.15991
4.05032
3.94913
6.55444
4.35385
9.65293
4.2203
6.75412
9.44621
4.163
3.61548
3.99918
4.28116
4.05874
4.0022
3.61335
6.69396
4.29881
9.08659
4.16721
6.46965
9.59347
4.0875
3.60071
4.0782
4.40234
4.11552
4.03496
3.82527
6.62782
4.39061
9.50594
4.17201
6.90411
9.44604
4.11771
4.07066
3.60658
4.08314
4.28881
4.12098
3.96696
3.88033
6.56627
4.30726
8.95847
4.20455
6.46806
9.44933
4.14907
4.0757
3.5757
3.99089
4.26444
4.05991
3.85897
3.67783
4.31505
9.36468
4.13576
6.46749
9.30537
4.05725
3.98153
3.58364
3.94743
4.11375
4.06948
3.91219
3.81657
4.15651
9.36639
4.06803
5.80947
9.30635
4.06567
4.01557
8.68884
3.5675
3.95109
3.99536
4.02933
3.87012
3.83701
4.08312
9.22785
3.99836
6.09851
4.09492
3.97247
9.34608
7.3476
8.68471
9.64082
8.81137
3.51954
3.93392
4.0517
4.0047
3.78807
3.75736
4.22161
9.09294
3.9337
5.86575
4.00334
4.02668
9.20762
9.2969
9.06704
9.64498
9.78893
9.15455
3.50397
3.86414
4.05211
3.98327
3.83398
3.72461
4.19644
9.09192
3.98505
5.81117
3.98259
3.95684
9.63708
8.00633
9.77358
9.35261
9.06765
8.77536
3.49033
4.16366
3.93272
3.91945
3.73288
3.6219
4.06814
8.95969
3.91592
5.86632
3.94469
3.91131
9.63684
8.65944
9.33647
9.21245
9.34328
10.0016
3.45973
3.86827
3.93866
3.94389
3.6154
3.55046
4.09645
8.70702
3.85475
5.98057
3.93366
3.91348
9.63614
8.1073
9.19875
8.82501
9.06821
9.00373
3.38205
3.67876
3.78613
3.81388
3.54635
3.45171
3.86037
8.83202
3.81574
5.92397
3.87054
3.85129
9.07242
7.80906
9.19939
8.35785
8.9371
8.2942
3.41743
3.74508
3.8091
3.7527
3.54708
3.51959
3.9811
8.24712
3.88564
5.60053
3.76362
3.76457
9.34447
8.85229
9.47757
9.0838
9.48764
8.65386
3.38597
3.72799
3.95117
3.73701
3.70987
3.69788
4.03362
8.47257
3.89198
5.9237
3.76679
3.76905
9.20425
8.00979
8.57218
9.79425
9.2053
9.11098
3.38794
3.79441
3.85708
3.8087
3.57351
3.40603
3.93859
8.3578
3.82658
6.04277
3.7463
3.75068
9.63803
8.32451
9.06882
8.03575
8.93792
9.29452
3.32777
3.75554
3.81893
3.68467
3.48664
3.34711
3.87659
8.24728
3.70746
5.70682
3.72873
3.7331
8.81078
7.91241
8.45752
9.21686
9.63673
8.42515
3.30215
3.59419
3.75623
3.62632
3.58485
3.40727
3.81327
8.24901
3.75007
5.60206
3.75447
3.73836
9.3454
9.11489
9.63087
8.83306
8.6887
8.66104
3.29108
3.70134
3.78364
3.65356
3.48178
3.47165
3.86461
7.93248
3.69693
5.81326
3.65582
3.64219
8.69107
9.3892
9.21332
9.36149
8.6914
8.6625
3.24901
3.56434
3.72349
3.63864
3.44883
3.49179
3.79907
8.71478
3.66012
5.70524
3.57978
3.56501
8.57013
9.25185
9.3619
9.20987
8.91209
10.1021
3.55687
3.61762
3.54463
3.44861
3.41928
3.6864
3.52778
5.40422
3.4998
3.48602
8.1251
7.93335
8.49
9.0813
8.02779
8.0421
8.6006
3.37595
3.28314
3.34095
5.05024
8.57774
9.24158
8.82296
8.34699
8.83438
8.37082
3.56287
3.1962
3.48116
3.33076
3.41431
5.40467
9.27054
9.24494
8.95219
8.35039
8.47858
7.54959
3.54736
8.48356
3.17853
3.36483
3.37783
3.29343
5.50148
7.93473
9.10674
8.94998
8.68879
10.1165
7.64245
3.56433
8.59954
3.49736
9.64868
3.18051
3.48919
3.34798
3.40136
5.50091
8.35243
9.10861
9.08131
8.03136
8.71587
7.36848
3.53187
7.83884
3.48175
8.94837
3.54237
3.17853
3.43378
3.46519
3.36065
5.40424
8.75592
8.72641
9.21655
9.06043
8.96511
7.37569
3.54663
8.84691
3.49675
9.35305
3.55722
3.52583
3.17853
3.41636
3.37929
3.41581
5.81205
8.75349
8.84963
8.69779
8.57015
8.83895
7.64815
3.56537
8.84691
3.49746
8.69521
3.55754
3.54469
3.17853
3.46971
3.51874
3.44652
5.70431
8.8771
9.10532
8.82193
8.34522
7.94357
8.04462
3.58412
8.72242
3.53732
8.23109
3.71571
3.52579
3.19223
3.4512
3.41276
3.36107
5.55025
8.46508
8.72641
8.57668
8.57015
8.47998
8.97321
3.52867
8.97443
3.52545
8.69521
3.57692
3.52579
3.19223
3.46971
3.48304
3.48202
5.70431
8.46508
8.84963
8.69779
8.80855
9.8031
8.8457
3.54808
8.84691
3.52124
8.57413
3.65463
3.56249
3.19223
3.48713
3.48304
3.41154
5.81205
8.2451
9.10532
9.08131
8.68728
8.8374
8.48139
3.54751
8.48254
3.52629
8.94644
3.59574
3.54469
3.49759
3.19223
3.4512
3.43061
3.38154
5.50091
8.94244
9.10532
8.45859
8.80855
9.09274
7.64811
3.56545
8.72242
3.50744
8.34207
3.59657
3.50799
3.48031
3.20677
3.43378
3.48304
3.32143
5.55025
7.93592
8.84963
8.82193
8.57015
8.9639
7.55485
3.5479
8.72242
3.54414
9.21381
3.55831
3.54469
3.49769
3.17853
3.4512
3.48304
3.42494
5.81205
8.03657
9.23984
9.21655
8.57106
8.83776
7.84131
3.54748
8.48254
3.50795
8.23109
3.59613
3.52579
3.48022
3.20677
3.41636
3.48304
3.42494
5.70431
8.14055
8.84963
8.57668
8.45703
9.09311
7.84148
3.56582
8.72242
3.52519
8.57413
3.57741
3.52579
3.51625
3.20677
3.43378
3.43061
3.44903
5.92382
7.46956
8.84963
8.94909
8.45703
7.74663
7.55468
3.60315
8.36818
3.54401
9.07861
3.635
3.54469
3.49769
3.19223
3.41636
3.44734
3.36285
5.3116
7.83899
9.23984
9.21655
8.57106
8.96347
8.72123
3.54762
8.72242
3.48999
8.45609
3.57636
3.50799
3.48016
3.19223
3.41636
3.44734
3.37311
5.65195
8.29256
8.72641
9.35582
8.6882
9.80353
7.84136
3.56558
8.72242
3.5252
8.57413
3.57636
3.52579
3.49734
3.20677
3.43378
3.50089
3.39076
5.70431
9.00326
9.37745
8.82193
8.45607
8.96367
8.04487
3.54758
8.72242
3.52563
8.45609
3.57636
3.52579
3.49741
3.19223
3.4512
3.48304
3.42494
5.81205
9.26797
9.23984
8.94909
8.68722
9.22722
7.84135
3.56589
8.72242
3.52515
8.57413
3.65539
3.52579
3.51597
3.20677
3.43378
3.50089
3.39076
5.6006
8.0374
9.23984
9.21655
8.68722
8.47862
7.94156
3.54777
8.72242
3.54464
8.57413
3.53768
3.54469
3.49741
3.19223
3.4512
3.44734
3.35866
5.86743
8.0374
9.23984
8.82193
8.93288
9.50614
7.74319
3.54794
8.84691
3.52573
8.23109
3.61419
3.52579
3.49775
3.19223
3.48713
3.46519
3.47787
5.70431
8.35431
8.60626
8.34455
8.93288
9.09288
8.72123
3.58457
8.72242
3.54938
8.94644
3.59531
3.54469
3.49775
3.19223
3.46971
3.44734
3.44258
5.65195
8.13917
8.97594
8.69779
8.57009
8.71448
7.94155
3.56577
8.60096
3.53032
8.69521
3.57592
3.54469
3.49775
3.20677
3.46971
3.44734
3.40308
5.86743
8.24606
9.10532
9.35582
9.43991
8.96367
7.84135
3.54795
8.72242
3.51623
8.81931
3.59712
3.54461
3.51631
3.17853
3.39895
3.41276
3.36496
5.81205
8.35502
8.84963
9.08131
8.54678
9.22618
7.94156
3.56512
8.72242
3.49776
9.35305
3.55835
3.54394
3.49775
3.19223
3.4512
3.39602
3.40995
5.6006
8.03747
9.10532
9.21655
8.78453
9.9588
7.84134
3.58427
8.84691
3.51633
8.57413
3.63405
3.5251
3.51631
3.17853
3.46971
3.48304
3.41581
5.86743
8.14021
9.23984
9.08131
8.66359
7.74685
7.46401
3.56548
8.72242
3.49763
8.45609
3.61558
3.5618
3.49775
3.17853
3.4512
3.43061
3.37311
5.70431
8.46425
8.60626
9.50015
8.43307
8.59496
7.64769
3.54747
8.48254
3.50117
8.69521
3.5777
3.54401
3.49775
