-0.453827
-0.453827
-0.453827
-0.453827
-0.453827
-0.453827
-0.45182
-0.45182
-0.45182
-0.45182
-0.45182
-0.45182
-0.45182
-0.45182
-0.45182
-0.45182
-0.449221
-0.449221
-0.449221
-0.449221
-0.453827
-0.453827
-0.453827
-0.453827
-0.453827
-0.449221
-0.449221
-0.449221
-0.449221
-0.453827
-0.453827
-0.453827
-0.453827
-0.453827
-0.453827
-0.453827
-0.453827
-0.453827
-0.453827
-0.453827
-0.453827
-0.453827
-0.453827
-0.453827
-0.453827
-0.453827
-0.453827
-0.453827
-0.453827
-0.453827
-0.453827
-0.453827
-0.453827
-0.453827
-0.453827
-0.453827
-0.451205
-0.451205
-0.451205
-0.451205
-0.451205
-0.453827
-0.453827
-0.453827
-0.453827
-0.453827
-0.453827
-0.453827
-0.453827
-0.453827
-0.453827
-0.453827
-0.455832
-0.455832
-0.455832
-0.455832
-0.455832
-0.449221
-0.449221
-0.449221
-0.449221
-0.449221
-0.449221
-0.449221
-0.453827
-0.453827
-0.453827
-0.453827
-0.453827
-0.453827
-0.453827
-0.453827
-0.453827
-0.453827
-0.453827
-0.453827
-0.453827
-0.453827
-0.453827
-0.453827
-0.453827
-0.453827
-0.453827
-0.449221
-0.449221
-0.449221
-0.449221
-0.449221
-0.449221
-0.449221
-0.449221
-0.449221
-0.449221
-0.449221
-0.449221
-0.449221
-0.449221
-0.449221
-0.449221
-0.449221
-0.449221
-0.449221
-0.449221
-0.449221
-0.449221
-0.449221
-0.449221
-0.449221
-0.453827
-0.453827
-0.453827
-0.453827
-0.453827
-0.453827

-0.456406
-0.456406
-0.456406





-0.475199
-0.475199
-0.475199
-0.475199
-0.475199
-0.45753
-0.45753
-0.45753
-0.45753
-0.45753
-0.45753
-0.453619
-0.453619
-0.453619
-0.453619
-0.433864
-0.433864
-0.433864
-0.433864
-0.433864
-0.433864
-0.430216
-0.430216
-0.430216
-0.430216
-0.430216
-0.430216
-0.421367
-0.421367
-0.421367
-0.421367
-0.421367
-0.421367
-0.423892
-0.423892
-0.423892
-0.423892
-0.423892
-0.423892
-0.423892
-0.416215
-0.416215
-0.416215
-0.416215
-0.416215
-0.416215
-0.416215
-0.416215
-0.416215
-0.416215
-0.416215
-0.420397
-0.420397
-0.420397
-0.420397
-0.420397
-0.420397
-0.421239
-0.421239
-0.421239
-0.421239
-0.421239
-0.421239
-0.416147
-0.416147
-0.416147
-0.416147
-0.416147
-0.416147
-0.416147
-0.412922
-0.412922
-0.412922
-0.412922
-0.408855
-0.408855
-0.408855
-0.411306
-0.411306
-0.411306
-0.411306
-0.411306
-0.408205
-0.408205
-0.408205
-0.408205
-0.408205
-0.416246
-0.416246
-0.416246
-0.408378
-0.408378
-0.408378
-0.408378
-0.404616
-0.404616
-0.404616
-0.404616
-0.404616
-0.408487
-0.408487
-0.408487
-0.408487
-0.408487
-0.407769
-0.407769
-0.407769
-0.407769
-0.407769
-0.407769
-0.402729
-0.402729
-0.402729
-0.402729
-0.402729
-0.402729
-0.407247
-0.407247
-0.407247
-0.407247
-0.402202
-0.402202
-0.402202
-0.402202
-0.402385
-0.402385
-0.402385
-0.402385
-0.402385
-0.408282
-0.408282
-0.408282
-0.408282
-0.408282
-0.408282
-0.40397
-0.40397
-0.40397
-0.40397
-0.401192
-0.401192
-0.401192
-0.401192
-0.404758
-0.404758
-0.404758
-0.404758
-0.404758
-0.398864
-0.398864
-0.398864
-0.398864
-0.389671
-0.389671
-0.389671
-0.389671
-0.391293
-0.391293
-0.391293
-0.391293
-0.390405
-0.390405
-0.390405
-0.390405
-0.390405
-0.39887
-0.39887
-0.39887
-0.39887
-0.397737
-0.397737
-0.397737
-0.397737
-0.40186
-0.40186
-0.40186
-0.40186
-0.40186
-0.403892
-0.403892
-0.403892
-0.406471
-0.406471
-0.406471
-0.406471
-0.406471
-0.402939
-0.402939
-0.402939
-0.402939
-0.402939
-0.402939
-0.39348
-0.39348
-0.39348
-0.39348
-0.39348
-0.395254
-0.395254
-0.395254
-0.395254
-0.395254
-0.396684
-0.396684
-0.396684
-0.396684
-0.396684
-0.396684
-0.396304
-0.396304
-0.396304
-0.396304
-0.394722
-0.394722
-0.394722
-0.394722
-0.394722
-0.394722
-0.394722
-0.402421
-0.402421
-0.402421
-0.402421
-0.402421
-0.404948
-0.404948
-0.404948
-0.404948
-0.404948
-0.404948
-0.398868
-0.398868
-0.398868
-0.398868
-0.392557
-0.392557
-0.392557
-0.392557
-0.392557
-0.392557
-0.39603
-0.39603
-0.39603
-0.39603
-0.39879
-0.39879
-0.39879
-0.39879
-0.39879
-0.39879
-0.397945
-0.397945
-0.397945
-0.397945
-0.397945
-0.397945
-0.397945
-0.397945
-0.399283
-0.399283
-0.399283
-0.399283
-0.394797
-0.394797
-0.394797
-0.394797
-0.394797
-0.394797
-0.395279
-0.395279
-0.395279
-0.395279
-0.394511
-0.394511
-0.394511
-0.394511
-0.394511
-0.395658
-0.395658
-0.395658
-0.395658
-0.395658
-0.395996
-0.395996
-0.395996
-0.395996
-0.395996
-0.395996
-0.397704
-0.397704
-0.397704
-0.397704
-0.397704
-0.397704
-0.393374
-0.393374
-0.393374
-0.393374
-0.393374
-0.393374
-0.393374
-0.393374
-0.396831
-0.396831
-0.396831
-0.396831
-0.396831
-0.396831
-0.396831
-0.397623
-0.397623
-0.397623
-0.397623
-0.397623
-0.397623
-0.397623
-0.397623
-0.401985
-0.401985
-0.401985
-0.401985
-0.401985
-0.401985
-0.401985
-0.400885
-0.400885
-0.400885
-0.400885
-0.400885
-0.400885
-0.400885
-0.398374
-0.398374
-0.398374
-0.398374
-0.398374
-0.398374
-0.398374
-0.398374
-0.399514
-0.399514
-0.399514
-0.399514
-0.399514
-0.399514
-0.399514
-0.396914
-0.396914
-0.396914
-0.396914
-0.396914
-0.396914
-0.396914
-0.396914
-0.395126
-0.395126
-0.395126
-0.395126
-0.395126
-0.395126
-0.395126
-0.389855
-0.389855
-0.389855
-0.389855
-0.389855
-0.389855
-0.389855
-0.387848
-0.387848
-0.387848
-0.387848
-0.387848
-0.387848
-0.387848
-0.392047
-0.392047
-0.392047
-0.392047
-0.392047
-0.392047
-0.387274
-0.387274
-0.387274
-0.387274
-0.387274
-0.387274
-0.387274
-0.387274
-0.393758
-0.393758
-0.393758
-0.393758
-0.393758
-0.393758
-0.393758
-0.393758
-0.393223
-0.393223
-0.393223
-0.393223
-0.393223
-0.393223
-0.393223
-0.393223
-0.389438
-0.389438
-0.389438
-0.389438
-0.389438
-0.389438
-0.389438
-0.387697
-0.387697
-0.387697
-0.387697
-0.387697
-0.387697
-0.387697
-0.387697
-0.389858
-0.389858
-0.389858
-0.389858
-0.389858
-0.389858
-0.389858
-0.384277
-0.384277
-0.384277
-0.384277
-0.384277
-0.384277
-0.384277
-0.386974
-0.386974
-0.386974
-0.386974
-0.386974
-0.386974
-0.386974
-0.386974
-0.383692
-0.383692
-0.378929
-0.378929
-0.378929
-0.380689
-0.380689
-0.380689
-0.380689
-0.380689
-0.380689
-0.380689
-0.380689
-0.379187
-0.379187
-0.379187
-0.379187
-0.379187
-0.379187
-0.379187
-0.379187
-0.381476
-0.381476
-0.381476
-0.381476
-0.381476
-0.381476
-0.381476
-0.384485
-0.384485
-0.384485
-0.384485
-0.384485
-0.384485
-0.384485
-0.384485
-0.391077
-0.391077
-0.391077
-0.391077
-0.391077
-0.391077
-0.391077
-0.391077




























































































































































1.14993
1.14993
1.14993
1.14993
1.14993
1.05808
1.05808
1.05808
1.01206
1.01206
1.01206
1.01206
0.922749
0.922749
0.922749
0.868219
0.868219
0.868219
0.868219
0.798827
0.798827
0.798827
0.798827
0.722738
0.722738
0.722738
0.651802
0.651802
0.651802
0.651802
0.651802
0.574564
0.574564
0.574564
0.51438
0.51438
0.51438
0.47331
0.47331
0.47331
0.47331
0.377568
0.377568
0.377568
0.327293
0.327293
0.327293
0.327293
0.261259
0.261259
0.261259
0.261259
0.18975
0.18975
0.126434
0.126434
0.0561128
-0.290293
-0.357521
-0.465794
0.356949

0.216628



0.233583

0.222081

0.213681

0.222081


0.218964

0.217405
0.218964
0.217405
0.228707
0.230328
0.217405
0.228707
0.225447
0.223814
0.222197
0.225447
0.225447
0.225447
0.233348
0.242883
0.242883
0.239383
0.239383
0.23418
0.223347
0.222197

0.23077
0.23077

0.257948
0.257948
0.261207
0.261207
0.265064
0.265064
0.265064
0.26313
0.26313
0.261759
0.261759
0.241701
0.241701
0.247077
0.247077
0.252566
0.252566
0.231202
0.231202
0.227418
0.227418
0.227418
0.227418
0.208031
0.208031

0.192037
0.192037
0.197712
0.197712
0.196268
0.196268
0.200582
0.200582
0.215308
0.215308
0.215308
0.209127
0.209127
0.21926
0.21926
0.231202
0.231202
0.226218
0.226218
0.226218
0.226218
0.227868
0.227868



0.21926
0.21926
0.21926
0.217673
0.217673
0.217673


0.216105
0.216105
0.216105
0.217673
0.217673
0.200582
0.200582
0.200582
0.196289
0.196289
0.187927
0.187927
0.190654
0.190654
0.197694
0.197694
0.196289
0.196289
0.19349
0.19349
0.196289
0.196289
0.20319
0.20319
0.194888
0.194888
0.196289
0.196289


0.211493
0.213014
0.219796
0.219796
0.209976
0.209976
0.209976
0.209976
0.209976
0.209976
0.208485
0.201733
0.201733
0.201733
0.198894
0.2003
0.197473
0.197473
0.205542
0.205542
0.205542
0.205542
0.212128
0.213612
0.213612
0.213612
0.217066
0.228154
0.228154
0.224967
0.232868

0.234499
0.231248
0.231248
0.231248
0.231248
0.223402
0.223402
0.229667
0.229667
0.228098
0.224977
0.224977
0.231033
0.231033
0.229473
0.229473
0.229473
0.224977
0.224977
0.214412
0.21297
0.197492
0.20737
0.20737
0.208744
0.208744
0.211869
0.211869
0.210478
0.194918
0.193688
0.193688
0.192423
0.191206
0.198166
0.202553
0.209426
0.210759
0.2068
0.2068
0.2068
0.2068
0.201287
0.200014
0.200014
0.192021
0.190838
0.19754
0.19634
0.195135
0.195135
0.203002
0.203002
0.209664
0.209664
0.208376
0.213697
0.213697
0.226858
0.218931
0.21239
0.21239
0.211113
0.203401
0.196939
0.203401
0.200965
0.209864
0.209864
0.209864
0.206121
0.212469
0.212469
0.213736
0.213736
0.211233
0.221257
0.221257
0.224884
0.232373
0.232373
0.234484
0.231863
0.231863
0.233931
0.233931
0.233931
0.229266
0.229266
0.225469
0.225469
0.218411
0.218411
0.210282
0.210282
0.210282
0.204516
0.204516
0.204516
0.197679
0.197679
0.197679
0.191944
0.191944
0.1909
0.1909
0.1909
0.18888
0.18888
0.18888
0.18888
0.181304
0.181304
0.181304
0.181304
0.181304
0.181304
0.181304
0.181304
0.186887
0.186887
0.186887
0.186887
0.186887
0.186887
0.190448
0.190448
0.190448
0.190448
0.199431
0.199431
0.199431
0.199431
0.199431
0.200465
0.200465
0.201497
0.201497
0.201497
0.201497
0.195972
0.195972
0.195972
0.201497
0.201497
0.201497
0.201497
0.201497
0.201497
0.195972
0.195972
0.195972
0.195972
0.201497
0.201497
0.201497
0.202568
0.202568
0.202568
0.202568
0.201497
0.201497
0.201497
0.201497
0.201497
0.202568
0.202568
0.202568
0.202568
0.200465
0.200465
0.200465
0.200465
0.200465
0.202568
0.202568
0.202568
0.202568
0.202568
0.202568
0.202568
0.202568
0.202568
0.202568
0.202568
0.202568
0.202568
0.202568
0.202568
0.202568
0.202568
0.202568
0.202568
0.202568
0.201497
0.201497
0.201497
0.202568
0.202568
0.202568
0.202568
0.202568
0.202568
0.202568
0.202568
0.202568
0.202568
0.202568
0.202568
0.202568
0.202568
0.201497
0.201497
0.201497
0.201497
0.201497
0.201497
0.201497
0.201497
0.201497
0.202568
0.202568
0.202568
0.202568
0.201497
0.201497
0.201497
0.201497
0.202568
0.202568
0.202568
0.202568
0.202568
0.201497
0.201497
0.201497
0.201497
0.201497
0.201497
0.201497
0.201497
0.201497
0.201497
0.201497
0.201497
0.201497
0.201497
0.201497
0.201497
0.201497
0.202568
0.202568
0.202568
0.202568
0.202568
0.201497
0.201497
0.201497
0.201497
0.201497
0.201497
0.201497
0.201497
0.201497
0.201497
0.201497
0.201497
0.201497
0.201497
0.201497
0.200465
0.200465
0.200465
0.200465
0.200465
0.200465
0.200465
0.200465
0.200465
0.200465
0.201497
0.201497
0.201497
0.201497
0.201497
0.201497
0.201497
0.201497
0.201497
0.201497
0.194969
0.194969
0.194969
0.194969
0.194969
0.194969
0.201497
0.201497
0.201497
0.201497
0.201497
0.201497
0.201497
0.201497
0.201497
0.201497
0.201497
0.201497
0.201497
0.201497
0.195972
0.195972
0.195972
0.195972
0.195972
0.201497
0.201497
0.201497
0.202568
0.202568
0.202568
0.202568
0.202568
0.201497
0.201497
0.201497
0.201497
0.202568
0.202568
0.202568
0.202568
0.202568
0.202568
0.202568
0.200465
0.200465
0.200465
0.200465
0.200465
0.200465
0.202568
0.202568
0.202568
0.202568
0.202568
0.202568
