2.83432
2.83432
2.83432
2.83432
2.83432
2.83432
2.82178
2.82178
2.82178
2.82178
2.82178
2.82178
2.82178
2.82178
2.82178
2.82178
2.83432
2.83432
2.83432
2.83432
2.83432
2.83432
2.83432
2.83432
2.83432
2.83432
2.83432
2.83432
2.83432
2.83432
2.83432
2.83432
2.83432
2.83432
2.83432
2.83432
2.83432
2.83432
2.83432
2.83432
2.83432
2.83432
2.83432
2.83432
2.83432
2.83432
2.83432
2.83432
2.83432
2.83432
2.83432
2.83432
2.83432
2.83432
2.83432
2.83432
2.84683
2.84683
2.84683
2.84683
2.84683
2.83432
2.83432
2.83432
2.83432
2.83432
2.83432
2.83432
2.83432
2.83432
2.83432
2.83432
2.84683
2.84683
2.84683
2.84683
2.84683
2.83432
2.83432
2.83432
2.83432
2.83432
2.83432
2.83432
2.83432
2.83432
2.83432
2.83432
2.83432
2.83432
2.83432
2.83432
2.83432
2.83432
2.83432
2.83432
2.83432
2.83432
2.83432
2.83432
2.83432
2.83432
2.83432
2.83432
2.83432
2.83432
2.83432
2.83432
2.83432
2.83432
2.83432
2.83432
2.83432
2.83432
2.83432
2.83432
2.83432
2.83432
2.83432
2.83432
2.83432
2.83432
2.83432
2.83432
2.83432
2.83432
2.83432
2.83432
2.83432
2.83432
2.83432
2.83432
2.83432
2.83432

2.82178
2.82178
2.82178





2.79743
2.79743
2.79743
2.79743
2.79743
2.77301
2.77301
2.77301
2.77301
2.77301
2.77301
2.7493
2.7493
2.7493
2.7493
2.73742
2.73742
2.73742
2.73742
2.73742
2.73742
2.71441
2.71441
2.71441
2.71441
2.71441
2.71441
2.65857
2.65857
2.65857
2.65857
2.65857
2.65857
2.64736
2.64736
2.64736
2.64736
2.64736
2.64736
2.64736
2.5733
2.5733
2.5733
2.5733
2.5733
2.5733
2.5733
2.5733
2.5733
2.5733
2.5733
2.5733
2.5733
2.5733
2.5733
2.5733
2.5733
2.55306
2.55306
2.55306
2.55306
2.55306
2.55306
2.52219
2.52219
2.52219
2.52219
2.52219
2.52219
2.52219
2.50265
2.50265
2.50265
2.50265
2.50265
2.50265
2.50265
2.49285
2.49285
2.49285
2.49285
2.49285
2.47406
2.47406
2.47406
2.47406
2.47406
2.47406
2.47406
2.47406
2.42729
2.42729
2.42729
2.42729
2.38192
2.38192
2.38192
2.38192
2.38192
2.38192
2.38192
2.38192
2.38192
2.38192
2.35542
2.35542
2.35542
2.35542
2.35542
2.35542
2.30467
2.30467
2.30467
2.30467
2.30467
2.30467
2.28797
2.28797
2.28797
2.28797
2.28044
2.28044
2.28044
2.28044
2.2402
2.2402
2.2402
2.2402
2.2402
2.23263
2.23263
2.23263
2.23263
2.23263
2.23263
2.20905
2.20905
2.20905
2.20905
2.19386
2.19386
2.19386
2.19386
2.19386
2.19386
2.19386
2.19386
2.19386
2.14304
2.14304
2.14304
2.14304
2.09364
2.09364
2.09364
2.09364
2.06628
2.06628
2.06628
2.06628
2.0268
2.0268
2.0268
2.0268
2.0268
2.05342
2.05342
2.05342
2.05342
2.01389
2.01389
2.01389
2.01389
2.00183
2.00183
2.00183
2.00183
2.00183
1.99579
1.99579
1.99579
1.97679
1.97679
1.97679
1.97679
1.97679
1.92912
1.92912
1.92912
1.92912
1.92912
1.92912
1.88383
1.88383
1.88383
1.88383
1.88383
1.87771
1.87771
1.87771
1.87771
1.87771
1.85585
1.85585
1.85585
1.85585
1.85585
1.85585
1.84008
1.84008
1.84008
1.84008
1.81901
1.81901
1.81901
1.81901
1.81901
1.81901
1.81901
1.81374
1.81374
1.81374
1.81374
1.81374
1.79878
1.79878
1.79878
1.79878
1.79878
1.79878
1.75907
1.75907
1.75907
1.75907
1.70678
1.70678
1.70678
1.70678
1.70678
1.70678
1.69788
1.69788
1.69788
1.69788
1.69788
1.69788
1.69788
1.69788
1.69788
1.69788
1.67116
1.67116
1.67116
1.67116
1.67116
1.67116
1.67116
1.67116
1.6542
1.6542
1.6542
1.6542
1.62468
1.62468
1.62468
1.62468
1.62468
1.62468
1.58428
1.58428
1.58428
1.58428
1.56087
1.56087
1.56087
1.56087
1.56087
1.54553
1.54553
1.54553
1.54553
1.54553
1.52746
1.52746
1.52746
1.52746
1.52746
1.52746
1.50573
1.50573
1.50573
1.50573
1.50573
1.50573
1.47123
1.47123
1.47123
1.47123
1.47123
1.47123
1.47123
1.47123
1.45759
1.45759
1.45759
1.45759
1.45759
1.45759
1.45759
1.4348
1.4348
1.4348
1.4348
1.4348
1.4348
1.4348
1.4348
1.40922
1.40922
1.40922
1.40922
1.40922
1.40922
1.40922
1.38175
1.38175
1.38175
1.38175
1.38175
1.38175
1.38175
1.35788
1.35788
1.35788
1.35788
1.35788
1.35788
1.35788
1.35788
1.34685
1.34685
1.34685
1.34685
1.34685
1.34685
1.34685
1.31645
1.31645
1.31645
1.31645
1.31645
1.31645
1.31645
1.31645
1.28966
1.28966
1.28966
1.28966
1.28966
1.28966
1.28966
1.2591
1.2591
1.2591
1.2591
1.2591
1.2591
1.2591
1.2396
1.2396
1.2396
1.2396
1.2396
1.2396
1.2396
1.22752
1.22752
1.22752
1.22752
1.22752
1.22752
1.18839
1.18839
1.18839
1.18839
1.18839
1.18839
1.18839
1.18839
1.18465
1.18465
1.18465
1.18465
1.18465
1.18465
1.18465
1.18465
1.16035
1.16035
1.16035
1.16035
1.16035
1.16035
1.16035
1.16035
1.12755
1.12755
1.12755
1.12755
1.12755
1.12755
1.12755
1.10689
1.10689
1.10689
1.10689
1.10689
1.10689
1.10689
1.10689
1.09278
1.09278
1.09278
1.09278
1.09278
1.09278
1.09278
1.06261
1.06261
1.06261
1.06261
1.06261
1.06261
1.06261
1.04656
1.04656
1.04656
1.04656
1.04656
1.04656
1.04656
1.04656
0.923972
0.923972
0.912502
0.912502
0.912502
0.923972
0.923972
0.923972
0.923972
0.923972
0.923972
0.923972
0.923972
0.923972
0.923972
0.923972
0.923972
0.923972
0.923972
0.923972
0.923972
0.925882
0.925882
0.925882
0.925882
0.925882
0.925882
0.925882
0.925882
0.925882
0.925882
0.925882
0.925882
0.925882
0.925882
0.925882
0.92015
0.92015
0.92015
0.92015
0.92015
0.92015
0.92015
0.92015




























































































































































2.34712
2.34712
2.34712
2.34712
2.34712
2.32966
2.32966
2.32966
2.4001
2.4001
2.4001
2.4001
2.39101
2.39101
2.39101
2.44537
2.44537
2.44537
2.44537
2.46423
2.46423
2.46423
2.46423
2.46423
2.46423
2.46423
2.48387
2.48387
2.48387
2.48387
2.48387
2.46423
2.46423
2.46423
2.50265
2.50265
2.50265
2.52219
2.52219
2.52219
2.52219
2.51243
2.51243
2.51243
2.50265
2.50265
2.50265
2.50265
2.53277
2.53277
2.53277
2.53277
2.51243
2.51243
2.55306
2.55306
2.56278
2.53277
2.54251
2.50265
6.37147

6.20776



6.1233

6.08085

6.1233

6.08085


5.99549

5.9528
5.99549
5.9528
5.99549
6.03798
5.9528
5.99549
5.91001
5.8672
5.82483
5.91001
5.91001
5.91001
5.8672
5.8672
5.8672
5.78263
5.78263
5.65695
5.61572
5.82483

5.57457
5.57457

5.57457
5.57457
5.45347
5.45347
5.534
5.534
5.534
5.49362
5.49362
5.65695
5.65695
5.4136
5.4136
5.534
5.534
5.65695
5.65695
5.37405
5.37405
5.49362
5.49362
5.49362
5.49362
5.45347
5.45347

5.2582
5.2582
5.4136
5.4136
5.37405
5.37405
5.2582
5.2582
5.4136
5.4136
5.4136
5.2582
5.2582
5.29655
5.29655
5.37405
5.37405
5.2582
5.2582
5.2582
5.2582
5.29655
5.29655



5.29655
5.29655
5.29655
5.2582
5.2582
5.2582


5.22033
5.22033
5.22033
5.2582
5.2582
5.2582
5.2582
5.2582
5.14566
5.14566
5.14566
5.14566
5.22033
5.22033
5.18247
5.18247
5.14566
5.14566
5.07227
5.07227
5.14566
5.14566
5.10892
5.10892
5.10892
5.10892
5.14566
5.14566


5.10892
5.14566
5.10892
5.10892
5.07227
5.07227
5.07227
5.07227
5.07227
5.07227
5.03625
5.07227
5.07227
5.07227
5.00089
5.03625
4.96517
4.96517
4.96517
4.96517
4.96517
4.96517
4.93069
4.96517
4.96517
4.96517
4.86182
4.93069
4.93069
4.86182
4.86182

4.89588
4.828
4.828
4.828
4.828
4.828
4.828
4.79498
4.79498
4.76223
4.69706
4.69706
4.66522
4.66522
4.63371
4.63371
4.63371
4.69706
4.69706
4.63371
4.60254
4.4234
4.48153
4.48153
4.51121
4.51121
4.4234
4.4234
4.39436
4.36575
4.3382
4.3382
4.30987
4.28261
4.28261
4.22891
4.22891
4.25583
4.17589
4.17589
4.17589
4.17589
4.20247
4.17589
4.17589
4.14981
4.12424
4.12424
4.09919
4.07402
4.07402
4.09919
4.09919
4.09919
4.09919
4.07402
4.04938
4.04938
4.04938
4.02462
4.02462
4.02462
4.00041
3.97675
3.97675
3.97675
3.92913
3.97675
3.97675
3.97675
3.90583
3.90583
3.90583
3.92913
3.92913
3.88311
3.83806
3.83806
3.79403
3.81575
3.81575
3.75034
3.70841
3.70841
3.6467
3.6467
3.6467
3.66688
3.66688
3.60615
3.60615
3.58649
3.58649
3.54767
3.54767
3.54767
3.54767
3.54767
3.54767
3.52853
3.52853
3.52853
3.52853
3.52853
3.50933
3.50933
3.50933
3.4722
3.4722
3.4722
3.4722
3.43557
3.43557
3.43557
3.43557
3.43557
3.43557
3.43557
3.43557
3.43557
3.43557
3.43557
3.43557
3.43557
3.43557
3.39946
3.39946
3.39946
3.39946
3.36461
3.36461
3.36461
3.36461
3.36461
3.38206
3.38206
3.39946
3.39946
3.39946
3.39946
3.39946
3.39946
3.39946
3.39946
3.39946
3.39946
3.39946
3.39946
3.39946
3.39946
3.39946
3.39946
3.39946
3.39946
3.39946
3.39946
3.41754
3.41754
3.41754
3.41754
3.39946
3.39946
3.39946
3.39946
3.39946
3.41754
3.41754
3.41754
3.41754
3.38206
3.38206
3.38206
3.38206
3.38206
3.41754
3.41754
3.41754
3.41754
3.41754
3.41754
3.41754
3.41754
3.41754
3.41754
3.41754
3.41754
3.41754
3.41754
3.41754
3.41754
3.41754
3.41754
3.41754
3.41754
3.39946
3.39946
3.39946
3.41754
3.41754
3.41754
3.41754
3.41754
3.41754
3.41754
3.41754
3.41754
3.41754
3.41754
3.41754
3.41754
3.41754
3.39946
3.39946
3.39946
3.39946
3.39946
3.39946
3.39946
3.39946
3.39946
3.41754
3.41754
3.41754
3.41754
3.39946
3.39946
3.39946
3.39946
3.41754
3.41754
3.41754
3.41754
3.41754
3.39946
3.39946
3.39946
3.39946
3.39946
3.39946
3.39946
3.39946
3.39946
3.39946
3.39946
3.39946
3.39946
3.39946
3.39946
3.39946
3.39946
3.41754
3.41754
3.41754
3.41754
3.41754
3.39946
3.39946
3.39946
3.39946
3.39946
3.39946
3.39946
3.39946
3.39946
3.39946
3.39946
3.39946
3.39946
3.39946
3.39946
3.38206
3.38206
3.38206
3.38206
3.38206
3.38206
3.38206
3.38206
3.38206
3.38206
3.39946
3.39946
3.39946
3.39946
3.39946
3.39946
3.39946
3.39946
3.39946
3.39946
3.38206
3.38206
3.38206
3.38206
3.38206
3.38206
3.39946
3.39946
3.39946
3.39946
3.39946
3.39946
3.39946
3.39946
3.39946
3.39946
3.39946
3.39946
3.39946
3.39946
3.39946
3.39946
3.39946
3.39946
3.39946
3.39946
3.39946
3.39946
3.41754
3.41754
3.41754
3.41754
3.41754
3.39946
3.39946
3.39946
3.39946
3.41754
3.41754
3.41754
3.41754
3.41754
3.41754
3.41754
3.38206
3.38206
3.38206
3.38206
3.38206
3.38206
3.41754
3.41754
3.41754
3.41754
3.41754
3.41754
