2.999
3.187
2.807
2.11
4.079
3.203
2.914
3.237
2.225
2.97
3.29
2.97
3.237
3.106
2.97
3.237
2.999
2.942
3.255
2.283
3.138
3.237
3.973
2.794
2.97
3.272
2.985
2.985
3.22
2.241
4.106
2.999
3.255
2.956
3.203
2.067
3.122
3.014
3.22
2.956
4.052
3.154
3.122
3.029
3.22
2.999
2.794
3.203
2.97
3.187
3.777
3.22
3.255
2.781
2.942
2.97
3.187
3.237
2.859
4.079
2.886
3.187
4.106
3.22
2.833
2.9
2.217
3.203
3.824
3.922
3.106
2.928
3.187
2.859
3.237
2.9
3.029
2.942
3.999
2.846
3.187
2.117
3.897
3.17
3.237
3.973
3.922
2.859
3.122
2.914
3.17
4.052
3.255
3.897
2.956
2.914
3.154
3.203
3.999
3.824
2.873
3.22
2.9
2.999
3.187
3.848
3.897
2.846
2.914
4.707
3.22
3.17
3.255
4.025
2.873
3.09
3.138
3.014
3.22
3.014
4.6
4.895
2.914
4.434
3.059
1.537
2.985
2.97
3.138
3.187
4.079
3.122
2.9
3.106
3.255
3.106
3.418
2.999
2.914
1.5
2.9
2.942
0
0
0
2.82
4.671
3.17
3.17
2.985
4.818
3.059
3.09
2.859
2.781
3.106
3.686
2.886
2.886
2.886
3.122
3.17
3.106
2.82
3.09
2.9
3.106
3.09
2.985
3.516
2.769
3.075
3.09
2.846
3.106
3.848
2.781
2.794
2.846
2.985
3.044
3.122
2.886
2.756
2.769
2.807
3.122
2.833
2.756
2.956
2.928
2.928
3.686
2.846
3.122
2.672
3.075
2.744
2.807
3.106
2.707
3.138
2.756
2.928
2.719
2.794
2.999
2.928
2.649
2.859
2.571
2.859
2.942
2.914
2.719
2.66
2.756
2.942
2.914
2.539
2.604
2.794
2.873
2.518
3.044
2.833
2.66
2.447
2.781
2.508
2.497
2.846
2.956
2.846
2.626
2.626
2.731
2.756
2.497
2.467
3.075
2.571
2.859
2.719
2.781
2.438
2.807
2.756
2.744
2.571
2.428
2.438
2.859
2.593
2.438
2.719
2.695
2.731
2.756
2.604
2.684
2.39
2.399
2.66
2.859
2.418
2.649
2.362
2.684
2.649
2.731
2.372
2.649
2.418
2.604
2.362
2.719
2.637
2.649
2.381
2.518
2.66
2.381
2.571
2.695
2.487
2.335
2.593
2.326
2.707
2.649
2.518
2.467
3.29
2.326
2.637
2.604
2.292
2.593
2.615
2.886
3.476
2.528
3.476
2.593
2.615
2.859
2.275
2.335
2.266
2.56
2.217
2.593
2.497
2.833
2.201
2.487
2.185
2.344
2.549
3.642
2.477
2.707
2.162
2.528
2.154
2.381
2.487
2.467
2.399
2.154
2.447
2.695
2.154
2.147
2.447
3.437
2.794
2.139
2.684
2.487
2.438
2.487
3.29
2.11
2.707
2.139
2.362
2.428
2.649
2.362
2.117
2.56
3.106
2.447
2.088
2.381
2.438
2.477
2.193
2.258
2.088
2.381
2.428
2.11
2.438
2.362
2.053
2.39
2.11
2.399
2.372
2.39
2.344
2.046
2.447
2.132
2.39
2.344
2.418
2.026
2.309
2.185
2.39
2.335
2.428
2.418
2.033
2.17
2.318
2.3
2.139
2.428
2.258
2.249
2.275
2.362
2.103
1.967
3.029
2.193
2.225
2.209
1.93
2.074
2.318
2.283
2.225
2.217
1.918
2.193
2.241
2.103
2.209
2.053
2.132
2.185
2.11
2.147
2.033
2.139
2.193
1.86
2.154
2.956
2.088
2.147
2.147
2.177
2.074
2.132
2.117
2.185
2
2.162
2.928
2.124
2.117
2.147
2.17
2.103
2.162
2.914
1.955
2.11
2.147
2.942
2.095
2.095
2.081
2.147
2.124
1.924
2.095
2.914
2.081
2.11
2.074
1.974
1.906
2.088
2.074
2.067
2.103
2.859
1.883
2.033
2.06
1.942
2.039
2.088
1.681
2.9
2.046
2
2.033
1.843
1.912
1.967
1.9
1.987
1.805
2
1.987
1.987
1.967
1.949
1.936
1.987
1.961
2.846
1.871
2.162
1.816
1.967
1.779
1.967
2.82
1.949
1.949
2.154
1.753
1.848
1.924
1.949
1.955
2.147
1.743
1.93
1.955
1.924
1.821
1.93
1.816
1.906
1.924
1.912
1.936
1.724
1.918
1.794
1.894
1.9
1.918
1.695
1.912
1.714
1.768
1.871
1.654
1.9
1.888
1.658
1.883
1.738
1.86
1.871
1.877
1.854
1.871
1.865
1.667
1.709
1.854
1.676
1.854
1.843
1.848
1.7
1.854
1.773
1.672
1.789
1.8
1.654
1.805
1.649
1.636
1.743
1.593
1.773
1.784
1.763
1.748
1.672
1.577
1.636
1.763
1.748
1.763
1.663
1.738
1.714
1.627
1.758
1.738
1.593
1.738
1.738
1.573
1.593
1.743
1.719
1.724
1.733
1.53
1.526
1.492
1.557
1.7
1.704
1.714
1.695
1.733
1.573
1.695
1.545
1.492
1.709
1.714
1.695
1.695
1.518
1.695
1.53
1.686
1.69
1.69
1.471
1.464
1.658
1.636
1.64
1.649
1.686
1.816
1.426
1.45
1.5
1.821
1.614
1.623
1.407
1.433
1.471
1.632
1.636
1.627
1.381
1.403
1.453
1.581
1.598
1.585
1.602
1.606
1.369
1.4
1.598
1.577
1.593
1.593
1.433
1.593
1.589
1.381
1.426
1.573
1.606
1.573
1.585
1.553
1.366
1.561
1.553
1.573
1.577
1.416
1.336
1.384
1.53
1.537
1.537
1.351
1.313
1.533
1.545
1.533
1.307
1.369
1.496
1.511
1.496
1.5
1.507
1.503
1.285
1.345
1.5
1.474
1.485
1.492
1.496
1.46
1.453
1.316
1.478
1.464
1.277
1.302
1.433
1.259
1.446
1.453
1.45
1.272
1.44
1.42
1.573
1.426
1.251
1.204
1.36
1.381
1.394
1.394
1.403
1.234
1.384
1.188
1.384
1.387
1.375
1.384
1.181
1.381
1.375
1.375
1.372
1.354
1.354
1.179
1.161
1.357
1.345
1.345
1.333
1.319
1.324
1.336
1.339
1.127
1.152
1.492
1.336
1.333
1.313
1.106
1.313
1.321
1.481
1.327
1.319
1.299
1.294
1.291
1.464
1.283
1.283
1.275
1.288
1.283
1.283
1.436
1.272
1.267
1.267
1.272
1.267
1.269
1.267
1.272
1.246
1.244
1.246
1.244
1.251
1.231
2.132
1.214
1.216
1.207
1.193
1.221
1.197
1.197
1.204
1.19
1.186
1.168
1.186
1.195
1.195
1.183
1.181
1.177
1.174
1.168
1.179
2.074
1.179
1.131
1.137
1.144
1.148
1.131
1.144
1.133
1.123
1.129
1.127
1.127
1.133
1.139
1.135
1.121
1.114
1.121
1.123
1.129
1.117
1.1
1.097
1.085
1.102
1.093
1.097
1.093
1.077
1.064
1.083
1.073
1.083
1.083
1.053
1.06
1.051
1.059
1.068
1.06
1.057
1.049
1.034
1.049
1.041
1.049
1.046
1.016
1.02
1.015
1.023
1.018
1.021
1.028
1.011
0.996
1.001
1.001
1.001
0.995
1.003
0.982
0.988
1.728
0.971
0.982
0.981
0.981
0.988
0.958
0.961
0.973
0.965
0.959
1.695
0.97
0.967
0.947
0.949
0.946
0.949
0.947
0.946
0.921
0.927
1.614
0.928
0.927
0.908
0.912
0.908
0.91
0.916
1.784
0.872
0.891
0.883
0.889
0.885
0.887
1.606
0.855
0.868
0.863
1.763
0.875
0.865
0.837
0.836
0.838
0.831
1.503
0.837
0.827
0.825
0.82
0.823
0.82
0.806
0.806
0.801
0.804
1.686
0.789
0.791
0.793
0.774
0.789
0.791
0.761
0.767
0.763
0.764
0.766
0.767
0.746
0.75
0.749
0.753
1.619
0.749
0.748
0.726
0.733
0.723
0.712
0.724
0.724
1.589
0.711
0.706
0.71
0.709
0.707
1.573
0.692
0.69
0.692
0.689
0.67
0.676
0.666
0.671
1.541
0.67
0.654
0.658
0.657
0.657
0.654
1.518
0.634
0.634
1.5
0.635
0.635
0.635
0.636
0.613
0.612
0.614
0.614
0.614
0.596
0.598
0.598
0.592
0.597
0.599
1.43
0.579
0.583
0.579
0.584
0.56
1.397
0.561
0.56
0.558
0.558
0.561
1.378
0.543
0.543
0.545
0.544
0.543
0.545
1.348
0.519
0.517
0.519
0.52
1.348
0.503
0.504
0.504
0.504
0.503
0.504
1.333
0.489
0.489
0.489
0.488
0.487
0.488
0.489
0.466
0.466
0.466
0.464
0.465
0.464
0.465
0.464
0.45
0.449
0.45
0.448
0.449
0.45
0.451
0.435
0.436
0.435
0.434
0.434
0.434
0.435
0.434
0.408
0.41
0.41
0.409
0.41
0.408
0.409
0.408
0.393
0.394
0.393
0.392
0.396
0.393
0.394
0.378
0.376
0.377
0.379
0.369
1.606
0.372
0.99
0.374
0.375
0.38
0.38
0.381
0.384
0.381
0.378
0.383
0.379
0.383
0.382
0.381
0.379
0.374
0.382
0.38
0.377
0.381
0.385
0.379
0.374
0.374
1.614
0.367
0.378
0.371
0.371
0.368
0.372
0.375
0.373
0.373
0.376
0.367
0.375
0.367
0.372
0.365
0.381
0.37
0.368
0.379
0.37
0.369
0.374
0.92
0.921
0.376
0.372
0.371
0.37
0.378
0.37
0.362
0.38
0.366
0.367
0.357
0.369
0.367
0.377
0.364
0.372
0.357
0.909
0.366
0.375
0.363
0.364
0.37
0.37
0.375
0.92
0.364
0.374
0.382
0.362
0.357
0.361
0.367
0.921
0.373
0.367
0.354
0.366
0.353
0.366
0.928
0.363
0.365
0.354
0.356
0.361
0.347
0.928
0.353
0.367
0.345
0.354
0.384
0.368
0.362
0.91
0.377
0.366
0.358
0.348
0.339
0.35
1.714
0.908
0.363
0.377
0.344
0.339
0.345
0.338
0.333
0.334
0.905
2.006
0.37
0.36
0.34
0.334
0.341
0.346
0.341
0.895
0.731
0.337
0.357
0.331
0.337
0.328
0.339
0.91
1.894
0.357
0.346
0.33
0.334
0.312
0.312
0.336
1.709
0.332
0.31
0.308
0.333
0
0
0
0.324
0.898
0.749
0
0
0
0.319
0.748
0.31
0
0
0
0
0.315
0.306
0.913
0.332
0
0
0
0.314
0.303
0.91
0.33
0.301
0.311
0
0
0.306
1.231
0.913
0.332
0.305
0.313
0.302
1.231
1.212
0
0
1.249
1.826
0
0
0
0
1.249
0.304
0
0
0
0
1.28
0.31
0
0
0
1.369
0
0
0
0
1.339
0
0
1.269
3.457
0.743
0.757
0
0
1.296
0.748
0.759
0.751
0
0
0
0.744
2.381
0.757
0
0
0
0
0
3.731
0.748
2.362
0
0
0
3.8
2.39
0
0
0
0
0
2.457
2.438
0
0
0
0
0
0
1.023
0
0
0
0
0
0
1.9
0
0
0
0
0
0
0
1.918
0
0
0
0
0
0
1.794
0
0
0
0
0
0
0
1.912
1.912
0
0
0
0
0
1.877
1.877
2.438
0.964
0
0
2.033
1.871
0.95
3.848
2.17
3.897
0.711
1.955
1.854
2.539
2.3
1.41
2.438
0.71
1.854
1.848
0.665
2.193
0.711
2.508
0
0
1.837
1.848
1.4
3.872
2.695
2.528
1.987
1.779
1.768
1.381
2.9
2.508
3.457
2.528
1.854
1.832
0.648
2.457
3.537
3.325
2
2.095
2.362
2.518
2.756
2
3.418
2.518
1.955
2.292
2.06
2.56
2.095
2.362
3.457
3.138
2.053
2.124
2.549
2.362
2.381
2.275
3.362
2.626
2.162
2.626
2.177
2.362
2.56
3.38
2.193
2.528
2.185
2.326
2.582
2.233
2.275
2.873
2.266
2.582
3.122
2.457
2.209
2.487
2.744
2.147
2.147
2.56
2.914
2.283
2.185
2.781
3.059
3.272
2.241
2.185
2.283
3.29
2.249
2.283
0
0
2.846
2.162
3.38
3.138
2.233
2.3
2.528
3.138
2.859
2.193
2.225
2.344
2.3
2.147
2.999
2.241
2.266
2.217
2.846
2.17
2.318
2.225
2.275
3.22
2.571
3.029
3.106
3.014
2.177
2.225
2.241
3.029
2.846
2.225
2.162
2.457
2.283
3.106
2.418
2.508
2.249
2.97
1.357
2.97
2.886
2.225
2.859
2.266
2.447
3.22
2.275
3.029
2.873
2.233
2.571
2.154
2.258
2.266
2.9
2.233
0
0
0
0
0
0
2.999
2.9
2.117
2.873
2.873
2.684
2.794
3.17
2.132
2.139
2.615
2.201
2.477
2.103
2.846
2.095
2.756
2.781
2.833
3.17
2.067
1.354
3.029
2.362
2.769
3.17
3.09
3.154
2.769
2.095
2.117
2.177
2.132
3.09
2.794
2.088
2.074
3.044
2.074
2.3
2.794
2.942
3.09
2.067
2.053
3.059
2.201
2.859
2.707
2.013
2.06
2.859
2.185
2.006
2.684
2.97
2.019
3.014
2
3.106
2.147
2.649
1.942
1.955
1.955
2.582
2.794
2.117
2.744
2.626
1.942
3.106
2.781
3.059
2.571
2.033
1.955
2.97
1.918
1.93
2.571
2.914
2.684
1.924
2.999
2.859
2.039
1.942
1.955
2.97
2.9
2.56
2.695
2.006
2.593
1.936
2.615
1.942
2.873
2.684
1.949
2.497
1.888
2.942
1.894
1.924
2.914
2.97
2.615
1.877
1.912
2.518
2.518
2.707
2.508
1.912
0.813238
2.807
2.518
2.942
1.906
1.843
1.883
2.942
2.707
2.487
2.928
1.877
2.942
2.914
2.487
1.826
1.883
2.66
2.886
1.81
2.438
2.9
2.487
1.816
1.832
2.886
2.833
2.447
1.81
1.794
2.846
2.487
2.418
2.928
1.658
1.81
2.399
2.794
2.807
1.8
2.438
2.409
2.82
2.859
1.738
2.447
1.743
1.728
1.758
2.399
2.846
2.82
1.676
1.743
2.769
2.744
1.724
2.399
1.738
2.497
1.724
2.457
2.756
2.381
2.477
1.714
1.743
1.7
2.744
2.744
2.477
1.672
2.362
1.733
2.318
1.69
2.447
2.497
2.626
2.362
1.672
1.654
2.477
2.418
2.335
2.615
1.645
1.676
2.381
2.326
2.571
1.61
1.658
1.64
2.372
2.518
2.326
1.602
1.636
1.598
2.438
2.335
2.528
2.249
1.993
1.573
1.577
2.335
1.906
1.565
2.225
1.598
1.619
1.573
2.39
0.992
2.217
1.573
1.545
2.309
1.918
2.233
2.225
0.97
1.503
2.292
1.987
2.615
2.193
0.974
1.522
1.522
2.225
2.185
1.955
1.511
2.326
0.953
1.507
1.86
2.154
2.409
2.209
1.485
1.496
1.478
0.917
2.103
2.593
1.464
1.918
1.471
2.528
1.773
2.124
2.372
0.896
1.433
1.443
2.487
2.081
2.147
2.081
1.433
1.43
2.539
1.391
2.095
2.292
1.394
1.378
2.528
1.381
2.275
1.384
1.391
1.375
1.372
2.477
2.132
1.357
2.013
1.372
1.354
1.375
2.275
2.053
1.98
2.549
2.103
1.345
1.345
2.081
1.363
2.033
1.967
2.185
2.539
1.302
1.31
2.209
1.291
1.288
1.299
1.918
1.285
1.296
2.132
1.291
1.949
1.275
1.283
1.93
2.56
1.291
1.285
1.277
2.074
1.231
1.244
1.936
2.053
1.224
1.848
1.216
1.216
1.214
1.197
1.207
1.197
1.8
1.961
1.918
1.212
1.993
1.207
1.195
1.9
1.789
2.457
1.193
1.794
1.906
1.193
1.209
1.181
2.019
1.177
1.168
1.172
1.181
1.197
1.877
2.447
1.748
1.883
1.142
1.172
2.39
1.161
1.163
1.142
1.768
1.131
1.123
1.86
1.127
1.135
1.148
1.816
1.773
1.826
1.127
1.125
1.121
1.125
1.768
1.8
1.748
1.768
1.763
1.066
1.064
1.07
1.064
1.059
1.695
1.753
1.753
1.041
1.049
1.779
1.055
1.049
1.06
1.046
1.733
1.743
1.032
1.714
1.738
1.728
1.636
1.023
1.02
1.02
1.013
0.998
1.728
1.728
1.663
0.996
1.005
1.01
1.738
0.993
1.714
1.728
1.623
1.686
0.973
0.968
0.974
0.973
1.676
1.627
1.714
1.686
0.959
0.964
0.946
0.955
1.676
1.714
1.658
1.602
0.933
1.654
1.645
1.577
0.919
0.91
0.912
1.619
1.577
1.636
0.906
0.908
1.541
0.908
1.61
1.541
1.514
0.873
0.879
1.496
0.868
1.577
1.511
1.518
0.856
1.577
1.573
2.103
1.507
1.492
0.838
0.836
0.834
0.839
0.839
1.573
1.474
1.485
0.81
1.549
1.46
1.481
1.561
1.503
1.453
1.426
1.553
0.774
0.775
0.78
0.778
1.481
1.416
1.363
0.76
0.765
0.76
0.755
0.817
0.747
0
0
0
0
0
0
0
0.815
0.755
0
0
0
0
1.357
1.339
0
0
0
0
1.336
1.327
0
0
0
0
1.553
0
0
0
0
0
1.313
0
0
0
0
1.321
0
0
0
0
0
1.129
0
0
0
0
0
1.163
0
0
0
1.07
0
0
0
0
0.977
0
0
0
0
0.995
0
0.577
0
0
0.572
0
0
0
0
0
0.577
0
0
0
0
0
0
0
0
0
0
0
0
0
0.572
0.569
0.572
0
0
0.571
1.093
0.576
0
0
0
0
0.575
0.576
0
0
0
0.573
0.574
0.573
0
0
0.573
2.081
0.573
0
0
0.575
0.574
0
0
0
0
0
0.575
0.573
0
0
0
0
0.574
1.059
0
0
0
0
1.062
1.1
0
0
0
1.057
1.091
0
0
0
1.06
1.085
0
0
1.062
1.097
0.573
0.573
0
0
1.06
1.095
0.575
0.571
0
0
1.059
1.089
0
0
0
1.06
1.093
0.981
0
1.062
1.098
0.977
0.574
1.06
1.093
0.984
0.573
