0.544764
-0.139811
0.558689
-0.49503
-0.243906
-0.0431869
0.570891
-0.178837
-0.523034
0.540749
-0.045591
0.580292
-0.179427
0.577819
0.538038
-0.0448566
0.545482
0.574547
-0.180151
-0.536564
0.583772
-0.180472
-0.238926
0.555295
0.538937
-0.051383
0.583537
0.541901
-0.179179
-0.527045
-0.246069
0.546279
-0.0534609
0.577273
-0.180989
-0.491188
0.572855
0.45399
-0.0385984
0.540059
-0.24223
-0.147162
0.579675
0.460485
-0.0388847
0.544644
0.556101
-0.177673
0.549764
-0.0353769
-0.0205564
-0.153182
-0.178855
0.550358
0.536458
0.534627
-0.0521306
-0.181164
0.562346
-0.248375
0.52652
-0.0480638
-0.0235053
-0.177465
0.559259
0.526092
-0.521388
-0.0433989
-0.0183033
-0.234965
0.472577
0.53181
-0.0486191
0.559746
-0.179598
0.526593
0.460511
0.53373
-0.0241093
0.561826
-0.14458
-0.498204
-0.233772
-0.0458117
-0.178794
-0.238444
-0.0187905
0.559746
0.474911
0.529022
-0.0472774
-0.2422
-0.178204
-0.0209162
0.576504
0.529024
0.576795
-0.0451822
-0.241071
-0.0212814
0.565172
-0.178418
0.529155
0.541331
-0.0488585
-0.230956
-0.0217072
0.557437
0.529618
-0.246658
-0.176463
-0.0520604
-0.182587
-0.244782
0.562869
0.471152
0.481109
0.544717
-0.176463
0.460151
-0.222557
-0.529981
0.570653
0.00224418
0.580754
-0.443068
0.463028
0.556537
-0.0368986
-0.173289
-0.236067
0.593106
0.580137
0.486432
-0.0161499
-0.0971783
-0.208042
0.560957
0.552865
-0.445036
0.583802
0.554721
0
0
0
0.560824
-0.249152
-0.181442
-0.0527866
0.553184
-0.697709
0.482094
-0.0334599
0.537616
0.560347
-0.170817
-0.224811
0.544029
0.45329
0.543582
-0.183133
-0.158869
-0.070314
0.537822
-0.0466481
0.539835
-0.161723
-0.185559
0.568539
-0.0234557
0.547554
-0.0447472
-0.162546
0.534445
-0.189773
-0.0308779
0.556587
0.530728
0.537256
-0.157358
-0.0520467
-0.169197
0.451677
0.55222
0.525715
0.534792
-0.1693
0.447057
0.555944
-0.11233
0.460395
-0.0450184
-0.032567
0.546017
-0.209853
0.54149
-0.163935
0.52859
0.542152
-0.0593299
0.557407
-0.210417
0.439763
0.573905
0.440801
0.548358
-0.153892
-0.104653
0.54962
0.5698
0.554458
-0.0275311
-0.149161
-0.170853
0.450691
0.561136
0.459454
-0.0361745
-0.168905
0.556876
0.564104
0.471438
-0.0352867
0.562287
-0.189126
0.591897
0.457548
0.565789
-0.128502
0.579832
0.580232
-0.0182878
-0.162111
-0.119387
0.576892
0.49472
0.479499
-0.00393836
0.590211
0.579201
-0.174739
0.564444
-0.127475
0.476986
-0.0204042
0.575936
-0.124859
0.611519
-0.0842048
0.459888
0.585367
0.579929
-0.0721289
0.566727
0.586669
0.0052919
0.614106
-0.12159
0.496672
0.471469
-0.00132271
0.578127
0.588012
0.609499
-0.0698537
0.587247
0.476993
0.581145
-0.0864334
0.478164
-0.0321095
0.580557
-0.128094
0.585575
0.595762
0.577716
0.490537
-0.00445308
-0.130941
0.579149
0.455153
-0.0108778
0.585824
0.594922
-0.129481
0.563369
0.581819
-0.0147916
0.580439
-0.137799
-0.134045
0.511434
0.562475
0.00760886
0.583535
-0.129632
-0.0918502
0.586197
-0.0103359
-0.0319141
-0.194388
0.561528
0.597524
0.566029
-0.00905582
-0.133492
-0.186052
0.57952
0.581643
0.586945
-0.0104486
0.569451
-0.128892
0.597534
-0.187223
0.57576
-0.00848322
0.569632
0.557797
-0.0878664
-0.267331
-0.0125485
-0.180593
0.576093
-0.0818536
0.562578
0.584465
-0.00416697
-0.00798579
0.586712
0.57918
-0.0915703
-0.181708
0.571888
0.574171
-0.0127196
0.003093
-0.189075
0.567924
-0.19147
-0.0866248
-0.0202825
-0.0918427
-0.000448504
0.569923
-0.189518
0.570175
0.584547
-0.0209108
-0.195836
0.580592
0.566689
-0.19061
-0.00592348
-0.0189844
0.564523
-0.023206
-0.0967881
-0.18383
0.538639
0.547293
0.565678
-0.0207668
-0.0958387
0.568334
-0.0181587
-0.016555
0.56475
-0.021032
0.576536
-0.092322
-0.103149
-0.0165923
-0.0208475
0.563798
-0.174801
0.58945
-0.076682
-0.0212123
-0.17431
0.567022
-0.0154869
0.549953
-0.178355
-0.0212606
-0.0843494
-0.174081
0.57272
0.552667
-0.102601
-0.023102
0.547409
-0.184082
-0.0187022
-0.0187024
-0.146874
-0.0799611
0.549048
0.569135
0.558243
0.584677
-0.017669
-0.115689
0.557222
0.544895
-0.164031
-0.0770273
-0.0168354
-0.102263
0.562501
-0.0112971
-0.147531
0.55541
-0.011526
0.554857
0.584759
-0.0746695
0.581244
-0.0171843
0.552001
-0.100355
-0.0110406
0.571086
-0.00756442
0.576063
0.594967
-0.0629834
-0.0901907
-0.149063
0.60359
0.00499395
-0.0799245
-0.141018
0.570431
0.00698826
0.589014
0.00323364
-0.0800956
-0.125076
0.00959379
-0.0610438
-0.133808
0.597776
0.581713
0.0142009
-0.0169048
0.606157
-0.0457675
-0.0596702
0.0127253
-0.124572
0.0142465
0.580467
-0.039941
0.609599
0.0193536
-0.116822
-0.0704074
0.617747
0.587941
-0.0432292
0.0168007
-0.113596
-0.123121
0.604423
0.584818
0.0162708
-0.047052
0.610981
0.0132028
-0.12011
0.576141
0.623753
-0.118529
0.0116632
0.0222444
0.577257
0.608302
-0.0442168
0.615768
0.012002
0.571214
-0.115569
0.0135525
-0.112012
-0.0678029
0.013046
-0.0433676
-0.0839236
0.0114955
0.610342
0.605765
0.607708
0.578328
0.00702083
0.575694
-0.0501041
0.615453
-0.117377
-0.0452513
0.615583
0.57338
0.612878
-0.0762148
-0.0698816
0.0198248
0.621843
0.571999
-0.0921468
-0.123707
-0.0552461
0.607634
0.00487342
0.613765
-0.0745177
0.00916412
-0.113721
-0.118614
0.573797
0.0186298
0.614927
-0.0481737
-0.11423
-0.0314851
0.573557
-0.117845
0.58232
0.608764
-0.0563401
0.57157
0.0238153
0.0125738
0.572967
-0.00347725
0.606404
0.0170946
-0.0527766
-0.116306
-0.047497
-0.117667
0.0233311
0.581742
0.608979
-0.0825309
0.519566
-0.0494522
-0.0422859
0.0235842
0.612004
-0.113541
0.55413
0.601866
-0.111192
-0.0458014
0.588205
-0.114909
0.611109
0.522097
0.00382975
0.58369
-0.113468
-0.0463073
-0.107911
-0.0466973
0.53472
0.583537
0.613941
-0.107679
0.0251833
-0.0155803
0.536911
-0.0416817
0.0183189
0.615349
-0.109463
-0.04077
0.59583
-0.103235
0.0266904
0.517341
0.617356
-0.0411218
0.0229176
-0.0728002
0.0312611
0.58353
0.502884
0.580172
0.612657
0.024586
0.0315869
-0.0719246
-0.0427328
-0.106777
0.525268
0.0268446
0.616803
0.587294
-0.0374927
-0.103755
-0.0688026
0.0350866
0.514784
-0.0995156
0.62144
0.0388163
-0.000507229
-0.0337264
0.499836
0.590272
-0.035014
-0.034557
0.0339055
-0.099195
-0.103683
0.608298
0.483327
0.585991
0.619385
0.612148
-0.100967
-0.0366308
0.477629
0.582416
0.609945
-0.038609
-0.106554
-0.0372203
0.474518
0.581427
0.610522
-0.0437066
-0.105782
-0.0468113
0.00979896
0.0342806
0.473879
0.58184
-0.109829
0.0227821
-0.045696
-0.03948
0.606289
-0.106863
0.00579748
0.580287
0.609868
0.0235601
-0.0810911
-0.0521306
-0.114256
-0.0504718
0.580237
0.0211374
0.00539348
-0.113916
-0.0833322
0.609847
0.577329
0.606107
-0.0479156
0.021862
-0.0493987
0.599726
0.574486
-0.0529729
-0.117586
-0.0326362
0.576424
0.603485
0.0173306
-0.11197
0.00126139
-0.113179
-0.0495348
-0.0487977
0.573573
0.61276
-0.114722
-0.110558
-0.0159689
-0.0485059
-0.113134
-0.0495568
0.0216612
0.608165
-0.0487934
0.0184684
0.579617
0.609879
0.0188248
0.57817
-0.0467925
0.00400159
-0.0774602
0.599077
-0.0471381
0.022876
0.584791
-0.0141954
0.603827
0.569158
-0.0139935
-0.082992
0.019998
-0.0510818
-0.0302093
0.602321
-0.0525775
0.569422
-0.0687248
-0.0193643
-0.0797949
-0.0452308
0.574638
-0.119797
-0.05414
0.0154556
-0.113142
-0.120384
-0.0469786
0.597177
0.57426
0.0141889
0.0175661
-0.0845121
-0.0547212
0.0118968
-0.0871711
-0.0459942
-0.0573029
0.568441
0.597412
0.584393
-0.122488
-0.0843803
-0.00655679
0.568362
-0.115017
-0.0548418
0.58842
0.0185339
-0.0239757
-0.0540392
-0.116106
-0.0318532
0.59055
-0.00586822
-0.0541276
-0.111597
-0.119647
0.0172219
-0.0480728
0.585165
0.012674
-0.054822
-0.0486604
-0.0680335
-0.119739
-0.0038572
0.0190874
-0.116151
-0.0571163
-0.118876
-0.0340524
-0.0678589
0.0147986
-0.120401
0.599948
-0.114453
0.0142169
-0.0713077
-0.0536537
-0.121653
-0.0680842
-0.0237245
-0.115644
0.0130002
0.013609
-0.051731
-0.00915037
-0.122858
-0.0553906
-0.0784501
-0.12283
-0.117034
-0.0450789
0.0119305
0.0145826
0.595451
-0.0481036
-0.00677504
0.0157942
-0.115126
-0.107007
-0.0522522
-0.0490745
-0.0478765
-0.0523412
-0.114899
-0.00992789
-0.0833897
-0.0489669
-0.121414
-0.0112253
-0.0532041
-0.107151
-0.0805516
-0.0506763
-0.00793386
-0.00852755
-0.048757
-0.106476
-0.0522254
-0.0114134
-0.00837018
-0.0275578
0.015911
-0.0500222
-0.0106212
-0.117404
-0.10649
-0.0679853
0.016453
-0.011464
-0.0229313
-0.107147
-0.0790112
-0.119151
-0.0549041
-0.0707626
-0.0515287
-0.0137279
-0.121366
-0.0111758
-0.0870795
0.016807
-0.0122962
-0.0485978
-0.116917
-0.119769
-0.0521143
-0.0498826
-0.0847338
-0.0154662
-0.0518447
-0.0826707
-0.0466241
-0.0496512
-0.114403
-0.117727
-0.0776657
-0.117909
-0.320217
-0.00891797
-0.0829625
-0.0460212
-0.00849147
-0.0487367
-0.00962386
-0.0506076
-0.114789
-0.00935964
-0.00596277
-0.315037
-0.114888
-0.0475668
-0.114586
-0.010957
-0.0217582
-0.0460928
-0.0688807
-0.0808813
-0.0490575
-0.11499
-0.306015
-0.114855
-0.0143614
-0.0108633
-0.0745777
-0.118195
-0.0127214
-0.0558842
0.219194
-0.0143168
-0.120709
-0.0902252
-0.0532921
-0.053927
-0.00366054
-0.333001
-0.0898335
-0.063696
-0.00863959
0.584192
-0.0596358
-0.0271397
-0.0589751
0.0109541
-0.124114
-0.0418672
-0.315678
-0.0918812
-0.123311
-0.0952649
-0.0449518
-0.0259195
-0.0587218
-0.0599742
-0.0430988
-0.0260486
-0.059862
0.209668
-0.0634204
-0.128723
-0.029807
-0.0117645
-0.0210901
-0.063223
-0.100785
-0.0308375
-0.0640535
-0.0138624
-0.120241
-0.0643158
-0.0664747
-0.0655895
-0.0316208
-0.103238
0.197052
0.00215228
-0.121741
-0.123709
-0.0702568
-0.0159549
-0.0333488
-0.103578
0.00125448
0.190369
-0.0700981
-0.0371487
-0.0179543
-0.125403
-0.0357064
0.190326
-0.0703859
-0.0365227
-0.088903
-0.0366704
-0.125093
-0.00276831
-0.0701213
-0.0705343
0.187721
-0.0211875
-0.0389445
-0.0735726
-0.129339
-0.0574821
-0.0732326
0.185822
-0.12823
-0.108725
0.183689
-0.038777
-0.0224403
-0.0228033
-0.0581362
-0.0734838
-0.10896
-0.128582
-0.0395625
-0.0222277
-0.0225521
-0.0731749
-0.126936
-0.073536
-0.0907402
-0.128565
0.184245
-0.0224984
-0.0743588
-0.0740418
-0.109322
-0.0757156
0.181044
-0.0413968
-0.131282
-0.0237088
-0.00524642
-0.0746292
0.178272
-0.0412423
-0.131711
-0.0413986
-0.0243215
-0.0238544
-0.0603136
0.177506
-0.127357
-0.0577304
-0.0236268
-0.0395186
0.182469
-0.0419745
-0.0593103
-0.0749748
-0.0409828
-0.0237089
-0.0413388
0.181926
-0.0759076
-0.00642789
-0.0413006
-0.0411388
-0.0235003
-0.0399649
-0.0598857
-0.0744693
-0.0404484
-0.109456
-0.0576071
-0.0404098
-0.127499
-0.0228832
-0.108886
-0.0748712
-0.0401902
-0.023052
-0.0573066
-0.0746187
-0.073849
-0.129976
-0.0217388
-0.0564045
-0.0732908
-0.03913
-0.0390825
-0.0562221
-0.128703
-0.022086
-0.0206051
-0.0709763
-0.0549284
-0.037242
-0.0700781
-0.0540606
-0.0372618
-0.0689342
-0.0552604
-0.0374955
-0.0373264
-0.0204535
-0.0557497
-0.0367406
-0.0201564
-0.017808
-0.0350672
-0.0357931
-0.0533184
0.01015
-0.0606664
-0.0573881
-0.288702
-0.058883
-0.130576
-0.0385487
-0.0211554
-0.0538062
-0.0912524
-0.0391683
-0.0216409
-0.0743053
-0.000631406
-0.0534881
-0.0541827
-0.0307779
-0.0307499
0.0209287
-0.0491007
-0.0311034
-0.0159255
-0.0481751
-0.0858375
-0.0794409
-0.0263372
-0.0266238
0.0345249
0.0235454
-0.0606765
-0.0113913
0.00867698
0.0402437
-0.0258933
-0.032583
-0.0156793
-0.0148443
-0.032868
0.0353475
-0.0323829
0.0368749
-0.0147761
0.0369987
-0.0572478
0.0134917
0.0305227
-0.0370061
0.0130688
0.0310817
-0.00151318
-0.251359
-0.225606
-0.0102113
-0.0105643
0.00869059
0.00803389
-0.00982613
0.00693571
0.0583707
-0.0471836
0.0136818
0.0135453
0.0640936
-0.00375868
0.0134806
-0.0406202
0.0312322
-0.0199911
0.0666441
-0.191482
0.0210868
-0.0341308
0.0211168
0.0208433
0.00314507
0.00297052
-0.0324419
-0.167803
0.0325221
-0.0227072
-0.0377905
0.0331957
0.0502149
0.0345167
0.0149084
-0.148031
-0.0143077
0.00549904
0.0545561
0.0220098
0.0569468
0.0224817
-0.130717
0.0298783
0.0129704
0.0483825
0.0476973
0.029971
0.0797408
-0.122873
0.0523024
-0.00385296
0.0674546
0.050271
-0.0190392
-0.00258781
0.0165094
-0.084875
-0.00351624
0.0109691
0.0302577
0.0647351
0.0977733
0.0639574
-0.643626
-0.0579862
0.0220245
0.00786359
0.0770573
0.0903414
0.0754665
0.0905
0.110908
0.107595
-0.0377265
-0.937981
0.0151645
0.0291572
0.0847666
0.099667
0.0829351
0.0658353
0.0826636
-0.0222689
-0.327133
0.0907428
0.0363802
0.107274
0.0899856
0.122645
0.0897004
-0.0125333
-0.826779
0.0401756
0.059749
0.108328
0.0945103
0.149622
0.151966
0.0893115
-0.533773
0.105202
0.156413
0.155904
0.0962397
0
0
0
0.112556
0.0824241
-0.253799
0
0
0
0.123239
-0.230725
0.140784
0
0
0
0
0.13011
0.14735
0.13857
0.09631
0
0
0
0.133557
0.150419
0.147981
0.100495
0.153829
0.134423
0
0
0.145088
-0.367707
0.13857
0.09631
0.14853
0.130919
0.151395
-0.333099
-0.40894
0
0
-0.30096
-0.0296014
0
0
0
0
-0.266748
0.149855
0
0
0
0
-0.237716
0.138598
0
0
0
-0.220924
0
0
0
0
-0.178847
0
0
-0.158324
-1.16629
-0.0234825
-0.00994984
0
0
-0.110597
0.00832743
0.0224521
-0.0159208
0
0
0
0.0248663
-0.867211
-0.00994984
0
0
0
0
0
-1.6248
0.00832743
-0.914388
0
0
0
-1.57129
-0.74777
0
0
0
0
0
-0.708229
-0.812171
0
0
0
0
0
0
0.28494
0
0
0
0
0
0
0.0660161
0
0
0
0
0
0
0
0.123703
0
0
0
0
0
0
0.631148
0
0
0
0
0
0
0
0.217344
0.218578
0
0
0
0
0
0.251532
0.2497
-0.12161
0.420997
0
0
0.337985
0.302964
0.451935
-1.14471
-0.798917
-1.14637
0.208533
0.409885
0.380405
-0.650481
-0.748555
0.489861
-0.146784
0.182993
0.450124
0.442192
0.258087
-0.821945
0.208533
-0.257236
0
0
0.471604
0.46787
0.564313
-0.796392
-1.21335
-0.0309203
0.782235
0.518443
0.508886
0.616739
-1.17877
0.0523094
-1.37027
-0.0750867
0.609344
0.595442
0.31817
0.126604
-1.27612
-0.86154
-0.882555
-0.882155
0.374514
-0.959445
-0.276134
-0.886366
-0.793047
0.453593
-0.910341
-0.358591
-0.825441
-0.175825
-0.810715
0.498016
-0.688529
0.689669
-0.874908
-0.76896
-0.821269
0.953131
1.0264
0.90611
-0.0949883
-0.184197
-0.156695
0.544315
-0.260487
-0.301275
-0.0971915
0.284434
-0.111864
0.583628
-0.176832
-0.247239
-0.0416626
-0.236134
-0.108404
-1.34883
-0.0796589
-0.245543
-1.48954
-0.231209
-0.091303
0.599248
-1.14451
-0.08436
0.0119929
0.73705
-1.2462
0.0199603
-0.0131658
-1.09663
-1.31761
0.297993
-0.0672946
0.0535058
0.0661962
0.671947
0.112543
0.0199603
0
0
-0.901918
0.195277
-1.16739
-1.22551
0.078631
0.0820717
0.980358
-1.11631
0.355789
0.114821
0.0695207
0.89397
0.212123
0.188994
-1.08672
0.0700757
0.20991
0.116997
0.351662
0.193667
0.885005
0.0636602
0.211199
-1.14821
0.978546
-1.09927
-1.25481
-0.868793
0.153803
0.0677633
0.207334
-1.08742
0.349925
0.0681635
0.193025
0.744904
0.211659
-1.25266
0.918483
0.296973
0.0739785
-0.852775
-0.596096
-1.01183
-0.936114
0.0678161
0.354428
0.0718715
0.742933
-1.14297
0.210032
-1.10467
0.352532
0.0681921
0.976034
0.190987
0.0720777
0.20966
-0.943302
0.209895
0
0
0
0
0
0
-0.84659
-0.931169
0.709168
-0.943004
0.369164
-0.755881
0.361886
-1.13667
0.132367
0.203726
1.01791
0.218327
0.323183
0.206714
0.379266
0.133749
-1.1337
0.375826
-0.915585
-1.12114
0.718546
-0.608137
-1.21516
0.314444
0.381876
-1.12097
-1.23158
-1.11301
0.386432
0.225589
0.103397
0.101958
0.234658
-1.0849
-1.17985
0.108304
0.183597
-1.20628
0.229241
0.332059
-1.17458
-1.08312
-1.22669
0.21471
0.23749
-1.07191
0.321711
-1.20359
0.409108
0.1912
0.1146
-1.20285
0.325448
0.191259
0.408005
-1.08944
0.118878
-1.19556
0.241359
-1.07612
0.3327
-1.08693
0.830967
0.245012
0.167464
-0.841855
-1.17843
0.32859
-0.879745
0.41679
0.162784
-1.16823
-1.17394
-1.056
-0.846678
0.321704
0.130062
-1.18232
0.170096
0.250609
-0.857041
-1.18013
0.43654
0.845334
-1.13978
-1.06516
0.324589
0.216709
0.130824
-1.05641
-1.1794
-0.847927
-1.18559
0.326623
0.428016
0.856882
0.852166
0.135016
-1.06695
-1.14531
0.321498
-0.826635
0.848164
-1.11001
0.182925
0.140449
-1.08409
-1.12421
-1.1219
0.186893
0.319722
0.431174
-0.8352
-0.881412
-0.831376
0.325349
-0.302802
-1.15498
0.443557
-1.1746
0.14951
0.188454
0.33037
-1.0175
-1.11291
0.447242
-1.10945
0.229099
-1.10393
-1.00997
0.451402
0.326551
0.258533
-1.09557
-0.993172
0.325494
-0.805649
-1.08205
0.461929
0.255046
0.3362
-1.08149
-0.979524
0.461619
0.157306
0.336198
-0.989693
0.47033
-0.806468
-1.11043
0.771148
0.155978
-0.805798
-0.977255
-1.06211
0.338457
0.467495
0.867399
-0.983498
-1.08324
0.332678
0.474313
0.202004
0.278338
0.341389
0.466912
-1.08524
-0.998344
0.251312
0.162705
-0.978997
-1.05142
0.252554
0.468445
0.340463
-0.795303
0.259931
-0.787382
-1.05459
0.469704
-0.824947
0.251325
0.160557
0.205968
-1.05657
-0.979198
-0.768965
0.163382
0.477295
0.351673
-0.7914
0.262495
-0.789166
-0.849875
-1.00388
0.482023
0.165691
0.264409
-0.837713
-0.776631
0.477854
-0.997184
0.214393
0.169656
-0.770974
0.485423
-0.972703
0.207144
0.167681
0.267087
-0.768568
-0.957981
0.489257
0.216012
0.173746
0.251779
0.656125
-0.764334
-0.964562
0.485255
0.420085
0.20308
0.270385
-0.768269
0.417587
0.274973
0.484688
0.177154
0.180456
0.29675
-0.751912
-0.445104
0.490306
0.177756
0.221907
-0.765023
0.429771
-0.736752
0.493644
-0.443316
0.215426
-0.755464
0.452654
-1.02613
0.494679
-0.449939
0.21076
0.278443
-0.736111
0.499631
0.451669
0.223799
-0.830502
-0.446506
0.279345
0.432259
0.493962
0.901172
-0.739033
0.277439
0.225541
0.27506
-0.452322
0.489272
-1.03981
0.223469
0.451899
0.279924
-1.01921
0.425733
0.503654
0.911265
-0.443999
0.310785
0.232414
-1.00653
0.510204
-0.732603
0.501159
0.186983
0.18321
-1.02795
0.225994
0.509713
0.898012
0.312502
0.35581
-1.02628
0.313167
0.898721
0.184483
0.364641
0.230414
0.215994
-1.00943
-1.02739
0.229291
0.489537
0.186883
0.359195
0.317114
0.910631
0.509076
0.492442
-1.04326
-1.01524
0.289902
0.236409
-0.729314
0.19159
-0.754054
0.507785
-1.06077
-1.04598
0.2267
0.223696
-1.08032
0.193879
0.238194
0.297328
0.501485
0.284619
0.196188
-1.04693
0.244204
-0.734612
0.306473
0.195053
0.92912
-1.06274
0.198451
0.232155
0.29407
-1.02124
0.236114
0.216229
0.534805
-1.01725
0.203576
0.526602
0.247142
0.314458
0.202251
0.278498
0.299796
0.239215
0.518993
-0.694987
-0.735106
0.208837
-0.989438
0.301877
0.253081
-0.731124
0.526183
-1.03217
0.206585
0.908518
-0.741003
0.322238
0.211639
0.304738
-1.00017
0.209012
0.252336
0.306836
0.324795
0.21481
-0.724197
-1.02835
0.531793
-0.727333
0.261651
0.216243
-1.00601
0.213697
0.317355
0.304171
0.543923
0.265013
0.305024
-0.72257
0.309049
0.257683
0.216698
0.681813
0.556601
-0.716531
0.312202
0.234678
0.32577
0.267311
-0.694381
-0.717204
0.585158
-0.700565
-0.681255
0.277639
0.340225
0.243145
0.263501
0.321112
0.569918
-0.698408
-0.685781
0.333366
0.274899
-0.718293
0.25194
0.240717
0.226891
0.329256
-0.684338
-0.703825
0.242584
0.592437
-0.693309
-0.696321
0.575246
0.230822
0.230326
0.25669
0.277581
0.308065
-0.703665
-0.692143
0.600718
0.281972
0.249865
0.2621
-0.714475
0.344559
-0.705195
-0.695585
-0.645632
0.626112
0.281486
0.336268
0.345285
0.267974
-0.689328
0.621463
-0.692521
-0.702288
0.283427
0.236128
0.312294
0.268503
-0.691759
-0.697122
-0.69324
0.586439
0.291605
-0.685909
-0.688514
0.586634
0.289253
0.318145
0.321917
-0.674322
0.646914
-0.689843
0.318525
0.255441
0.574281
0.293612
-0.677382
0.651061
-0.617346
0.291444
0.357081
0.571269
0.324012
-0.666666
-0.621044
0.596801
0.300273
-0.654396
-0.669831
-0.921627
-0.623925
0.668743
0.262657
0.332228
0.350681
0.298581
0.282658
-0.678279
0.598421
-0.622924
0.33528
-0.675829
0.605151
-0.63057
-0.661129
-0.659497
-0.622741
0.600304
-0.667718
0.28133
0.339583
0.265905
0.30405
-0.651516
0.597389
-0.588193
0.26137
0.263385
0.261238
0.299106
0.240809
0.271033
0
0
0
0
0
0
0
0.240633
0.299106
0
0
0
0
0.610578
0.679955
0
0
0
0
0.609208
0.675969
0
0
0
0
-0.639094
0
0
0
0
0
0.616755
0
0
0
0
0.610248
0
0
0
0
0
0.131236
0
0
0
0
0
0.132039
0
0
0
0.145438
0
0
0
0
-0.0694423
0
0
0
0
-0.0713996
0
0.272214
0
0
0.272255
0
0
0
0
0
0.272214
0
0
0
0
0
0
0
0
0
0
0
0
0
0.274397
0.272418
0.273335
0
0
0.272858
-0.146494
0.275247
0
0
0
0
0.274844
0.275065
0
0
0
0.273888
0.274407
0.273729
0
0
0.273888
-0.929521
0.27466
0
0
0.274479
0.274419
0
0
0
0
0
0.273412
0.273847
0
0
0
0
0.272937
0.139096
0
0
0
0
0.13949
0.0938027
0
0
0
0.138833
0.12521
0
0
0
0.139227
0.124521
0
0
0.13949
0.125898
0.274031
0.273707
0
0
0.139227
0.0933764
0.274987
0.272752
0
0
0.139096
0.0928647
0
0
0
0.139227
0.0932058
-0.0734177
0
0.141216
0.0954166
-0.0715306
0.275192
0.14095
0.0949821
-0.0720431
0.274713
