0.303625
0.303625
0.303625
0.303625
0.303625
0.493878
0.493878
0.493878
0.493878
0.616465
0.616465
0.616465
0.616465
0.616465
0.737794
0.737794
0.737794
0.89616
0.89616
0.89616
0.89616
0.951861
0.951861
0.951861
1.04278
1.04278
1.04278
1.16638
1.16638
1.16638
1.16638
1.30039
1.30039
1.36909
1.36909
1.36909
1.52895
1.52895
1.60132
1.60132
1.60132
1.60132
1.60132
1.69407
1.69407
1.69407
1.69407
1.87077
1.87077
1.87077
1.87077
1.9862
1.9862
1.9862
1.9862
2.03745
2.03745
2.03745
2.15035
2.15035
2.15035
2.47806
2.47806
2.5807
2.5807
2.5807
2.68168
2.68168
2.68168
2.68168
2.86169
2.86169
2.86169
2.99832
2.99832
3.08303
3.08303
3.21429
3.34266
3.34266
3.34266
3.46102
3.46102
3.46102
3.46102
3.63307
3.63307
3.63307
3.68309
3.68309
3.68309
3.77974
3.77974
3.77974
3.77974
3.90057
3.90057
3.90057
4.00616
4.00616
4.00616
4.15875
4.15875
4.15875
4.15875
4.3082
4.3082
4.3082
4.3082
4.3082
4.40174
4.40174
4.40174
4.40174
4.40174
4.46725
4.46725
4.46725
4.46725
4.54896
4.54896
4.54896
4.65046
4.65046
4.65046
4.65046
4.76689
4.76689
4.76689
4.76689
4.76689
4.90255
4.90255
4.90255
4.97025
4.97025
4.97025
5.07562
5.07562
5.07562
5.07562
5.07562
5.19888
5.19888
5.19888
5.3015
5.3015
5.3015
5.45821
5.45821
5.45821
5.45821
5.56622
5.56622
5.56622
5.56622
5.56622
5.68793
5.68793
5.68793
5.68793
5.68793
5.68793
5.79649
5.79649
5.79649
5.8488
5.8488
5.8488
5.8488
5.8488
5.93294
5.93294
5.93294
5.93294
5.93294
6.05647
6.05647
6.05647
6.05647
6.21521
6.21521
6.21521
6.21521
6.21521
6.2786
6.2786
6.2786
6.2786
6.2786
6.39181
6.39181
6.39181
6.50609
6.50609
6.50609
6.50609
6.50609
6.61765
6.61765
6.61765
6.61765
6.61765
6.61765
6.81954
6.81954
6.81954
6.81954
6.81954
6.94772
6.94772
6.94772
6.94772
6.94772
6.94772
7.05864
7.05864
7.05864
7.05864
7.21547
7.21547
7.21547
7.21547
7.3576
7.3576
7.3576
7.3576
7.3576
7.50156
7.50156
7.50156
7.50156
7.50156
7.65371
7.65371
7.65371
7.65371
7.65371
7.79142
7.79142
7.79142
7.79142
8.06766
8.06766
8.06766
8.06766
8.06766
8.18293
8.18293
8.18293
8.18293
8.18293
8.3333
8.3333
8.3333
8.3333
8.3333
8.48319
8.48319
8.48319
8.48319
8.60463
8.60463
8.60463
8.75294
8.75294
8.75294
8.75294
8.75294
8.88017
8.88017
8.88017
8.88017
9.01928
9.01928
9.01928
9.16028
9.16028
9.30223
9.30223
9.30223
9.30223
9.41809
9.41809
9.41809
9.41809
9.57367
9.57367
9.57367
9.57367
9.73475
9.73475
9.73475
9.73475
9.94231
9.94231
9.94231
10.0676
10.0676
10.0676
10.0676
10.1345
10.1345
10.1345
10.1345
10.2698
10.2698
10.2698
10.2698
10.3985
10.3985
10.3985
10.3985
10.5473
10.5473
10.5473
10.5473
10.5473
10.7164
10.7164
10.7164
10.7164
10.8386
10.8386
10.8386
10.8386
10.8386
10.9688
10.9688
10.9688
10.9688
10.9688
11.0926
11.0926
11.0926
11.0926
11.0926
11.2452
11.2452
11.2452
11.2452
11.352
11.352
11.352
11.352
11.352
11.4864
11.4864
11.4864
11.4864
11.6482
11.6482
11.6482
11.6482
11.6482
