3.34433
3.32633
3.34433
3.32633
2.42433
3.33952
3.33952
3.35752
3.33952
3.33496
3.38696
3.33496
3.36996
2.41496
3.33496
3.33496
3.35196
3.31316
3.34816
2.40216
3.31316
3.32586
3.36083
3.34425
3.31237
2.39581
3.33105
3.34315
3.32611
3.34317
2.44817
3.37298
3.35724
3.29601
3.31149
3.31286
3.36774
2.42407
3.31092
3.29587
3.34775
3.31094
2.45949
3.32577
3.30679
3.34378
3.3416
3.3477
3.32843
3.33053
2.41229
3.32169
3.35401
3.37378
3.35415
3.3404
3.32255
3.32565
3.34
3.32214
3.34353
3.35904
5.33584
3.3046
3.30942
3.28879
3.29977
3.32155
3.30551
3.36326
3.30451
3.28267
3.257
3.28504
5.447
3.3056
3.32313
3.27484
3.26898
3.25014
3.25522
3.2667
3.28267
3.28187
3.26776
3.22273
3.26593
3.29942
3.27782
7.19137
3.26795
3.21075
3.26283
3.28696
6.96582
3.19494
3.28808
3.2825
3.2726
3.29076
3.22754
3.27212
3.26413
7.00438
3.21468
3.25617
10.2337
7.08634
3.22948
3.24769
3.22478
3.22087
9.95002
3.22971
7.10508
3.22958
3.2296
7.03424
3.23739
3.22199
3.18921
7.28585
9.705
6.94244
3.22146
3.21817
3.18853
6.90835
3.23267
3.18456
3.21229
3.18597
6.98626
3.22194
6.88687
3.19143
3.19542
6.91578
3.21889
3.20396
3.23857
3.21848
7.05768
3.2247
9.95587
7.07628
3.13335
3.17871
6.96933
10.4545
3.14548
3.15616
6.85085
3.16967
3.21744
10.5216
3.16961
7.00833
3.17101
3.1653
3.1423
3.17171
10.3975
6.89763
3.15281
9.9754
7.10006
3.13973
3.1741
3.16443
3.15625
6.78339
3.14223
3.14105
3.11915
3.14662
6.88718
10.3195
3.14746
3.15238
7.13885
3.13689
10.0387
3.19193
3.12925
6.53574
3.16848
3.17289
10.2171
3.19185
6.74761
3.14046
3.13609
6.54493
3.15206
3.1854
3.17024
3.17806
6.66344
3.11833
3.1173
3.10648
10.7496
3.11785
6.61164
3.11616
3.10151
10.0711
3.11097
7.0195
3.12066
3.112
10.8301
3.11874
3.10485
6.65034
3.10318
9.84705
3.09821
6.73915
3.1247
3.10413
3.1247
3.09758
6.55241
3.08841
3.08845
3.09145
10.7893
3.10773
6.55726
3.0946
3.08416
10.6773
3.09336
6.59617
3.08298
3.07132
6.52956
3.0537
10.6985
3.07704
3.06866
6.49996
3.08542
3.10488
9.47574
3.0685
6.50007
3.17347
10.7413
3.17107
2.95548
3.06841
10.4093
3.08158
3.04627
2.07526
3.08637
3.07085
10.4145
3.07021
10.4144
10.4193
10.4565
14.4161
14.2241
2.07101
10.4143
2.07101
6.15088
5.87812
-1.47263
-1.47261
2.2255
1.92608
-1.47232
0.646244
1.31383
-1.46973
2.22763
-1.58299
-1.46914
-0.252829
0.927975
-2.11719
-1.46294
-1.46236
-2.11015
-0.306395
-1.46534
-2.44819
-1.6842
-0.34047
-1.47396
-3.0453
-1.06533
-3.12511
-1.47484
-1.30192
-1.44937
-1.47871
-3.12546
-1.03617
-0.975674
-1.47463
-0.978054
-3.12729
-0.959802
-1.47179
-1.42444
-3.39769
-0.939804
-1.4717
-3.52143
-1.46457
-1.44564
-1.44833
-1.46581
-3.55303
-1.40968
-1.48704
-1.47833
-3.53454
-1.37895
-1.44131
-1.46414
-1.48211
-3.46497
-1.42264
-1.45073
-1.37263
-1.47886
-1.51193
-3.37785
-1.341
-1.49009
-1.48219
-1.5116
-3.2556
-1.18917
-1.49214
-3.2551
-1.17988
-1.49191
-1.54596
-1.49189
-1.44842
-1.44364
-3.37271
-3.43368
-1.48613
-1.45149
-1.48235
-1.51224
