1.02454
1.14856
1.15311
1.02885
-0.953765
1.14971
1.03441
1.15556
1.02272
1.02761
1.165
1.14926
1.03157
-0.928407
1.15525
1.1536
1.03137
1.14908
1.15894
-0.958716
1.02126
1.14887
1.1584
1.02569
1.14572
-0.947917
1.02132
1.15672
1.03055
1.15486
-0.961538
1.16346
1.03081
1.01488
1.1456
1.02787
1.16605
-0.928741
1.1482
1.02124
1.02974
1.1467
-0.973993
1.03581
1.15171
1.03555
1.16367
1.02818
1.15057
1.03727
-0.95348
1.04261
1.16903
1.03905
1.16229
1.16607
1.15969
1.03188
1.1602
1.15504
1.03343
1.18535
-0.871452
1.16541
1.03874
1.16013
1.16568
1.04226
1.04258
-0.881552
1.16717
1.28812
1.15584
1.04082
-0.722316
1.19663
1.06431
1.14116
1.0549
1.1799
1.04558
1.05203
1.17958
1.18629
1.0432
1.0226
1.03409
1.18724
1.03534
-0.735181
1.16603
1.14358
1.03519
1.11616
-0.714208
1.07469
1.17823
1.04028
1.03446
1.18029
1.09288
1.04219
1.16367
-0.711366
1.09273
1.03255
1.5431
-0.729662
1.02701
1.16129
1.02166
1.08278
1.46776
1.14817
-0.754384
1.1518
1.15146
-0.764954
1.02836
1.15133
1.06879
-0.808351
1.40166
-0.773734
1.10782
1.15872
1.1351
-0.785917
1.02524
1.00975
1.15528
1.13855
-0.807087
1.15571
-0.797551
1.13759
1.07762
-0.794425
1.15611
1.01913
1.02613
1.16216
-0.819704
1.03649
1.40846
-0.836397
0.994831
1.14185
-0.811017
1.46422
1.05722
1.06253
-0.771825
1.13966
1.03632
1.51837
1.14055
-0.78149
1.00049
1.0879
0.995125
1.14311
1.52051
-0.766633
1.07966
1.44461
-0.802741
1.09348
1.00867
1.00315
1.13374
-0.785385
1.06521
1.0846
0.983479
0.993036
-0.786973
1.47831
0.995757
1.06435
-0.831552
0.994884
1.45659
1.01307
1.12708
-0.751725
1.09562
1.01603
1.49663
1.01728
-0.802347
1.1186
1.04965
-0.74352
1.00066
1.01403
1.14917
1.1529
-0.767183
1.11999
0.988586
1.04138
1.5624
1.12898
-0.757381
0.989196
1.11668
1.46043
1.08897
-0.821356
1.11001
0.988038
1.55266
0.993065
1.12516
-0.787496
0.982288
1.41162
1.07943
-0.798898
0.994776
1.12268
0.994816
1.07689
-0.783248
0.982338
0.981563
1.05977
1.51573
1.09505
-0.780224
0.981158
1.04752
1.49869
1.12691
-0.777865
0.978755
1.0689
-0.782564
1.01953
1.50956
1.03245
1.0309
-0.766185
1.03582
0.98994
1.33139
1.03376
-0.76836
1.05047
1.49973
0.982779
1.05733
1.0356
1.4604
0.974727
0.960572
0.903859
0.977809
1.07531
1.45716
1.08538
1.45865
1.4609
1.4571
3.66712
1.53324
0.910991
1.4601
0.911035
3.25917
1.0733
2.63821
2.63812
3.3569
5.41559
2.63743
5.65346
6.20946
2.63354
3.35372
0.769755
2.63306
7.47519
5.48213
1.74848
2.62999
7.40065
1.745
5.59542
2.63064
6.91621
1.5484
6.48171
2.59245
6.03187
5.76131
7.28887
2.59249
6.1895
1.78391
2.63047
7.28886
6.83951
2.55376
2.59347
2.55376
7.39696
7.27477
2.55743
1.73378
5.55865
7.27452
2.55743
6.24129
5.79643
1.62729
4.50134
2.55748
6.02495
1.71098
4.61038
2.48945
6.2196
1.47373
4.68156
5.79643
2.48952
6.26638
1.43211
4.33027
6.00703
2.48936
1.27251
6.00361
5.69547
2.45488
2.48961
1.35166
6.2904
6.02963
2.49068
6.29034
6.17377
2.45507
1.38776
2.49067
5.43561
1.47492
5.57764
6.13783
2.52165
5.43562
1.96169
1.35167
