1.0214
1.19051
1.32752
1.50233
1.61907
1.82751
1.95234
2.2058
2.33227
2.49885
2.62157
2.81146
2.93596
3.06932
3.1935
3.32213
3.45874
3.6224
3.75072
3.88429
4.02175
4.16459
4.30367
4.43396
4.55932
4.73047
4.863
5.06558
5.19549
5.32331
5.44575
5.66863
5.80222
6.07972
6.20551
6.33803
6.55672
6.70134
6.88774
7.03205
7.16336
7.38145
7.55992
7.70223
7.83068
7.96271
8.21264
8.35776
8.56464
8.68639
8.88819
9.03045
9.1633
9.39373
9.5354
9.69163
9.9386
10.1048
10.3736
10.5463
10.7826
11.0172
11.1435
11.2795
11.5177
11.6723
11.8043
11.9447
12.0645
12.2475
12.3784
12.5006
13.3216
13.5688
13.6752
13.7765
13.8855
13.9733
14.1101
14.2407
14.3386
14.5131
14.6508
14.9113
15.0612
15.2155
15.321
15.4643
15.6207
15.7376
15.8776
16.0081
16.1448
16.253
16.4071
16.5697
16.8629
16.9725
17.1025
17.1945
17.2798
17.3685
17.4937
17.6329
17.7671
17.9124
18.0611
18.1864
18.3021
18.425
18.5636
18.6862
18.8183
18.9329
19.0701
19.162
19.2637
19.3591
19.4724
19.6626
19.7697
19.8817
19.9722
20.0671
20.2303
20.3542
20.4366
20.5303
20.6244
20.854
20.9578
21.0939
21.194
21.2918
21.4884
22.2821
22.4096
22.4995
22.5855
22.7633
22.8581
22.9596
23.1547
23.3264
23.4162
23.5051
23.6648
23.7752
23.8666
23.9782
24.1104
24.2225
24.399
24.4859
24.5772
24.7614
24.8609
25.0436
25.1789
25.3958
25.5155
25.6443
25.7622
25.8992
26.0003
26.1267
26.2178
26.3234
26.4643
26.5754
26.6615
26.7791
26.9142
27.0212
27.2023
27.333
27.4488
27.6519
27.7797
27.8932
28.0627
28.1474
28.2322
28.3311
28.504
28.5914
28.7828
28.9075
29.0357
29.2805
29.3882
29.518
29.6083
29.7024
29.916
29.9972
30.08
30.1559
30.2681
30.3706
30.4628
30.5594
30.6637
30.8651
30.9904
31.0925
31.1874
31.2968
31.4227
31.5565
31.6576
31.7984
31.8841
31.9953
32.1896
32.2738
32.3908
32.4848
32.6014
32.6872
32.7997
32.9095
33.0228
33.1151
33.2414
33.3649
33.5212
33.6087
33.6941
33.8756
33.9821
34.0805
34.1765
34.2957
34.4554
34.5529
34.6721
34.7838
34.9014
35.0216
35.1571
35.2695
35.4091
35.5029
35.6125
35.7102
35.8128
35.9038
36.0247
36.1678
36.2899
36.4343
36.6036
36.78
36.9217
37.0673
37.1824
37.3459
37.4366
37.5277
37.6323
37.8312
37.928
38.0359
38.1414
38.2523
38.3403
38.4592
38.5957
38.7217
38.8536
38.96
39.126
39.2216
39.3085
39.3931
39.4942
39.6964
39.7867
39.8734
39.9659
40.0609
40.1543
40.2436
40.335
40.5005
40.5912
40.7826
40.8984
41.0912
41.1961
41.2908
41.3866
41.4773
41.5955
41.8283
41.9357
42.0459
42.1912
42.2987
42.5096
42.6202
42.8352
42.9447
43.0555
43.2976
43.4965
43.6117
43.724
43.8439
43.974
44.115
44.2473
44.3679
44.6301
44.7687
44.9835
45.1047
45.2242
45.375
45.5018
45.661
45.7958
45.9357
46.0575
